7315
7348
8684
7027
11042
8238
7138
12441
8659
3626
6687
8981
2624
13477
1344
12517
16905
4932
1411
16036
16534
2746
5014
9975
964
9927
970
6896
5923
10522
439
6814
12808
15909
6300
243
16610
8542
9454
6595
4488
646
3002
2941
15734
10995
4335
3982
5683
10637
12701
12709
9911
12178
10542
5994
9063
2454
11518
16661
5615
15798
13634
3111
7562
2533
6704
12110
2278
2562
10725
536
10249
3677
5236
7044
3256
7616
2625
6496
3213
5942
2117
3378
4036
10216
2328
3363
15328
6765
8328
10031
12668
8710
12004
6582
9650
8839
6685
8142
16109
16829
3712
3238
4539
2458
8269
3993
11281
7052
9150
10626
4070
6626
5109
13138
1829
10054
11109
3051
905
10989
7980
7504
11243
10474
12823
12975
10046
16978
13468
2411
8617
4301
6021
10942
16624
7962
10761
16853
7978
15868
4044
16598
16236
11397
2371
10963
16592
1008
2280
1635
3252
7534
299
5443
4368
7023
3447
4298
830
12733
10111
876
467
15545
3338
11615
13531
2357
10032
5870
2372
1670
16836
4513
10621
4299
7912
8664
8186
9283
6532
532
5611
6903
12146
15413
6624
3401
15594
2957
9691
12289
3432
4896
6269
2579
45
5953
6572
9988
7321
5476
3444
11964
5505
3485
9293
6779
4551
4859
1168
1934
4630
7246
9572
3817
12868
5182
7881
1936
9429
6306
7442
16423
10331
10173
9634
4256
13472
4450
16082
7667
2749
4658
11909
4404
1262
7780
8444
3668
9332
3769
2193
8678
16349
15708
3326
7666
1488
5618
12359
5551
1711
1593
579
7953
7215
4706
16668
11873
6156
7416
455
6393
1383
4075
11678
11016
2263
16854
8318
8002
923
15730
5155
9875
6194
9389
16946
13600
11283
1702
7985
8323
1148
1502
8673
8999
8226
9215
15697
4252
5654
1677
2131
3987
5289
827
2502
1795
9388
11689
9483
10203
3425
3351
15727
8756
15615
16076
7550
16383
12329
11532
8634
9410
8383
9245
5563
4377
3733
5672
5060
1040
8567
9684
12704
8242
10264
16547
442
12568
11958
11083
3220
7368
10601
9251
3188
6970
5052
8024
16230
7156
10421
5053
11515
1036
6935
842
7576
3374
16678
807
7625
5685
1932
11660
9696
16435
11767
8847
11869
15722
929
5965
1980
9576
13436
16102
256
113
15684
7544
8196
16299
15621
2511
1163
125
1662
2491
5574
4060
9281
4565
5749
4102
4306
9137
7917
15551
16657
7837
16125
12792
1969
15367
12128
11404
11006
3738
15253
6580
2244
13159
2552
11676
16797
11014
8302
12048
11338
13095
4231
15435
9830
4250
16818
16354
10985
5153
3229
6932
16484
497
15374
7290
12986
4320
15534
12700
7293
3792
13099
4639
16071
5209
8044
8628
8614
13313
3507
10568
3981
3388
4240
10045
2912
11688
1348
7765
1844
7053
3190
7078
5791
9658
5096
7802
3517
13156
11599
9665
9123
7681
12997
16687
989
11396
12916
10355
6392
615
5722
16985
10307
1119
13343
2908
1104
4401
11222
13217
1299
16636
12103
15784
5243
15590
9112
5323
11822
9455
1853
10784
11738
15609
10660
12094
16743
12630
4188
12698
5688
13352
13041
6647
8268
12088
15637
542
15872
10547
9763
11055
8920
1676
6968
3210
9038
10821
8687
5388
3755
4164
359
8209
2374
9412
684
8963
12166
6307
11538
10162
7488
11547
5378
2633
8937
12414
1757
4327
11048
7364
10795
4654
1537
4385
6080
9619
657
17008
2121
5498
8640
7107
15559
3313
12950
15674
4936
994
12593
5268
3304
5251
3959
12174
15585
10245
2613
6062
12043
12699
11438
208
16293
5297
8094
5851
7282
2638
8016
8513
5840
5501
46
27
1703
6197
7360
4921
11662
12825
13184
9435
15240
8126
16122
1180
11628
16966
13108
6657
11200
10504
8538
9752
2230
9722
11208
704
10562
1172
1374
12767
7000
9158
5162
4351
8228
6467
4652
11130
5007
12604
16204
7208
16620
9362
2830
3384
386
11358
3174
16131
6232
7317
622
13381
1202
12270
4720
16171
4273
3643
15899
1255
7338
5488
9104
16895
2806
9424
5051
12185
7382
11126
15584
4939
460
4701
5396
1714
1355
15629
8609
3168
15560
4791
11740
648
4997
15357
8943
12293
4555
16154
15495
3380
1043
12369
6849
13640
4568
16599
7018
13486
3224
10585
9138
705
7344
11802
10990
10698
9277
13202
8843
2251
5148
4216
2169
6420
9575
6330
6268
2046
10416
10712
5990
4510
6868
15632
2414
10349
6494
5789
3212
9446
4428
13333
3754
3740
6625
4087
6177
12162
7981
15291
2978
8182
8781
3487
8482
1672
6437
12925
11373
6952
10288
8851
6352
11038
12015
1107
16287
2823
6281
4876
15797
16290
9925
6
2508
7910
13625
16595
11450
3025
1933
4234
1867
8771
10749
13655
16066
2406
2335
10339
8748
1041
1352
1413
1501
7636
11418
2656
11003
5927
3162
2194
1079
8097
7456
4352
11666
9899
6995
1737
3867
8616
9517
11205
16625
10002
4041
1131
12902
2449
16184
12366
5569
9592
8204
4673
7066
9884
15704
12271
11799
1710
7803
15312
9840
9992
3988
5590
6740
13576
3029
11536
16432
10646
1918
1205
1813
11614
8037
11755
4564
4296
1826
3824
12141
1221
3132
2628
5861
7989
9006
373
10409
16821
9263
1506
3605
1743
12002
7372
4183
2952
10837
15400
3400
12653
4999
1649
1532
13716
2995
10086
10925
1110
16900
10330
63
1391
4124
6599
13295
3929
10869
2702
10689
15550
11913
9784
5631
2459
13318
10129
7501
7889
9613
2539
5434
3013
3227
4373
10751
16223
5222
7871
13398
6416
10875
12931
16049
11904
12475
6840
1972
5465
5843
8667
674
8902
5265
12856
3055
11998
9833
3912
1415
11348
10234
16641
13153
16043
2930
10236
12682
12655
9829
7491
11253
6242
4381
5315
11947
5030
12716
13639
3563
5277
16456
7216
5678
10507
16518
15879
8530
11927
9384
15812
10919
7725
8505
1364
5950
9170
6045
949
8722
1809
2361
3179
16336
7998
11285
6585
3197
11764
1668
3420
6858
15588
5674
2119
3092
16326
2989
12656
4498
8112
16512
5189
8414
12247
11844
11264
13682
4764
1000
1498
11028
3678
11866
10736
9370
6645
11804
12156
7925
15871
12951
5226
2023
8148
8805
218
13254
4732
3965
15350
5314
12428
2751
5917
7669
7471
2986
15756
278
6992
3767
315
4154
16662
8229
5572
2896
4114
4829
12183
12509
1325
1673
4261
9497
12433
11098
152
8987
5211
1627
16938
2825
2122
10773
7835
5756
5208
16206
982
8855
7747
3693
13372
3045
13229
6380
15714
11881
8516
11192
8707
12942
10606
3298
12795
10933
3067
233
8921
8274
6759
12226
16728
13506
427
9444
6129
2536
3347
196
15927
9595
2873
7691
5290
7949
17006
8521
9509
1622
2518
10034
1175
10753
11473
4321
4134
5484
12253
165
15421
5920
7716
1187
15918
3877
7545
10211
3456
2779
7984
7709
387
8178
10157
13232
13060
12148
6204
13140
11065
2701
6341
9540
12863
1919
951
16609
11894
3931
16897
10451
6025
9547
2680
5518
6110
103
4067
9867
10017
1640
1059
15261
4465
2118
7292
11092
1239
12324
1375
3361
942
10466
13710
5467
16046
135
12903
7557
7614
13267
15709
5873
1801
11656
3395
3117
7940
4422
16052
4543
16593
1655
1773
5305
12001
1974
1630
12947
5371
16870
13546
3788
6445
2286
5102
1245
5002
16686
2249
1118
6501
4575
1034
1807
8904
2499
13707
16050
818
4484
10212
6418
3126
3294
6623
9545
3467
2883
6256
4135
12187
16950
7050
1316
1122
2178
16103
5529
1712
10927
6760
16851
15862
12860
11312
10877
3642
6892
15847
6962
4453
6611
12029
9121
10398
11299
16551
3085
178
9692
16032
7451
16431
5882
3776
5187
16092
838
11337
5801
2215
4332
1154
643
6504
1066
8313
8545
275
16381
426
1988
8606
821
996
6942
13135
16749
7130
9666
15564
4854
15478
10810
2514
201
6921
10739
4459
12140
13076
2155
10870
11217
12814
6015
15281
4116
12944
6050
8747
8259
10679
744
3679
5744
10733
3592
7392
5094
10304
7858
6688
789
9954
7773
7711
16692
10879
11919
16334
283
8967
11900
10454
5107
823
9799
16517
7909
12694
15498
15645
7850
6063
2105
3597
9247
3314
5849
6233
780
9043
15648
8537
12949
8406
3180
6864
6805
6980
4080
15835
13113
4847
1505
5266
17011
3360
692
12877
4800
8962
8834
3630
11057
8428
12417
15681
11757
411
13050
9265
737
1860
9178
5079
15239
121
1462
16217
12181
4944
12595
1298
437
16820
2323
12019
7201
5304
709
5748
8089
16574
10388
8096
5673
11727
10476
2272
1775
9651
11452
5514
11739
16054
1603
10788
5047
3052
269
11389
11513
4376
2934
540
3699
12707
16640
3622
16446
4950
16747
115
6955
3758
374
5980
1007
11888
8919
13277
216
4528
6262
8848
8940
15490
11081
421
5652
5118
2431
568
4171
4908
10450
271
9832
4918
11361
1503
2777
5711
4743
10789
13407
3431
1074
9934
815
576
8814
3094
4363
1699
9250
2526
4108
4181
7475
8407
7592
8315
10922
10923
472
13130
4089
17
15397
4150
7771
8732
4924
10022
10999
10013
11968
16734
2739
10707
7013
13651
13235
10325
6943
2173
3692
10490
7738
13168
8675
6059
11877
3026
8070
385
10856
7326
7668
15786
5492
16783
1429
13427
6257
7322
506
11621
1340
7441
5952
11489
9051
7696
5707
12023
6116
6817
11994
569
16980
16487
480
4751
329
6272
10880
11747
5481
11413
3544
9881
11987
7520
1264
3547
4913
9985
8353
105
10274
12719
3800
2460
9890
1053
8929
12234
11201
8803
7001
16532
8991
1946
2042
7810
4039
7100
7286
263
6012
3654
7166
16282
471
15469
13084
8436
9326
4279
5911
206
8765
16694
707
2761
4103
3815
4343
2479
13589
12229
15688
16197
3670
9969
1120
2400
9467
15390
9070
1695
1716
5447
7704
12485
8234
3771
8451
16261
5680
5381
7412
11047
1592
10305
10014
6157
3198
294
12901
12930
8164
9946
10
11156
12021
15432
16426
9588
443
15288
5779
4350
11605
15492
5252
10443
3962
5814
11400
12867
13679
2847
8780
4503
381
5946
886
2190
8517
9023
3403
10083
10822
2225
9758
5024
680
15268
10674
13476
3941
10272
3632
5460
6853
4903
2993
4991
15366
16128
7185
6775
4265
6527
4346
7088
10849
3648
9729
7601
581
10096
7578
6335
2148
12328
13049
6961
15839
12493
4943
16300
2151
4366
15604
2855
4663
10597
11790
11575
4612
16205
11720
1438
9181
12363
11696
6209
4440
5948
12104
6210
11237
1874
10498
1398
16991
11202
15791
5319
2927
11519
5221
11326
637
4977
9922
561
16313
8691
10632
715
2268
1890
6583
3996
16976
17009
7350
3832
16088
7370
5416
339
1983
13142
1105
13524
7577
266
11369
7468
9587
3127
5945
10862
5111
7276
5106
7959
12242
2775
16019
6739
6419
16440
7310
2692
4101
4472
9258
1491
9916
15321
6594
10857
4353
10777
16738
6199
6414
11893
16449
12639
10572
1033
8155
12425
967
258
2036
6973
10952
10841
4
7144
9474
3263
9532
3453
1428
1855
13630
15769
3144
9720
16544
6354
12087
7395
12652
7005
2108
5830
11034
5138
11938
12116
2227
3214
7677
13441
2465
6018
8679
10068
4270
253
3736
523
9821
181
15647
16863
7901
16107
7658
706
9935
1555
11571
16405
10228
10828
12572
10006
5230
13437
8957
10246
10321
908
5921
1029
10265
5703
766
7054
2589
16216
15997
1799
6386
4229
8988
4258
16494
6436
2379
6695
9205
7248
15200
12484
3009
6244
647
7200
16857
10049
9562
1109
16855
7352
7861
16275
11368
805
3481
6364
11712
7041
5469
7790
2609
2898
2030
8815
10920
5630
2792
8741
6458
5192
13689
12295
610
13433
10758
7115
5173
5495
2627
15933
1536
9498
9855
15881
16165
11303
8769
2846
3073
12222
4177
16357
15459
4820
260
12633
9816
16277
1990
11075
3097
277
12960
13228
11956
560
2494
4536
13695
5554
1645
16271
15913
6556
2176
11185
16101
1945
916
1067
15695
7294
16725
6960
6449
8563
2586
8588
9456
3650
7470
1482
5806
7095
5695
8586
7091
6469
651
12537
7563
8138
583
2282
13660
1222
4308
2725
98
16823
4971
15276
6024
12152
12105
4493
1758
10515
8303
13304
12223
4550
12758
7485
13646
1724
9148
601
4556
15656
12976
15774
12343
16384
8445
5254
8754
6880
5841
3153
13556
4217
15838
1924
11602
6111
16244
11311
992
16495
9069
10931
11349
4456
16346
2694
2567
8696
10582
4411
5815
2926
1650
8735
1585
7004
7103
2801
3879
12797
88
2571
9772
6353
9161
3494
7288
2808
4998
7035
4901
1794
12345
9805
16800
3491
10029
2396
10756
12999
9355
11256
7540
99
5470
10324
2693
7061
15284
1052
2474
8489
9079
15325
7596
2051
11231
15441
2614
5899
10867
8107
8277
388
225
7502
11437
3016
5415
3154
7234
2980
16224
1483
16795
6055
15485
12011
10404
7008
16936
8610
6747
1351
15902
7398
10505
2845
12988
3194
2665
4710
11661
16530
1858
11251
9045
16777
2097
15715
11682
10430
6363
13010
9516
12512
10208
7866
13670
2879
15631
8003
16645
11351
4307
5482
5524
1323
9081
6181
3685
6089
9552
6326
7055
6535
1534
12364
12803
3716
5584
7252
6861
10007
10281
1468
3588
17005
5666
16284
662
13350
4469
6479
7454
2505
11124
4583
8626
16762
5445
2722
6974
4985
15898
3415
6906
12706
12971
15286
5812
5717
351
9990
15743
1270
13393
907
844
10898
7046
11868
7767
3130
9806
7241
4533
10535
162
12450
12548
9152
9345
2602
1207
9544
16718
11290
2840
510
6191
9140
7974
4770
12471
2026
3698
8789
4082
16265
200
6605
11711
5070
5283
15533
9819
12610
8827
11462
9818
3898
8822
11584
12304
5770
775
403
11127
8503
12865
7355
5803
15513
331
1871
5704
1405
2607
4512
6721
13258
2653
7991
11734
10577
2543
4412
12897
6738
15358
10808
4491
9600
16697
12676
9290
2316
217
3774
8265
6138
1588
1602
4790
7236
16415
15920
6678
13411
2870
938
13593
13582
5152
6161
3234
9073
7652
1060
3671
9740
1055
2487
5008
16701
6750
3039
4194
7663
16199
9675
3046
10807
12089
16132
449
1183
5743
1565
5881
661
16920
6706
5309
2610
2829
15825
15991
12197
9100
5258
1632
11604
9279
12470
11053
3446
16558
9853
1455
2800
831
8453
11325
15685
7340
13491
16060
8865
4013
5328
3272
5896
395
8968
10175
4805
16664
10787
4255
6058
9539
11045
9885
11943
1279
356
13434
9393
56
3169
10385
12878
10874
3329
2095
10520
16078
8525
5635
16634
10289
13597
11812
17024
1285
15941
3323
7828
448
3697
72
7218
12659
16913
7996
13553
1780
7528
6072
2061
6265
8864
2120
16371
4882
1761
3275
8304
6794
7358
8349
11482
2919
3674
11242
11636
2450
13364
10993
2152
3801
7069
16606
1010
6781
9742
9147
4238
1515
1307
3984
2043
1418
13590
1319
3147
10141
4100
798
8795
5489
1330
5380
2368
4819
6359
242
8870
10367
12059
12373
13112
15815
4383
9024
813
12815
562
9028
3882
13490
15867
762
8493
2981
16683
2210
2724
8582
476
7587
5971
6810
8157
2983
3595
4996
264
8045
10285
13008
16343
2959
9809
12489
4547
8595
3239
2287
13057
11514
5423
10833
3074
8861
1685
9191
9461
1329
2945
5160
11703
9712
16301
9924
1957
15712
10873
3110
10428
5555
7887
4132
10393
16068
9751
8799
16259
3839
7305
1303
8362
16059
15429
11313
6074
4787
5076
4558
3604
3673
8498
4520
1691
10298
13615
320
10534
9061
6247
16691
10729
3366
16890
16448
11820
9190
6203
11601
5119
631
8167
10368
8837
10479
8568
3798
1831
15507
417
650
5790
5188
12695
4582
10815
8914
9356
16604
1693
2501
11686
7518
6509
4953
7634
6768
1061
3522
7988
6845
10566
6303
8811
6115
15299
4477
8236
3289
15653
9907
10191
4625
376
8146
5074
1865
6911
6676
16020
12199
3746
10133
9000
7671
2407
458
12481
3887
8600
10384
12072
9126
11244
8485
16382
15465
16108
15856
7904
1768
10540
954
5613
6342
3741
16015
16850
16754
9372
3585
7143
2591
4092
12006
15479
12300
5828
4916
10066
8821
8018
11580
11044
16356
11932
2637
16644
7797
1289
5288
5267
2810
15473
7274
804
13189
12760
8456
8974
3607
12779
11387
4302
11870
5122
3373
10959
8833
8622
12904
10420
1707
13528
4735
6757
1704
2329
5577
3806
13501
15874
3430
5284
8381
8835
16453
6551
8499
13507
1940
2035
12917
15329
10629
856
13645
10286
7140
5550
11343
2079
1489
7812
6513
10696
2537
723
9067
16316
1401
8392
2196
10432
4415
11616
5333
11553
2167
4941
4845
12560
9207
2920
10195
1360
15738
1075
8114
2331
9237
3285
16918
12759
10327
10005
10895
6225
914
5521
5538
416
3731
8820
3324
3917
8076
9080
15546
12251
15522
16201
10267
539
5763
2736
9787
6334
7381
10557
9570
1496
6219
11315
7548
7330
491
4283
5341
11522
10028
9110
9964
7283
8596
5207
7852
9995
10437
7418
16347
5645
13653
11046
4245
9396
926
3245
9334
3600
4096
2059
4213
921
6923
3958
7833
13015
16698
7450
8683
4018
4370
10309
12796
10123
2305
958
12365
15279
8106
10381
4034
8648
7820
10678
11015
6699
8912
3944
5088
9981
6476
2478
2557
11721
9027
9646
15354
16441
11484
5783
15800
452
8471
9097
8029
8645
11852
16255
10850
12835
2162
2910
12891
9409
12732
5184
12718
9856
12227
5776
6034
13458
10912
10197
2221
2438
7483
11490
6070
10544
9284
4129
11235
4803
3354
12609
6627
5720
12392
16722
11593
10901
11934
1446
10209
8551
12673
7629
11982
16016
3008
14055
7608
13571
8160
13599
11511
9486
13888
10467
16901
6628
106
10207
342
363
12198
12648
8875
1888
4874
10113
6145
6683
6051
15710
14013
12948
8329
6602
1611
13422
13509
7615
7043
6834
609
8133
12316
11903
12182
7598
15336
11276
11677
2141
10025
4432
10093
8636
144
13161
321
2718
8928
9174
1108
9689
1227
6388
7489
1271
16674
8571
13133
7233
12992
15543
7593
12651
16158
4931
9777
6054
3796
4747
12596
6235
3448
10407
10904
13024
4105
4935
265
9531
2442
7932
5959
11663
6023
9614
16928
10294
2393
16079
5886
15807
9697
7830
5048
13096
4878
12671
8071
1367
8
13631
2901
16892
4942
13063
5103
9238
13137
11582
16086
9703
6176
9719
6507
9187
11406
12100
5185
11085
3938
5456
6333
10320
10310
5097
4046
9040
15842
12054
16571
5957
6649
2814
7040
3072
2109
16024
16730
16152
8541
6000
3586
9166
13023
8670
5199
12778
4186
10644
6164
8158
3751
12616
727
16652
10232
4691
7886
15263
16828
2982
59
11257
10748
16748
10001
8633
1624
1234
6230
12235
6799
15347
3532
2388
13116
13219
7122
1076
9321
7674
9725
4904
1964
5937
1159
5083
12993
12583
12429
12900
5353
9320
1764
1966
3050
15952
3533
6680
5509
3649
6068
2714
2436
15452
6124
10918
60
6497
5133
7137
7256
1959
8496
4063
1962
16761
7824
6697
10500
7899
3827
15908
15451
7213
768
11214
8286
4739
5933
9958
10475
7403
10688
4628
4203
3550
3328
4872
6011
12424
12284
1708
3955
6422
10190
8895
13465
15461
5646
7748
15850
6397
11359
2674
16526
11833
9888
10996
12163
2933
2523
2202
6033
16975
2283
110
8283
634
9623
9956
9418
11814
9919
8627
15845
3350
7880
4247
5013
16188
1466
4417
164
9913
3645
8724
13542
11969
8544
15827
5065
7760
2906
16631
5526
1991
16045
3057
9997
3601
11376
8869
5724
16904
6396
12727
3439
6828
7698
8570
11931
11603
12881
6753
2476
751
6806
8195
2490
5121
6816
2856
4461
5752
16385
4073
3596
2038
8853
14
16191
16374
15568
10848
2923
7209
11890
13720
6820
6049
3717
1158
11496
3557
13563
9223
16025
16283
9567
11670
11592
2733
11184
8796
11563
15625
3362
11701
7500
4969
7843
6758
12737
9342
2513
2226
12325
9476
16793
11497
1191
12914
4069
9134
10728
5112
16564
4266
10780
7147
6947
5697
10244
5622
597
8784
5735
16138
2587
12554
13365
13011
961
11659
4784
9286
15983
5237
4517
7522
8382
4319
16488
8830
15285
2648
15611
10341
16278
4615
1301
212
580
11383
4915
4010
11419
21
1887
8036
5596
5774
4148
13175
10947
9529
3060
9280
3725
4623
9812
8199
6107
8257
9276
16005
16246
13587
12984
4398
11390
4120
4618
8017
3969
11986
346
8594
16137
7692
771
6280
13157
8011
1320
10052
5092
3737
2057
1697
358
29
4963
1312
13688
8083
4033
16196
15365
724
122
12915
12721
3594
16467
11783
10847
13160
13391
1519
12499
11847
9253
5844
16136
7529
7970
16251
6211
16531
1460
16575
11531
1155
571
1891
16173
5738
7328
4009
3995
9860
2867
16898
13483
595
7683
6346
3121
479
16252
2783
1781
6100
3049
3195
211
9041
11341
1246
16342
10543
9199
13843
6090
6842
12350
10142
3451
16523
13241
9901
5101
16579
13764
5023
2531
15860
10386
9511
8917
9579
3749
5623
402
7924
12664
16808
5824
2890
10373
2836
760
6400
3711
15934
12086
9404
6981
15586
15840
9420
8342
8033
5585
2583
397
9857
5966
10809
7930
6144
8334
377
9582
1770
2235
3357
11529
4222
1675
16709
8960
16085
408
9225
5218
8379
16149
893
7265
2616
1193
3613
11885
12041
1185
10969
7457
15541
8144
15793
16499
13207
4502
15579
9541
1288
12331
7724
3155
3488
7512
11451
8989
5334
11780
3927
6075
884
5161
16029
4553
16375
15967
12607
9965
3640
1749
10447
6835
5721
10174
11746
6984
13532
1142
2362
15395
15577
16386
7603
9059
493
11548
40
6567
13252
7227
15937
5242
10458
3756
1598
8415
6366
677
1463
10603
591
10491
13128
6729
9710
6931
4821
2488
15904
12398
5890
10966
6128
15487
7065
858
15283
6297
2133
6318
15274
4534
3007
1958
4795
12372
15537
4664
2640
1012
291
2011
5602
5732
8289
16051
4384
12861
16947
2199
4084
3611
12133
10744
7300
9738
13173
16792
10650
12035
5746
16732
12665
11342
16359
8558
16142
8058
7408
11320
9055
12420
7251
3349
6890
2234
4367
11930
1014
10259
9440
4646
2902
5475
7794
8312
6852
8417
7891
2382
9762
15766
15520
8462
10440
7511
11009
15949
16724
3812
1149
10768
6037
5632
13154
5349
9146
8890
11017
16596
6809
919
1063
15618
4591
2132
4136
6028
8009
8053
3885
8522
13302
4887
16533
2506
10422
4676
1925
12090
2317
6885
3035
2471
6763
5723
9450
15583
3853
16537
9733
5348
8270
7791
1231
11760
6613
12955
781
12401
5777
16159
15788
4671
9017
4711
5989
13051
7064
15889
1177
13027
7690
7131
4778
11249
13314
1646
6524
4197
988
15597
6571
3703
16992
5866
11706
1093
16297
8938
12713
16123
2076
12954
15938
11191
1478
9560
7542
15266
12085
2080
16775
9850
6730
10699
6093
3856
3688
924
16193
9686
15980
3161
3390
8727
1953
1823
8824
2041
9360
524
16810
5285
2838
12403
1546
8737
13236
6246
11725
10291
15386
5659
10590
68
4910
7074
13530
782
1810
15736
8816
4928
665
8179
8584
8288
10511
2608
6358
16465
11247
8198
10462
6866
11922
7622
9168
6224
13453
13111
2582
8693
5438
12079
3659
2811
1016
11494
11761
1030
16814
7946
12395
3519
7164
16463
11360
9796
16174
9976
1464
1112
6519
1651
4236
5379
5320
5004
9189
3476
10104
10893
4635
146
3723
5389
11116
8072
826
9297
12584
2347
12157
4185
4988
5900
3555
11355
11408
5742
2033
6560
9941
1077
16461
10039
16773
11137
6854
15925
9876
5542
15742
11880
11749
4374
6668
7655
11019
11032
11139
12005
13082
462
3053
3924
8859
7594
7612
10506
3757
12231
5871
7590
10268
11776
6938
10778
9231
6288
11232
15992
4653
10492
2298
10092
13515
5522
4992
5446
10581
4561
12408
3849
7474
4065
10677
5479
7272
3868
10318
5516
4393
4486
9507
3123
4933
6573
10953
863
2028
8398
1002
6327
6169
11669
2538
3003
107
7813
5057
6357
8332
3726
9782
12580
8035
19
5762
8529
1094
1621
16004
1179
9621
10994
16906
11246
10477
10135
16650
4914
7127
2332
16090
4086
16457
4603
10003
3610
11570
10218
5075
4031
7799
8738
8733
11625
12376
6452
5624
466
16780
6838
13093
6608
10183
9972
621
9677
9673
16685
15524
12456
16150
12040
1512
248
5797
182
9090
7112
1975
5713
13001
3782
8492
5710
10176
11728
6652
378
7175
5504
5827
2342
155
15746
15782
1157
11410
836
4378
9085
11481
8973
16312
4467
10114
11828
15496
12549
6677
15851
12830
12956
13388
12888
1723
3846
13305
5499
777
6384
1134
3116
7860
13192
3426
828
4577
12254
7759
16451
1086
3114
8452
13109
7076
15848
8692
11613
8050
5146
3271
839
8790
1219
10615
2053
4426
8253
6462
8396
15389
4621
7963
6043
9368
8225
7257
11382
1567
1644
6666
12498
15661
4043
2264
2062
2401
4029
9131
2675
8473
13324
16616
7741
1001
10616
2560
10738
12837
1696
238
1928
6432
2664
5031
10429
4825
124
5689
3152
6319
1594
8911
2187
4012
15900
6459
4620
13022
9331
15982
3608
2341
2228
5962
12672
7255
8878
7490
6553
698
2593
15643
10666
12886
7701
8388
12342
16867
8008
5324
1819
3807
1445
555
9938
4631
15763
1943
6873
4230
12511
10122
1767
12678
3020
2140
7676
2398
5829
16977
13103
2446
3909
4333
10569
13578
16954
7422
7101
2289
5355
10080
11301
11609
12983
7499
10858
1385
3288
8206
6261
3946
16433
16295
1017
4724
13212
8246
2953
4947
97
2745
16038
4689
392
16155
11674
4989
3760
2077
12913
11502
1368
7553
6339
12766
5535
7428
10163
1739
10868
16908
10599
10514
7822
16320
8721
11540
12555
4303
12341
10745
2889
9086
6939
7238
11033
13043
12143
15345
15885
7742
3635
5729
4634
4344
16655
3352
3189
3889
5316
2755
12812
7070
8207
11148
13317
8601
12244
9261
590
11843
11591
5213
7033
13562
4420
11449
3687
16733
12378
10854
16309
8868
3826
12946
9510
8709
15943
3710
13224
158
11639
5906
3370
15703
1068
16492
12214
4325
16429
13346
9670
9257
12308
9118
13017
3653
5657
4858
8390
8997
5068
10882
860
5925
12876
8026
15447
5120
6905
11925
12144
15877
2785
13495
10277
7345
7994
7818
9433
9949
12739
7187
5087
6609
6029
3215
5819
11069
15323
10417
5677
3971
7678
13475
316
16619
5049
3253
10067
5520
9909
4408
16413
5961
7961
1857
9625
7178
16524
6337
11149
5272
2861
12066
2925
10759
3483
8459
10697
5847
10279
3735
2047
3011
5439
4958
2555
2352
1971
3763
3558
8826
8249
6285
3506
10287
11329
9609
9608
10316
4028
6190
11291
16208
5264
8557
10825
2781
3237
5757
7472
12780
7776
11587
6788
15806
12150
13098
12022
6639
11507
16018
12794
15795
17021
6229
4843
7038
8173
8399
11752
2266
11011
2893
6182
13249
5702
13607
12772
12615
5354
348
7955
4699
2914
12310
12137
5294
1456
11050
6728
10564
11681
12793
16921
11813
7296
12003
4205
2358
7915
682
5483
6888
244
14077
10225
3277
11022
9203
11699
13195
3339
945
5579
1399
9369
4174
5043
16565
2631
9301
7377
13007
10074
1282
150
1952
2697
2161
9550
6378
15817
13404
5223
13199
9102
3320
9868
12201
2276
5141
5799
7105
15260
3175
7179
13044
3569
16222
11631
7942
10804
16972
13609
8931
7702
8046
16862
1106
8005
3529
1513
16615
9536
6292
13038
11851
12820
2416
9270
5020
2654
7762
12245
8205
364
4656
7217
16350
7436
1941
9627
1196
3968
5234
5846
9680
9107
171
8569
11808
6550
9526
12640
8502
588
11275
7021
13259
1140
202
12239
7482
8909
9296
3530
12131
15508
10352
9075
9193
6848
2078
13066
4606
11004
7148
12907
7639
6983
11125
1013
15475
4447
13585
2070
2621
6660
5912
3279
9252
6650
7533
11941
5339
7150
120
6483
8172
11112
16419
8402
11026
11861
8129
8145
7223
11480
1996
7473
12844
7714
16100
11559
5511
221
9886
15729
7221
2943
2720
13276
10146
10441
904
5196
548
12203
3248
13479
696
2660
7045
4210
7493
3836
15457
7309
1930
286
2433
6122
10364
11282
5934
12460
15455
1164
16368
5868
9962
7337
5661
3398
963
1256
15822
9066
4767
13171
3058
1384
995
4660
4959
5360
4545
12743
10020
10182
7815
16878
1096
15296
2568
1745
3830
2417
4138
12179
7694
84
8787
16786
95
10376
15499
16729
5368
660
1895
13402
15289
9371
428
4807
10280
1507
2186
12050
3137
10317
2182
7154
3821
11250
12567
38
603
4483
4920
8297
9241
4850
2922
3942
5983
5410
1762
3727
5519
3368
12784
11716
3891
12145
11649
866
1459
3753
16162
4290
2876
15387
11456
7232
11854
10826
12937
4357
1326
16614
1248
8896
8343
15606
4798
2786
8480
9835
4814
11051
626
6915
5385
16239
4883
4670
6424
8552
4015
4730
6348
10081
16167
9797
16291
11667
7099
9202
15813
3612
2018
13341
6004
16420
9064
6264
10306
3724
15725
2964
16988
4886
16794
3779
12036
13520
2937
7948
9897
5450
3869
12666
13188
9551
7453
15665
7619
7161
2894
3185
11378
5690
16941
792
11644
11980
11698
12397
8910
8945
7189
2139
5991
6887
1692
4951
6428
215
14073
3333
4345
5095
10027
8652
3077
7057
12832
8983
15764
2655
4026
6451
7524
8373
2803
2522
658
5831
13107
6086
4019
7165
4864
9563
4189
6031
16776
16081
1422
12674
9468
9800
1552
15280
3474
5392
5780
3658
10139
15935
4342
7662
15481
419
10718
3538
3878
15849
2572
2397
16319
12753
13121
1022
8235
13638
11920
16872
8689
3440
5169
16506
12209
13237
990
10785
11059
102
15719
11835
16769
15544
9442
8757
15790
12540
16873
9795
4421
1729
16241
2369
3343
4059
16390
8792
8646
3353
3881
5767
10981
3315
7401
12546
1907
11140
15340
16031
11163
12024
934
12650
6664
5984
9982
4688
3935
3734
10188
3241
6933
2166
15556
12590
10382
13395
9114
10771
488
645
7432
10345
4648
6743
7119
16516
10762
6517
1989
6186
1081
16438
5231
9414
9793
16933
16389
15502
13152
16121
2872
7126
790
17015
5558
10335
5321
1218
1522
12687
4468
10645
7333
10642
2422
15716
12370
8922
2716
6135
6956
16462
61
8490
5650
9554
16263
362
12118
16327
8801
3311
9774
12626
438
2231
2489
12220
1538
894
2895
2060
12151
5136
4972
1523
1425
12742
7351
12309
2243
11995
9817
1753
7109
16812
5025
15608
5384
2596
3556
10427
1521
9029
9534
6824
2384
11429
2294
12606
6957
3549
1851
6537
13628
3574
9248
16176
15571
16256
4600
6948
2219
15639
612
6370
7306
7275
11331
5502
2456
1835
12669
8668
3259
224
15650
4705
4723
10836
820
1369
10737
7279
2852
13361
11664
12632
4083
10760
7184
16612
12070
5165
1909
2185
4544
9603
16998
10205
708
13601
1562
5978
3720
5128
3784
796
9116
2350
6017
5255
5451
11675
12127
7198
9376
736
15515
245
1740
10241
6548
2682
10675
9452
6415
3902
887
15972
8455
1310
10946
8380
2509
11791
12459
2024
1671
10151
9011
4682
7513
8734
8211
9896
11364
5960
2468
13266
8091
7113
3054
2510
1584
9998
13117
4276
15996
7452
15713
3620
1144
15309
5358
12577
9394
6367
4121
8663
16304
7510
2967
10917
1308
6263
3977
11090
7814
11265
8357
10358
656
10730
3000
2907
3479
2885
1830
8886
15863
1333
10984
3230
9851
4499
855
4827
5820
3036
5864
1350
11879
3200
16782
2561
11171
10403
11542
5426
3496
5040
936
2711
11769
947
4873
10550
15282
410
10100
10528
4506
370
10627
12851
3872
11395
3795
10532
10765
4423
7462
8918
13378
7853
16986
15939
10496
12064
12311
4388
15561
498
6544
3490
1044
15623
10943
3416
12237
10865
3666
6311
9638
4948
12871
6875
1951
6492
554
6876
6564
7897
16331
11550
11278
9715
9629
8068
11119
15339
7211
6410
2031
5260
6762
3205
8892
9186
9780
10328
7431
1166
7249
6450
2248
2345
2453
11863
4495
11273
4232
4260
12478
6812
6104
1553
6506
64
1296
12095
6216
4891
2370
5143
11505
1150
2882
1026
469
10975
1439
3018
4056
8266
671
8214
12510
12623
3928
9653
6152
6067
220
2936
2985
2767
1881
274
9451
8726
5027
15510
5986
6431
4694
4264
5174
8039
7535
2566
9836
11448
16581
7964
8592
4861
4962
16034
7291
6061
3511
10863
1571
1791
15672
6606
80
8888
9374
3534
7753
3852
6910
8374
16160
12690
5944
3633
3070
4329
16815
6559
15678
4852
3159
4106
16491
13348
7929
3148
13222
594
3719
13386
977
11878
2172
3217
16720
8405
16948
2377
13448
9978
2503
1275
2339
3701
9943
8682
3413
6253
676
2425
3307
3954
12649
5177
143
3934
5186
12462
6488
4462
4659
1910
16427
8994
8224
15748
16396
515
4237
8685
11974
12750
433
349
1335
2802
13533
4823
6870
7260
10126
4966
12933
3292
5466
10524
11611
10406
10098
2164
2066
10805
11102
8700
6958
8467
268
2770
4986
6316
8702
16111
15311
341
15553
13256
12502
12654
16690
4500
17017
16899
4740
8550
7124
2843
9234
5033
11428
5854
10955
8665
1467
4808
11363
640
3956
4649
12351
741
11792
12908
239
9926
520
2559
2549
16228
957
9125
2590
11409
12977
8311
16827
2645
8768
12457
10928
11766
6434
6001
7726
3236
9243
9628
13619
5628
16339
2211
2383
10478
7651
4405
13209
15444
6869
9739
5586
6429
4571
8038
1805
12972
6813
4700
7918
11370
5409
10160
3709
15950
10240
12747
1358
1636
9503
10487
10878
7336
10802
16958
793
1663
6682
12677
16177
2075
2254
5731
4180
1091
6101
7366
17012
16877
11254
2690
15424
1181
5583
9358
13164
5248
4061
3318
8642
5898
6950
6539
13134
16307
7405
9373
9767
13718
10722
8340
10905
10978
1162
12068
746
9285
12042
15680
1551
13399
8927
980
2753
5281
8184
13812
10796
6036
1564
2998
3972
564
7864
3473
6426
6489
15403
803
8187
1845
5298
9062
5021
9776
2019
10793
6872
12280
6085
10275
9267
13675
1
12176
10390
1115
10539
7580
16755
8124
6446
10402
1804
12491
3105
11037
9311
11284
17018
16817
5675
2071
8486
10136
2585
8699
5884
8232
418
194
11794
6188
11830
2112
8014
6291
11138
7526
8650
11975
7604
3316
7313
712
16501
8656
12330
7261
12360
15528
2858
10559
5517
12445
6620
4313
12858
3207
12811
8866
3966
10766
13592
289
9212
16590
6696
2457
10350
16573
16893
15760
9513
3062
2956
261
11573
11322
6998
494
2103
5299
5233
10397
3325
13122
16044
2778
2565
8326
6802
7304
337
834
12193
16839
11403
4789
7793
2175
10226
11012
3805
10213
13281
4532
12786
15307
5626
9932
1472
15824
6744
4287
7657
10881
10888
16454
10611
2606
10230
5067
1100
12850
15327
9208
4824
5461
13127
4662
5232
8777
3502
15334
12252
16289
13019
11886
15406
15803
8001
9047
7566
12291
4758
1609
3926
9695
16704
598
5970
5219
7697
13723
16057
73
11951
10732
16126
7042
15735
12527
35
12051
9407
10033
2516
6655
3922
1295
11095
10395
8322
3149
11798
1493
8701
9214
13326
4492
11263
7579
3634
50
12009
9873
732
6522
12039
2904
11074
9561
7857
10472
6712
16274
8531
7633
8481
763
4636
6776
16398
4212
16258
16157
9423
12722
8341
3523
8348
13543
2174
2968
1214
2171
13200
13692
2340
11374
984
7693
16607
7561
10576
11972
2493
5955
1573
3376
8140
2409
9437
4629
11467
15217
7637
11971
8347
8852
2065
9201
5895
3093
11732
4832
1916
3069
3411
10991
16104
3336
4911
9169
3828
7242
7626
8221
12418
8585
9771
13105
6159
11336
12629
2344
8539
15497
10482
6463
13285
9746
7556
3471
4637
867
11979
6963
9660
9216
9971
1178
10127
999
10779
8110
10042
10399
12171
6709
2708
6465
5998
3894
11640
1065
11551
12267
11652
4801
4464
13665
9375
3825
6114
12388
9101
9945
6929
5940
12581
16858
251
10800
7937
1679
911
9709
16706
2667
10048
16576
8996
12513
7574
3391
2972
5741
13466
486
6399
9789
66
2942
12322
7758
6329
6698
262
5086
16712
7421
5792
1354
4360
11021
2443
6700
2641
12550
11295
2864
16141
3655
865
3652
9523
3606
15484
10247
3682
4964
6546
6237
12335
9249
7263
2498
6171
4199
6646
8113
7914
7481
9704
6308
6735
15402
16445
5988
11963
1111
5664
11671
10365
6976
7766
2463
6481
13071
9419
5760
10379
1625
2698
4644
16541
6206
15300
8660
13092
7446
10556
6630
11228
15464
1251
2754
15673
8924
12736
71
9196
11080
8240
15521
3515
11824
9815
4195
11638
10823
6382
11486
5006
9707
2090
8947
6525
1657
12332
15
12030
9054
11479
9852
8086
13432
6724
16254
7707
11673
10541
2551
1190
8174
16965
12689
13204
2632
901
2327
2899
5573
604
12887
10103
10058
10859
8064
11218
4062
6286
6997
5164
9298
1113
8510
4286
5694
3619
13658
7958
15574
16521
16750
9663
7362
4251
12153
7203
3268
3543
9931
6674
739
4161
11445
12124
7870
2153
1226
12872
6512
6663
12813
6448
5771
352
8273
10890
8062
9865
15270
8363
8703
7417
13940
13253
3822
7893
12990
81
16377
9596
6638
15360
4965
1599
5296
13551
6500
6371
15720
7433
7783
5395
10237
6094
16670
7334
12138
15985
10446
7656
183
5494
7219
2064
16264
6471
12031
1920
8093
11319
12641
1785
11321
7376
16560
16084
11842
5005
16774
1268
8118
11516
8713
6130
10090
885
9272
13595
7063
11495
2273
8950
5758
15294
1623
910
15664
6792
8220
4165
4750
4215
16716
15915
1018
5249
4304
10593
2512
7032
1939
2915
7986
16909
2290
12160
10278
2214
16613
2477
16545
10455
13090
9947
13561
9844
282
1366
1495
12586
12232
415
12336
4348
5765
6815
10293
11176
7816
6665
12746
8255
11789
6996
13052
7908
7267
13246
6185
4813
12670
8501
3375
6878
7312
16798
11466
5344
7731
1786
10940
10747
1087
473
15638
13457
1259
10106
1814
11424
13085
1049
16002
6798
9219
4840
8745
1875
6633
11668
13674
9648
131
2125
4756
8849
847
1647
5863
4024
16482
7804
1184
9811
6670
12922
3778
10099
2415
12371
6402
7781
4300
5240
9671
7607
6365
8527
7703
16553
1092
6153
4182
4014
3624
340
5154
9894
3282
9803
10410
853
8292
3599
3866
4489
6588
5595
3122
10371
13517
1201
15671
2931
12906
1554
7390
12486
3495
12608
8361
12624
6387
13974
4190
350
3943
1591
6846
3791
3690
9012
11923
2797
15394
11556
16279
3103
2713
13339
4297
1938
13555
7191
11426
4362
7956
978
8723
5893
9655
16688
4599
10957
9524
15728
12961
5093
11650
2673
3005
857
11150
16790
15477
2903
8844
7116
5302
11598
15995
15600
303
16702
11475
9647
1224
7316
10949
7463
15548
6361
11891
5036
464
4839
8271
1774
15802
4007
7547
6208
11333
7846
4387
15596
8413
6374
11324
2569
9359
1608
11991
3406
10693
16805
4961
3957
12020
15287
9058
9314
10076
10641
13570
2157
11942
8191
2418
1797
13181
109
10438
9979
3359
1560
593
11086
12838
12303
2817
1815
4902
9470
7458
9847
8337
5197
9792
16796
4638
6702
2644
6966
16583
877
7125
7341
10338
9883
5833
16770
11775
9325
8006
12230
4762
8807
5836
15718
7220
9501
8872
7445
10838
1601
55
4128
2990
5311
13068
9810
1126
4438
2681
11476
8881
12407
16578
5135
7464
12842
7620
13368
5606
16799
16632
1572
10131
15305
12959
1430
15843
10970
9637
389
16883
10889
15440
2540
10775
5491
3136
8154
1353
9308
8739
12996
1937
16027
3199
1755
4413
8964
4967
13029
2886
4712
1421
1825
3526
8672
15644
2168
7167
5082
4272
446
3863
11704
10806
5058
3477
17002
11928
16328
1004
508
15978
12923
16055
955
1331
3516
15962
9813
15338
3890
8230
4587
8291
10672
8377
12298
3265
2110
6503
3947
16166
1443
7842
3365
551
8783
15474
5282
10481
12111
13239
3786
2160
11741
3789
1570
12940
1441
6745
9087
16202
12711
4032
7085
15911
12556
3260
4667
4066
2604
3862
11565
4715
697
1461
6430
2387
2469
16400
8798
11460
13216
909
13586
16120
2427
12538
10242
11294
1777
8982
12375
10554
8432
12037
10932
15438
4170
10657
3356
5345
139
1039
9912
3041
578
16589
9755
1220
1839
2966
7235
4000
10561
13544
481
16567
1550
6877
12010
1841
1176
2466
6217
5383
15525
13062
10782
2837
9323
652
281
5326
163
2402
9172
2541
2520
7465
5478
9053
6105
15332
5229
4202
280
694
5891
518
9838
870
1136
4330
5639
6349
12134
16995
7250
1658
12172
6641
3748
9542
8422
5270
4990
7067
1869
16394
13373
6032
16597
6020
4226
7437
3166
4537
8344
8430
3562
11612
1287
1641
2851
4975
1617
67
825
15396
4504
6048
4759
399
794
9970
10258
5805
192
6026
8965
15773
16305
12355
8116
453
3793
9464
9495
4071
2635
8056
9399
6271
16528
1549
5038
5974
4487
11005
13596
2299
9009
3297
11949
16714
4616
6383
3493
3274
11133
5377
3561
3331
7361
16037
4389
3497
12587
16047
4093
12465
6158
15425
5183
5181
4294
1212
13560
11106
15320
11258
3460
9095
15351
10724
3209
5474
3498
8391
12409
74
5643
693
11296
10177
13185
7287
6919
12238
11346
12386
16189
10816
15945
6636
13206
9987
10000
11070
11415
3560
16552
12541
16496
8607
3587
1689
5172
2704
11332
13061
1705
16341
12501
1568
12870
10372
6304
9124
4519
3278
11680
11630
4868
6833
6791
678
6385
16267
1082
7993
12274
12911
9302
998
15659
2394
8808
6464
6579
1648
13104
7356
12435
3614
7014
4826
7503
1706
8680
11474
6844
15575
15539
12776
8027
2842
9378
16886
8175
5747
5361
638
3768
9701
5653
4719
13028
4208
12287
2285
16475
11168
12442
8641
5926
16772
3841
9044
8356
1965
12264
776
13293
618
1395
10635
9626
6030
8403
5795
4601
8290
9106
5352
11637
6071
2128
1121
7903
681
899
9807
15903
6807
10924
12323
16731
4922
1145
69
9953
6487
2975
7851
12816
4146
15277
4347
1746
12818
7427
1607
7825
7938
2353
16250
16846
2104
9327
15882
3875
8916
16013
8135
12810
2380
9473
7826
15919
7922
10709
16778
2558
1499
8325
8351
5179
8395
12827
7770
11096
3428
718
214
456
11388
2946
2262
16302
11154
7204
2096
16837
11687
12081
4137
8512
743
13215
15731
5080
4323
5191
6780
15567
16134
10412
5085
6988
13291
11751
13617
4590
8440
879
12660
738
12167
6640
3683
6421
11726
13046
7560
12691
513
16170
9465
11618
8060
16756
9255
11817
4955
3567
8431
9617
6821
6710
8593
6662
4187
6545
11607
6170
8532
6260
16335
15739
483
4867
7228
1392
1336
16915
15580
1371
6302
11777
7081
11933
10588
6047
12357
9268
15399
12196
12444
7605
2428
16979
10222
231
16317
12257
16559
4834
9254
15654
10913
11996
3108
7733
12259
9289
12261
11622
12985
104
2293
8936
7565
11076
15458
15660
764
4748
7342
13069
2547
6287
12662
3454
3283
3381
5751
6555
0
5658
6917
9165
16554
249
6038
6569
888
3850
5364
7009
1138
15770
1905
9213
8208
778
11141
12622
6536
4424
11223
3901
1037
7682
3242
3423
9714
12446
12968
8952
5468
937
16804
5044
16450
15724
13584
13412
505
6825
6331
4737
1334
87
16924
12522
7719
10521
4085
168
12469
4815
10148
9288
5753
9900
558
3963
2482
9235
1407
11204
8484
11806
10723
13230
5904
10143
13471
563
3970
6621
6766
4661
10079
12730
1135
10687
8021
5730
16876
15368
11635
3402
16538
13034
15663
12807
16522
8262
10584
6705
8105
2573
6250
13149
11104
10700
4595
53
11576
2212
1589
15865
11948
2599
9869
11715
5603
11160
9206
7642
2086
13101
1982
7332
6398
5402
1189
11225
714
11236
6865
5376
3489
1806
12468
10832
3470
940
5137
12978
12406
11679
10900
9645
8841
10374
6654
6119
3133
15538
7969
2270
4669
16629
15442
2884
15433
10119
3625
10137
1738
2659
11293
8975
235
3880
16008
4139
4717
9863
7638
7675
8152
2765
12265
4729
2137
5842
10531
2441
12344
10934
6473
10499
3819
16656
6987
4143
1849
4929
8547
5407
16964
12467
5269
5651
15777
13240
8243
2629
13078
1361
8720
4337
13423
54
11530
11444
8171
12697
3312
5999
6909
2747
10391
12642
91
1846
10091
12212
11056
1490
528
15381
1581
688
9605
6187
11778
11694
432
5127
1471
4624
13005
9487
13451
2706
8437
8284
11188
10215
1045
5715
8085
16960
9559
11077
3295
3845
10357
2634
11577
1216
9346
8275
6614
944
369
7821
4541
6344
4481
5167
7854
13213
10312
3176
3874
9669
11787
9905
3961
10284
8939
11435
4509
5859
16511
4836
7745
13518
6433
12288
10705
10059
12455
7172
2686
7393
4221
8794
7911
3202
3675
13414
1153
15516
3783
3991
10941
9400
2831
4554
1339
11441
16859
2208
8578
12195
779
5393
2452
9210
1884
11105
5077
4220
9078
3389
13067
9129
5536
5132
9706
318
8751
12935
7907
5660
12228
7339
13650
9421
5907
13155
1840
13158
16942
11054
101
5527
6442
16549
5684
16735
405
16248
7180
12497
11379
4399
2668
12225
16651
12516
11464
1085
7571
10019
11135
599
5608
10171
4425
344
16464
15494
10656
1343
1151
4162
6924
76
11198
1929
4068
5924
3340
15504
13145
1642
1715
12574
15570
773
16330
11504
4672
11567
6345
305
13211
9936
15206
4783
9144
10387
16135
11270
1528
8836
10248
953
3290
11976
4632
2994
459
6200
12273
913
12083
10464
9306
1784
11078
6328
345
12117
8797
12474
4078
11461
691
3644
16288
10803
6411
16983
12688
307
11730
2432
7884
3870
15379
3617
3228
4745
15916
11027
13602
9485
10206
12885
12307
11883
15411
11965
10144
3616
6684
2955
1802
10565
2615
3840
5979
15620
13461
7772
15651
10375
4223
6149
8714
7784
1241
5775
5580
12920
12740
16129
10770
13656
7589
12638
6454
16292
7329
11422
1526
10624
11914
16498
15931
997
11071
3068
16321
960
7632
13331
228
2553
8549
13709
2223
3429
11023
740
4586
8742
6581
8162
7240
10411
420
4511
11036
8040
12775
9139
7951
7999
6769
2216
10408
1403
4058
6381
11589
12804
323
6667
8907
3639
12570
5593
11579
9197
13687
1390
1130
1956
9929
13349
15226
10260
2067
3835
10790
16529
7888
9727
7308
9003
13359
7564
332
6881
16332
9757
9477
5497
3838
9735
12025
6618
9568
15701
13565
3063
6404
7117
5523
12726
9698
8327
11501
3115
15858
16602
3109
11981
4257
11068
4602
6979
9543
3883
4569
16097
4449
8620
3582
10716
8227
5303
12248
2597
1726
6160
1192
2233
9577
475
8779
3590
335
9188
12109
12447
9001
16235
219
6016
34
956
3089
10907
5642
16360
11097
4812
11427
6977
11632
5441
11113
16764
2853
9480
11718
5845
7205
9824
1896
16672
16253
15870
8389
7630
1734
12952
3267
3226
1913
10812
10219
15359
5561
9381
8605
3034
6356
12614
16752
7807
3001
12558
16490
8418
4098
13165
15462
2412
1208
3181
10008
12461
1779
5244
8197
14043
44
5180
3337
5930
8136
10764
10570
12315
10243
3802
8603
6140
15316
7114
12834
1822
7546
1618
8637
10727
16696
37
6249
7222
5163
11962
11447
4371
7324
5813
9505
9678
8300
2798
5225
4218
9330
3559
16935
3629
2049
10659
6656
3033
10956
4324
16118
11493
8404
16726
16148
357
9264
5947
9790
2700
12770
8141
7839
1748
16113
7900
10735
11186
6453
13499
8511
10159
6658
567
6901
9641
10750
11910
2123
11093
9661
9877
12963
3308
3434
4312
2177
689
16869
12705
8439
9546
4527
13573
4198
6576
1985
1321
8767
8150
2100
4525
8752
10051
13654
13150
9287
5457
4841
11212
4919
16114
13823
6914
5310
8258
11562
11327
3691
9700
9522
4956
2403
547
16006
11713
16325
3387
11165
8213
3172
2661
3078
5239
6120
2944
7523
8629
6767
1084
7051
1817
16816
1171
7517
1634
5609
16623
6796
12869
7181
3510
8728
1832
338
7621
9659
13460
11425
16546
15780
7987
2267
12927
556
6270
2507
12410
16179
6409
77
11955
2988
11405
8829
8055
8281
11754
8831
7539
10456
11277
1252
890
3038
1906
4774
6742
10579
5015
11795
5513
7102
8111
1009
11731
10097
15693
553
7687
13123
1431
11356
13485
8433
8743
8561
5915
5490
1465
15910
7214
4641
1281
16192
2430
7875
16627
7461
3216
1580
572
9504
5159
8809
5170
1742
4879
15896
12184
12932
10897
12566
1518
11552
12014
9564
9092
3421
8166
10516
11729
3618
15417
12337
8562
16178
12390
6179
6218
2269
8023
10529
4811
7715
11528
8941
12841
3418
12764
12582
3937
12452
7077
1247
918
4023
10533
4437
11977
6951
5745
11648
10061
11692
6617
12846
16219
15841
9242
3146
2367
4734
7531
10685
5287
4336
9018
8915
2089
13148
9583
8054
15331
7786
3797
6390
7764
9115
4126
11984
16896
5425
13147
2639
3884
6355
15905
2534
12661
3911
9820
16124
11872
9518
3916
10405
11929
7410
2911
1424
5698
12768
2816
6717
2871
12519
6616
15796
3327
8579
11596
4207
13032
15361
10414
8078
15617
5394
10872
6201
5116
2106
2455
4816
1788
13405
4792
15467
10638
8043
5656
16940
12074
12384
1015
1198
602
13330
1754
7862
12542
16203
3742
13512
3925
16213
11717
16914
16874
1400
16763
12383
9490
3219
16926
6417
5670
5972
514
16416
5837
11737
5617
4153
3341
2258
9882
7558
5003
5201
584
7371
147
7525
227
2863
12173
3893
6275
5034
12249
5647
10982
11500
13521
15944
3066
116
15789
112
16760
12559
128
1984
5943
11811
16699
8597
7777
11992
15689
11233
11177
6586
10794
10166
511
13110
11773
270
15614
12715
2900
6109
701
5701
1328
9512
4267
4726
16990
12046
7346
5807
10658
4675
7931
167
15811
2326
1587
11194
1922
8903
16077
10495
6305
7354
15295
1095
3581
5818
4262
8658
5090
7840
642
6959
4441
7768
4282
12824
898
6918
203
3843
8088
4881
1203
5449
7990
10813
13139
10064
3660
1633
10459
6279
9879
10929
9354
3765
7449
3091
8321
4050
4372
16840
2381
9340
2827
2256
5987
5472
742
5679
9862
7650
12658
1595
4091
3528
7836
1733
6945
7404
7721
3743
11774
1876
15353
1542
13765
7613
8461
3417
9599
6444
1790
8030
9392
7699
7386
11855
2006
16168
2082
3280
8643
9273
9204
13106
512
10072
8426
43
16269
8427
8554
15352
12356
4505
1997
12974
4053
1548
7030
11887
2291
2897
13661
9145
13278
9282
11945
5887
10553
4563
12202
16513
6534
2434
7775
10717
1206
2129
4235
10774
11187
4246
2848
1103
11581
10667
474
5575
15476
10483
16663
230
4127
12926
11309
3193
6372
13167
7319
509
2385
11743
13621
12620
10910
384
4457
1051
8823
10253
7389
2683
11030
13275
12889
10824
10628
5206
16276
1423
10719
1116
10256
3976
3291
1870
3371
5598
15342
5903
12282
16953
2833
12255
5834
16436
4687
7349
7155
1273
11182
1258
15401
5104
4099
1232
2703
5894
4765
12161
529
11912
8457
10366
12899
15869
5471
3301
2578
9910
7530
2074
3482
4418
12532
13294
9391
7438
1763
3385
9721
15471
8880
5510
9585
4228
10625
2197
9304
11831
5279
7247
423
13498
7792
13265
6245
11145
6978
8986
7207
7284
1793
4241
5512
1686
9312
15601
968
9133
6714
6310
11633
4926
16365
12102
3983
3505
8535
6971
12712
8108
10220
6254
6772
5477
16378
10337
5274
9708
7229
7084
9
5506
2750
10047
2828
8244
600
12276
12431
12060
9153
9794
3019
8935
10671
7819
5759
8528
12802
16934
13227
4158
2126
833
285
6376
12123
9724
2622
3258
8942
9980
11144
10087
7811
7847
3399
8468
5822
882
406
13178
10986
1908
10741
12299
16705
5001
11255
9352
12504
16639
7210
2250
9192
11521
2301
5681
12563
1539
9870
9122
16989
8494
10461
12263
3992
9130
1209
809
12078
872
16344
12801
13519
13097
7268
10184
1678
6154
10186
7570
8716
6239
9744
2445
4983
31
9071
5124
15628
7495
13223
6127
4842
149
16695
12027
6088
525
16065
4797
8338
15275
15431
8624
8151
3504
5581
9496
11328
10426
7805
4167
15831
7883
12122
11402
2346
12082
375
11657
4052
16930
4113
10063
3396
11770
12710
209
12500
2467
10018
3104
15837
6991
16095
1722
4857
13018
11398
451
6343
16864
605
5876
8770
4877
2274
6248
6879
15445
133
5365
7957
8446
8944
9859
11274
5532
8766
11937
10199
259
1322
15480
16509
9422
12561
7494
9601
16903
16999
13672
12599
1132
2649
10168
11417
9866
16268
7212
7435
6296
4027
10486
11439
3405
6035
9921
10530
3918
12506
382
8278
16539
11209
9604
3042
10108
1597
447
9099
1238
1294
10497
16536
15318
6241
2373
3897
404
1337
2576
5878
16577
9390
13717
2735
15864
13588
10884
12826
2935
6322
7444
3948
5967
7855
4594
7936
4435
9908
1717
3744
9786
4900
985
1228
5534
3551
10997
8893
4716
2497
13369
3509
2726
3813
3584
10964
846
2242
12164
4076
6027
6166
9586
2098
4040
8995
5808
153
8367
1856
4268
8591
4314
810
11590
1286
10655
10150
4607
9549
8654
4442
6131
9773
2594
7331
695
4410
10363
7649
12714
15247
7323
16789
3603
7921
16945
3945
9426
12334
7549
2689
9571
11864
7849
8955
2008
328
4754
9046
7611
10224
12592
11181
3627
9880
7092
12135
5140
15569
4526
9533
7031
535
7670
12394
13452
13446
13119
13539
3939
7363
9668
9307
4549
2962
12936
11911
5885
3112
10726
12049
1382
7876
6587
16681
431
15686
1771
2217
1614
5485
3803
6412
6477
3583
757
8293
10967
12575
7048
11371
16249
5028
12012
1741
2313
3525
1188
13558
186
10214
6882
6046
16072
9942
12045
4397
12075
12547
12989
9759
3953
52
15930
16943
12621
13226
2429
666
11215
7873
3566
9382
1381
4192
4452
4979
4810
1760
273
9349
15792
7928
1484
7983
883
16563
11784
9351
407
12352
7685
7110
10783
7068
2209
12822
4355
9743
3661
16611
16689
11453
295
7484
8926
10112
3730
2672
16212
2529
11558
3472
16830
7123
10149
2643
3466
10811
398
9699
13280
1054
11898
3831
2678
8276
12603
3433
13356
1732
11384
3191
7192
2519
11025
756
10167
8884
13288
6141
6057
9848
976
4051
9685
8169
11846
9555
8239
15880
3672
5061
441
3855
2054
6607
9482
7477
9893
10902
3975
210
5848
1915
12790
11020
9718
3900
11207
7967
10343
8515
2974
9448
5054
6314
2439
5566
2647
16143
10866
1680
4938
12272
8450
10334
1556
4524
6044
726
391
875
12849
15750
16245
16653
10489
3118
5594
11768
1101
2940
13031
9951
2092
644
5429
8346
5176
16931
8132
16161
11035
7225
11432
3818
11169
10394
7357
4485
16659
16956
15692
11908
8520
6499
10169
10767
16483
7413
5782
5175
1379
9581
198
12508
2203
7872
390
5263
10396
15542
15726
5537
15682
5665
16340
13088
16112
12052
16809
734
15436
16486
306
10319
630
2712
4130
6562
4309
16766
1904
414
9227
10125
9031
7171
6251
11354
1899
8819
16647
5637
9843
8047
5205
3904
3141
16391
9037
8762
10704
16556
16736
6163
12785
9034
30
4021
4474
5317
11645
11183
7882
6531
1931
11491
11118
8688
16485
5113
12637
159
13469
1798
394
1432
15453
8694
7734
6871
3766
7823
12347
16802
8750
11420
5069
2281
10353
6632
6540
6368
9488
922
4863
9667
15775
6282
849
9239
409
11850
13663
11561
9633
4025
9135
2309
12096
15646
9425
11459
9094
7644
2337
12696
7591
435
15517
16902
154
7923
15922
1324
6178
10369
5045
5322
3458
11344
7311
13633
8508
699
10370
2768
4626
5063
12314
2088
973
13074
2620
5629
9986
11782
10354
8761
13681
4375
4072
14010
8013
12458
16399
16708
15434
8435
5373
2877
12065
7708
16262
7508
6547
16414
15304
12646
6859
2799
10525
11499
10493
16600
6347
7062
2791
9013
1291
7597
2721
15964
13286
15737
10276
10512
13419
11959
5996
10165
16164
5149
11248
16156
1787
8330
7096
3355
13370
16294
10799
3979
3032
11884
2971
13086
343
10939
7266
5530
11953
7135
5699
10950
5246
360
6440
5050
15267
1362
8905
9136
6136
8369
2275
9745
2099
11543
2321
5019
8101
6635
7384
42
13080
5156
16478
13616
13686
2997
8121
5939
10124
12292
16937
16801
3131
16069
837
7419
11230
12448
13643
15662
9163
11610
9083
7028
9162
5422
16971
15751
4907
13311
2881
507
5567
8100
851
13455
11143
2113
2657
13612
6162
4402
6949
16910
8556
10595
12062
4454
5130
12427
716
10653
15799
11110
3571
501
4433
4934
6847
13425
7406
11810
11997
2472
15717
5017
9417
4738
15205
11245
6441
7075
8806
2111
197
11597
3287
5718
3100
11634
10044
422
824
13354
7568
16408
6214
6460
15605
6719
16715
12953
12966
10082
9039
3427
5919
15669
8519
6783
1389
12939
11007
4145
5636
9846
290
2134
7391
4736
4386
5968
5662
5338
10254
11385
12286
5436
10634
6332
2307
15846
13337
16968
8061
4566
9996
5816
23
2206
10433
15505
8901
11539
15707
8894
1479
6065
5691
10453
5125
10311
11724
9492
9527
4647
8813
11586
8514
2709
300
9769
11970
16548
11546
8923
3170
12788
1544
9177
10911
6508
7960
3309
11918
1450
11431
3750
10575
5860
9020
11819
635
1309
12533
9535
3915
7056
16366
1494
16358
5158
625
5336
12895
4574
8509
15757
16779
12268
6351
7498
9640
7388
6299
11002
148
8873
1970
4104
12354
8057
8474
9574
12578
13243
3410
10663
1628
13400
11735
11916
12979
13497
11108
9566
1545
1719
3681
7141
9802
12312
3040
13307
13673
7197
8051
12367
1031
1683
6213
13002
12454
3382
5414
9594
3576
9246
7761
12430
4293
9923
16233
12859
8764
175
2351
15566
1276
11268
12480
10614
1721
11421
13374
2366
8421
207
15787
3919
12751
8442
16737
12333
7037
9025
8069
11380
2013
10439
2115
1359
1684
11845
4733
7399
504
11624
6982
11195
16117
11031
4727
5071
11723
11665
12896
5916
6379
1200
12476
16447
336
11170
7089
9111
11619
13394
75
7486
6827
16884
10669
5973
10194
11061
9716
4804
15998
12381
11470
6394
12306
1170
11957
5540
8961
16444
8500
4122
755
3142
11583
5190
5280
6468
9049
9597
3706
15948
6475
9765
9463
11517
7047
1440
1923
5406
7610
9160
13020
9427
670
6174
4011
16225
15506
11164
8476
11772
12683
11646
9431
11710
9723
1161
15349
10062
7659
5247
10945
495
5588
4480
2158
7104
5357
3521
1759
15912
5727
12524
3261
12106
4020
4870
10618
10578
5804
17003
5145
12875
3545
822
11262
1243
8180
15675
13605
16257
537
2447
9385
9489
2200
13143
6671
8217
13233
365
5932
5430
5313
4822
6764
5108
16866
4622
2322
12473
1476
10921
11239
15754
7809
6173
2029
4178
16835
8576
2928
10283
2338
543
7661
17007
8932
9519
531
310
10332
7877
7194
1863
8294
9303
13668
2063
4278
1137
4022
9705
11690
5253
2094
3310
11197
7506
4048
4090
13527
5619
489
950
12278
5515
12864
10508
16911
9631
7153
9119
2022
15749
13042
3780
16062
15377
9443
1272
3257
4331
16572
7746
16741
13572
2787
2068
4430
9891
8419
15979
1128
7230
9573
1019
13380
9377
180
7689
931
10752
16803
4291
7796
5089
7245
9569
16310
13591
11229
16243
15364
8309
1327
9236
7174
3047
16894
10037
2354
5857
6736
4794
12731
5325
10610
1028
7869
2039
8256
1666
4610
12602
3823
3438
8131
9224
10962
13671
6787
2796
3860
13598
8589
12007
7754
7717
12755
2784
912
3407
5419
3999
3397
4973
10551
3799
123
7169
9164
2001
3024
10251
10423
5576
7003
6298
5012
4529
9528
10004
12645
3080
6737
4692
5286
6530
12047
4572
15741
517
10095
8425
12107
5245
15449
4651
5761
8308
13131
11560
6857
11172
16210
6511
16677
7979
3579
8832
11111
16646
2440
1968
8580
8612
7609
2812
8828
16751
15582
4475
1808
16838
4680
12909
11152
16169
4131
12318
16231
4038
9434
2324
12208
1412
12204
16468
10050
2399
3951
9481
1313
12155
3408
15199
2143
2554
6389
4431
12910
7254
12233
9475
7926
16026
12855
15602
7507
15326
1098
16379
1300
8969
9322
13118
3589
15740
8139
15297
4974
3348
3978
293
4895
8719
7142
317
8581
9798
12283
10587
6596
11357
12612
16080
12783
3985
3570
478
3747
6283
13662
11902
17010
191
8954
11091
5614
9065
1578
4288
13450
673
8877
127
10145
6226
13310
9858
15976
8149
8272
213
5838
1894
11334
6651
7011
11708
3102
5171
8871
12627
8394
13420
8956
9318
10077
8119
11915
10676
8237
8358
8540
1292
6600
16693
971
577
16387
1994
12426
12980
13442
13538
4835
16110
3300
11120
16916
9479
11825
12033
1878
8715
2475
1124
7097
16788
993
6472
10189
353
3306
7466
16753
6369
10392
8128
5432
8052
559
1525
82
1451
1357
1954
979
10380
13459
11642
2101
5399
3854
12154
4925
9781
78
10647
9159
1306
8657
8882
4196
16146
13162
11468
2257
5487
566
900
16621
11297
7740
7943
5009
546
11117
11557
8653
6653
8883
226
12121
3936
5072
11465
2545
15427
12416
4501
13055
4627
2410
6557
12423
8366
772
3452
4578
4515
6147
1250
1900
1346
4952
8264
9892
4731
2979
8497
15694
7972
11643
13251
9748
3461
10292
16570
8971
8466
10351
11809
2207
16727
4721
4772
138
1744
4016
12258
11300
12981
6375
7258
2485
6922
11762
8613
15450
12477
5793
5391
1879
5453
769
6076
9730
5256
16227
3386
4356
6725
15555
10951
12451
15426
13284
4151
6755
13706
9068
1986
6391
4894
16865
2444
330
2776
7016
13012
12061
12419
11167
1766
4097
6542
2495
873
6485
8788
3158
4576
7664
6202
10488
7712
13691
8651
4117
5708
4995
16153
10221
1437
7496
1792
7831
1750
5700
4147
7226
11858
8575
1070
8372
12190
8463
5800
6711
2012
987
11759
11267
6236
2819
7789
16852
7732
15655
9179
6126
2461
3184
15683
7935
7423
5855
12787
15928
12057
7643
11000
6439
4140
7239
700
322
16860
11990
2822
12934
9672
16744
8170
9590
1377
5541
13704
7280
8079
5951
10170
10333
8248
10172
6325
12192
11352
15547
314
1626
1304
8976
9960
13642
5712
9944
2669
1217
4949
2010
4548
11132
7411
7971
8130
13182
6533
8355
10128
4833
6672
11280
6795
5228
3101
15398
7755
10965
5327
2548
2793
4396
9845
9801
13270
1652
11136
12962
9229
2546
2601
5865
15578
4172
3745
10721
6456
11099
6196
9105
2916
750
5997
7440
1485
3187
5766
9275
6223
649
13347
5062
12943
6841
4394
1492
11714
252
11219
11088
3657
13577
1818
13547
12466
10138
7538
5442
5224
16425
2710
15322
12605
6751
5739
16215
9074
2320
7448
383
5066
4284
1420
4414
16417
596
12782
347
7186
4605
9154
94
2839
13712
10589
9030
15969
3950
10348
7537
6563
16765
10378
4782
12098
16181
14007
15876
10057
4596
15947
16073
9042
2015
174
5754
8611
4838
16010
9436
4391
2918
5644
13163
4912
4079
3012
12243
13536
1778
2611
13030
5241
2991
16848
6108
8012
4640
16768
8449
9514
11492
1408
9077
12158
9887
11001
11226
8125
10708
4752
11655
4642
16489
8004
13151
1664
6478
5872
6103
6574
2435
15509
1510
16628
13115
3844
5010
13087
8793
11305
6490
9260
15866
8412
1021
9825
16412
10558
8465
7640
4458
10445
4239
15994
12945
6323
15470
3777
3908
12619
4779
814
3480
7834
1072
6782
4045
4253
6601
9022
4828
4593
1267
8189
15491
15519
160
13190
8368
15816
12692
6482
2705
272
15804
8712
16373
6073
15926
12894
236
8984
16635
5157
47
15965
15595
7158
3715
17019
13201
8778
2163
13454
4698
2424
13604
935
15658
5210
3651
4446
7080
3206
5262
16333
6693
3165
15765
3299
7420
4598
5018
7173
11391
5147
6566
8533
9778
12738
8095
7497
5856
8913
12313
10297
12496
7505
2617
1047
570
10448
6686
12892
6715
16591
6925
16781
975
2091
8218
11162
9472
11606
774
12918
12544
7015
4340
10250
8067
3546
628
9405
754
8385
13037
6118
3084
9761
12377
6659
10977
12114
7817
5464
4905
1776
2880
1752
9499
1821
1050
9171
2426
8438
817
761
7919
4349
5452
12488
16542
12241
10313
10262
12180
6148
9768
16362
8443
12168
5356
6634
16348
5725
1701
3157
7778
7728
10961
5408
10979
2965
11412
2451
16582
12817
1278
15371
3120
6274
663
12240
11510
1387
6727
15565
7269
16460
1901
16308
5367
126
3565
2130
7314
1631
10555
9222
11180
6731
11709
667
3914
5956
7024
1284
5809
7447
2315
12432
16713
8082
1378
770
9271
7012
4761
16710
5826
4379
8639
12349
15272
1862
13351
13659
869
13238
16525
8638
16380
11544
288
12657
15999
13478
2515
6570
10217
3164
13272
3486
12805
12034
3264
4200
9557
15691
2788
2308
8015
5875
5682
16
8759
7025
917
8857
7623
2730
10706
3459
13470
4880
9878
12210
4619
5982
7281
4305
8185
6312
11414
5877
1449
502
526
4289
7157
4559
8384
2236
16053
2809
15810
10651
6510
16406
6091
7867
11335
4443
1656
2020
12217
7730
5486
16994
10830
3404
10968
11722
587
1152
12717
13548
8786
6273
3044
3873
8666
16040
3721
9764
13389
10742
12965
8583
3469
11917
3424
10798
16711
2296
802
915
16190
7059
12319
16182
1610
7083
7939
4830
16680
8970
1393
4514
12396
16270
15581
5705
11067
11317
6220
1976
735
7299
15855
12382
4281
5073
7
11895
3857
16791
12686
7665
8429
3861
3436
3705
16562
1078
10914
12495
2844
2102
9657
5559
3695
8708
1981
8698
312
11457
15355
9826
4173
4608
7297
12139
981
7585
6146
1380
784
15801
2584
10903
1893
10418
11477
8729
11271
9607
3086
7856
4690
10155
12613
12246
7878
9889
550
11816
11100
12439
1141
617
12063
298
12921
12643
9620
1117
16187
15929
16633
2005
10469
11430
16673
16493
9959
2032
13054
9089
8740
5897
8577
765
8802
2180
5212
16130
5889
6913
12044
1048
6722
9182
16369
5935
12186
13187
7536
6631
1914
12773
8649
11436
6713
7480
2630
3303
3809
10652
188
9072
16479
1530
9828
7941
6732
5719
10976
5755
4704
9109
4597
1225
4707
16658
557
5202
3973
3087
7779
7752
1235
8441
4390
9984
15369
4004
3647
10517
4110
574
15527
4677
11107
9615
8598
2364
16875
6010
8163
10701
6258
7744
2992
6480
15956
9458
659
5330
10648
1414
9466
2052
15884
6183
9014
15407
6405
5928
8625
6619
9635
6920
3524
8077
10296
10015
9779
7688
3527
16039
2003
12294
1099
3305
3621
5634
9814
4799
11288
2527
4817
2021
1973
13320
7302
16234
17020
9447
4206
9026
1843
11411
16345
10470
10864
3250
3231
8791
2188
3949
10069
16868
4427
17000
13579
4848
16237
240
70
6290
8725
683
13077
10899
13283
2386
222
17023
5578
2731
13396
8686
15310
6707
5692
10683
179
6099
5035
8261
16306
15501
16879
9538
5216
11989
1955
3143
8978
6811
15744
12973
859
11115
3542
4358
3899
10270
2159
15599
9004
3554
7073
1197
11394
16721
3392
2391
6930
2666
3319
4785
1886
10743
1577
9622
3484
15853
8336
1402
10548
10734
6770
4993
15466
7729
9411
6466
7347
10820
450
6734
3450
9096
4542
16058
1756
2333
4249
6797
16806
6425
11
7049
4580
7890
6855
2004
1169
4573
13070
3201
4657
8632
7808
6198
12836
6227
16967
10860
9928
9337
15375
13435
16003
10024
7713
12374
12967
5029
12535
12873
396
12402
8477
9300
8245
10473
1277
8020
9957
3905
4310
12080
15552
8825
9902
16925
16070
1035
8572
5562
1317
3296
12928
16481
4444
13526
9415
7892
8647
3083
9591
2072
6523
8267
5687
6132
12924
11526
4546
3030
2917
5525
3081
11151
16022
8753
9453
9553
11796
15385
8296
4166
9256
1023
8177
7627
9983
6752
9639
6778
9221
6276
6822
12149
4224
7827
12828
9120
5784
10633
5214
8536
11049
16458
719
11785
8203
5400
7739
4521
16214
8897
16115
10831
10457
4364
6134
13487
12734
3151
788
8776
5620
15549
8840
2763
156
8423
9747
11950
1373
2663
11469
425
12132
12092
12525
15380
15753
3441
7129
3394
190
1833
15337
8393
10818
16949
10147
1210
5949
2058
33
8401
16209
15382
13344
12093
4119
8887
2574
1533
16401
7058
10110
8168
11269
11623
5413
11896
10538
2198
15454
933
11533
6598
8483
10198
5131
8566
2734
6969
3886
12285
205
2389
2229
5435
4111
13016
7277
5714
11693
11304
13183
1062
3920
5728
925
4144
5825
12016
4633
13666
4897
11416
2932
1347
176
1979
6137
3342
3106
7036
12218
16089
3578
9128
2789
15315
12874
6207
8090
4987
7952
11129
10071
13693
5421
8908
7514
15483
3128
2773
10329
3907
10449
4002
7706
4479
372
9278
5810
232
11651
5764
3707
16411
129
5329
8254
10282
7618
12091
2314
11039
8333
2715
1365
7894
4077
1088
3124
9837
5144
4860
13366
1143
6518
327
3994
9441
2636
4837
12437
541
11840
8846
5625
3811
4777
7415
9693
16322
1728
6284
2144
9948
3764
11377
6293
9783
11224
13262
6785
9157
2699
16831
3071
3119
5198
8899
9920
5412
10193
6215
1559
8644
8730
16637
8365
15636
10797
6301
16543
519
15612
1500
6823
12464
7569
8491
10239
10252
8705
9632
325
11629
1167
5369
15523
1772
7128
4708
5126
6175
8165
5366
10021
32
9266
12361
12912
9183
1524
6928
16675
2563
5462
12482
4380
12675
3933
16119
1569
15536
8048
15404
16717
2684
15619
549
8469
7134
3842
5343
1394
4334
1558
6893
4678
12281
2462
7455
4269
15679
4008
785
10359
5271
7934
10827
379
3065
7905
9329
6493
2887
11386
5641
3027
193
8104
1452
111
13737
9292
434
4802
2949
177
16742
16014
6212
9127
100
2390
6843
1127
2496
3455
2532
12882
3249
1186
2037
6643
6908
9383
9593
2728
13416
4978
6516
8506
16588
10630
16669
10935
9494
2191
10468
5496
1736
12601
717
12994
8279
1056
7680
9363
16183
2564
7879
15989
13269
16285
16229
7898
16172
6320
3182
9406
2905
15373
12857
8959
8219
3772
302
16917
11973
8250
16811
2325
11227
9185
6056
4473
492
4434
16630
5600
5
4681
393
16186
15493
11029
10070
2719
3752
9808
16605
4888
3031
8879
932
2729
6526
11399
5026
6324
2205
5278
1410
862
1114
11967
4109
12159
13504
9904
11549
5235
12438
6622
16194
12400
8194
7710
2300
5992
16824
500
13569
2869
2048
184
841
2356
13566
9173
13045
4749
4155
8074
12628
11173
13438
5259
8487
1864
2878
8977
4081
8147
1669
12262
2850
15472
6612
4439
1349
13447
9737
10786
800
2743
1993
13618
2595
11946
12189
6543
3244
8212
3952
12893
6965
1338
6362
12545
6603
7176
12821
906
1720
2961
6867
3330
13443
5099
3834
15370
9974
1090
9228
8850
12211
12170
3075
6102
255
5591
16048
7365
6610
9149
3015
15573
1944
8635
16887
10322
11705
13125
10257
13721
1297
675
12415
8364
7950
161
48
4665
11084
12097
4702
10817
2987
132
16819
5363
4946
5081
991
9076
2824
2954
1249
9961
8233
7647
3964
8339
8860
3208
1436
8447
7795
6629
1027
11094
8599
2762
16200
10346
1504
10187
1011
11702
496
10960
2741
2865
4359
5592
12723
1613
2232
6804
8934
713
7303
12279
15220
3196
11535
11206
7515
7307
12594
8352
2862
8122
1977
10255
5064
10740
11241
4152
11907
16626
2760
7467
8546
9834
6096
6267
11617
16280
12421
12625
2913
5633
9952
15959
4277
9015
16240
15942
9084
13180
8985
11058
16951
12809
4354
7895
11434
2265
4970
11748
16957
11572
36
6077
6081
11839
13444
5556
6238
11131
16455
3910
6064
1730
930
5220
12434
223
5798
6289
13083
11978
11683
3321
6884
5340
2360
10691
15269
1842
8993
12084
444
2866
292
2408
9654
41
16337
13406
9642
15887
4369
9328
12523
7552
5909
1836
6443
10132
2135
499
1963
11072
9766
8193
8674
9754
16981
2707
10855
15591
6899
812
11936
1223
5022
6470
8241
8359
16889
2055
3468
13345
1265
11307
8103
5669
16654
1311
2181
9200
607
11279
9398
15752
10853
8559
11193
11082
5454
6902
2375
6897
10308
8190
3808
2127
11318
301
6777
9967
11121
9683
2288
12032
5362
11541
1370
5203
7848
189
13493
13614
10617
8543
7298
7133
2146
10210
13362
5610
5977
3686
959
7159
795
9416
16932
11826
2950
6790
10118
3623
10471
16221
16410
12380
12530
534
90
3113
3631
15974
3814
10772
2723
12405
654
12056
3930
7829
9955
4668
2521
15987
1998
16880
2034
11818
7387
2147
5503
7617
9872
1397
3580
11211
4042
787
11988
15936
137
1882
15330
9259
16703
5046
10178
9717
6006
2658
15486
4448
8370
7743
9871
7995
7519
2318
12757
15968
8619
15852
16515
6278
15640
490
246
15414
12663
13059
10894
6748
8378
7190
8889
11899
1927
11697
1563
8495
16395
9016
10654
2237
9142
3739
16566
9785
8059
12353
5892
12552
10030
3096
11874
6142
10484
16922
3895
15610
12250
4201
1469
10690
8448
8744
7521
3638
8867
12362
2224
11834
1688
4851
832
9788
16952
2201
15242
16535
5929
1204
7722
10101
1605
4728
13039
2651
8400
2820
5335
13025
5709
2395
83
13271
9770
5696
5850
9682
10839
4463
16507
7149
13274
850
16397
2473
8618
5397
15767
13357
361
1005
7736
1260
4584
4773
10231
16273
11905
1912
10631
10937
15809
4862
11859
16028
11862
6413
12848
13608
1561
287
3637
786
11157
16409
5548
12791
2948
11367
5737
10670
2306
10360
13198
4853
4552
9324
12854
12631
10009
3317
4263
5217
2517
721
12449
13426
11210
9403
8773
12069
13100
2480
11158
6427
10852
7039
15836
7120
10598
8602
1514
16353
10983
4856
7527
13300
1612
15771
4844
4899
619
12221
10574
5553
897
13298
4176
13091
2598
7168
2189
2492
1509
7859
1586
7010
8998
12702
10295
15733
16466
503
582
5852
15958
2343
2646
12819
3475
2623
10115
589
10757
3064
7541
6754
2040
10238
10871
4322
296
7832
6967
2179
3247
8032
1992
13467
16083
1659
1195
8109
28
13421
16314
2580
16608
7295
4516
9726
8022
5564
1376
13701
6106
2960
8041
16825
333
11966
6999
2330
733
15409
9386
5599
3435
5059
6350
7327
12206
16473
12644
11742
86
10936
16430
5821
11175
2304
730
1796
15776
5507
9056
9906
8019
5869
6133
5331
4112
13415
1583
4429
16508
2222
9367
7782
9402
16477
10776
5726
5011
7492
11458
880
8161
7727
2007
11658
2218
2795
1557
7443
3503
15343
15308
11684
2671
15376
747
5557
10892
6826
3714
13464
11063
13177
10573
6121
5787
10998
3284
2813
1211
7396
10273
2929
10594
12998
16907
5832
4976
1694
16888
4292
11512
8200
11803
11788
12219
2969
2947
9317
3
11837
16324
2984
10012
4248
7885
11330
15732
16987
791
1820
12763
4184
3974
9736
16891
1314
16519
13006
9088
1897
10442
9108
1837
16555
8800
623
12725
8992
6189
13303
16351
12296
4666
16151
3531
1800
11564
3022
11189
16587
11252
4806
8523
10973
4338
11527
1709
624
1006
15415
4295
12618
9702
16746
10755
2695
16569
2044
401
16035
13053
12000
6087
10692
15482
2404
11793
12647
3913
15526
16388
6541
5114
2528
12260
13040
4482
12320
13176
1698
15391
9694
4585
172
11381
16144
2483
2737
3240
7606
7575
16476
2302
1083
8298
2875
8042
3664
4508
6395
819
16984
799
16885
3269
8010
7977
16185
12013
10958
1182
9244
15607
12256
8900
4478
6733
15532
11013
9914
5750
119
4617
5905
2245
3442
9380
6097
2815
15235
4445
4984
16418
15988
13129
1125
16739
7017
1080
5055
4326
11064
5883
7602
6837
12297
11906
15670
10181
4403
845
10223
16198
10883
10078
11707
10926
11365
1961
13102
2027
11568
1266
12302
13557
16759
3129
1433
3932
6934
16139
5350
4047
11287
10088
606
4523
6985
6975
4209
13306
4030
9438
5914
8608
8953
8454
8028
10419
4763
3520
8127
5463
12526
3696
6112
9336
7653
16404
1769
6839
11695
13009
5110
15333
9176
1133
3656
8697
664
15388
313
6084
6575
12982
12008
16758
3464
6484
8553
8102
12436
1582
10643
10102
6401
11345
10036
878
12358
12136
9940
11040
1575
8314
13714
6720
10300
8202
3876
10383
7751
3266
9057
10552
2756
7170
7414
8317
711
10710
9365
6240
2484
3680
3409
3548
13033
13329
10673
6151
4115
13445
2295
6990
3636
16469
9484
10563
16323
12130
5078
16666
7271
4884
2271
11292
15702
254
5459
13529
8305
2996
4318
2832
9021
12175
4609
10664
11520
9874
903
15598
16421
2050
9973
2525
16452
9457
6069
10164
10846
5194
3443
16033
10503
10413
8251
7087
6168
11867
16881
3700
11765
9734
12339
25
11062
1596
12327
8216
12224
12728
4809
6615
440
3858
6689
10763
16355
15642
7896
7478
5105
7318
13169
326
7111
12515
3837
7206
5301
10819
1237
9731
7933
5178
10501
16982
5403
2605
15626
15587
11827
16364
10444
6078
2365
7006
13094
1639
5401
3794
6438
8201
1102
5480
7695
2277
533
16502
5867
573
319
12964
12101
12565
7973
11463
8623
6123
614
3790
969
8210
11534
4497
3728
1470
10152
1332
9933
1454
6192
12479
12729
10980
9652
3095
16568
2679
16723
4233
15745
7430
7353
10560
13537
7631
4416
9364
12055
11340
13089
10084
12938
3156
13205
5976
1242
891
13014
7763
6584
2423
15921
11815
13058
2748
9822
729
10988
10682
8749
15511
8845
6773
134
16676
835
3364
12275
6092
5257
7273
2550
12269
4339
5291
13255
749
4285
11079
3211
1293
1935
16919
8758
8817
7975
16787
4831
465
12443
7841
4703
9649
12745
10161
2670
1854
1834
15422
12635
11353
2650
5250
9338
16175
3781
12126
16281
8307
16871
12833
15265
3099
5733
4674
3183
10463
5533
9295
5134
9711
13072
12991
9060
896
5547
11216
12125
15593
10301
11234
7479
16226
11985
3262
16707
12038
12536
12862
5440
6255
5734
4540
9309
2626
11848
6936
6373
8772
12205
10948
7093
1342
3134
2804
3609
4722
983
5879
9274
8287
12829
11008
6195
4686
6577
6940
96
6565
8188
8472
986
13
8818
6894
2279
11691
2486
15875
5531
6014
7264
13864
12741
1604
9156
13172
5037
5300
1848
13141
16311
3980
7380
1674
4757
10227
12393
11836
15589
367
2312
10600
8123
276
9413
13244
2860
15954
11595
6874
1458
3232
13079
1473
11537
4893
12113
1921
9315
10613
1160
16370
2437
6491
9333
9350
8285
3276
9804
8731
2577
1447
16527
3676
3173
12521
8838
12385
8331
142
12847
3602
10340
7383
2854
1363
12684
11545
15439
12748
6786
948
11446
1576
9903
3125
9674
6986
1487
2535
2156
7844
5768
10842
11308
3713
8222
11392
6521
10185
3896
4855
6184
3888
7476
7244
10668
4714
11939
5374
8247
11750
9471
7071
3163
7188
8573
5123
11960
9520
686
8080
13290
16480
12177
10640
725
9500
8231
7600
13220
3535
16745
12735
3552
1667
11089
3056
3518
3037
12781
7253
11179
7434
2025
11440
15576
11259
8534
522
2727
4317
1903
12958
12290
11066
8316
2204
5351
5781
12564
12840
2170
7177
10073
4530
11286
10060
3171
12115
1508
9113
16220
4341
12317
3593
4846
5648
9508
3235
3251
5568
9230
2818
6003
9007
1827
6886
16923
10510
2874
10315
10434
3098
11771
629
16098
9091
2691
1803
11155
1682
16091
10200
3457
10814
8518
12188
16260
6113
8192
13516
1372
7997
8948
5458
3568
5582
6457
10271
6900
304
5292
8972
8075
16997
9606
185
39
11306
1404
6040
5295
1816
13166
9335
1731
8704
11199
16061
4781
2977
1199
11261
12348
9052
565
4570
10377
9459
15489
11763
4057
10526
13073
9195
7020
8669
10431
9033
12898
1529
6295
247
9010
2246
11952
5275
5693
3615
5778
6703
16961
51
10713
11043
11857
13523
7487
16247
15314
7082
15306
11423
3138
2951
11010
3990
3372
16232
9445
6277
6690
12573
13004
187
12762
12494
1751
4225
12598
11999
1165
12680
5941
65
10323
10586
7183
11594
11800
8081
4055
11485
16969
4713
9741
9749
4204
15562
6360
6883
12520
13525
6726
8156
1877
12866
9994
5788
7402
9525
16403
12969
8677
5539
2939
1892
4940
5390
15418
585
2107
12752
6694
2124
2292
10987
952
5985
12026
7660
9728
5091
1615
10105
3989
16096
8223
6039
874
7379
9347
9624
8604
15393
3107
4157
3010
1025
10513
15828
7359
965
12472
7193
11889
4780
2588
1866
10229
10843
2766
5811
15293
3462
8120
1926
10896
15666
9316
1457
5954
5500
15563
2359
8951
12389
9175
4909
8360
11805
4796
2544
13580
5908
12404
9469
8065
5546
3254
8711
15772
1280
11302
653
16296
1600
1783
12905
13474
8280
10715
8587
1883
9035
6829
11627
10040
5823
8137
13210
6435
11350
4123
2000
7679
10519
12970
6561
12831
12839
15383
13208
10930
728
11142
324
5543
6941
10109
5473
1999
11566
4244
4771
5963
2687
3203
545
611
10619
12326
15891
4395
10612
11087
355
10016
5032
10204
11508
6851
12422
10702
2247
9558
12720
928
748
7118
8564
11733
6143
12636
11122
8117
10549
11503
9211
6898
946
3847
15540
334
1535
753
9895
457
4892
4193
6679
16470
7718
806
10389
10011
26
5306
11786
12119
10107
797
10720
1453
11807
10117
12880
9515
7378
13064
5000
2891
7801
7373
11134
5604
15627
11146
2575
9218
6756
7034
11875
710
5910
11555
1917
79
11924
6231
8034
6793
16023
586
11983
15554
136
15768
11926
5570
7584
7588
12798
8475
829
889
24
6912
2921
6155
16180
2688
892
13191
527
15696
5404
9339
9048
6592
11240
1950
1889
8763
3729
6007
13496
783
12200
10342
15923
6538
10623
6818
1173
10711
12800
7231
8862
9521
4406
5668
7163
4684
5785
7595
2973
8335
10480
9462
13120
16376
15893
10120
3419
6259
11478
12553
7374
6234
15901
8856
10876
8782
12147
840
13431
3940
4709
2348
4818
5706
633
6708
4074
10235
11203
7195
8434
7289
11758
10972
15747
8320
8925
12165
10916
3669
5958
1543
8755
6083
15778
4695
1967
9387
6315
11314
4382
15897
10915
3445
11347
2530
3377
1873
6321
10055
16318
7641
12744
1386
10703
4849
15946
7019
16970
11266
2239
2
3906
3449
2016
9656
1566
16719
7581
4460
2334
3553
9537
2794
12391
7136
8933
1606
3178
6150
4496
5835
8376
15924
15652
7182
3598
16665
4118
11647
17013
11153
15335
12843
8621
5817
10436
11641
8804
9220
10546
6591
151
3192
7425
5056
12543
16974
4898
6800
16272
4095
1824
1547
4419
592
7375
10754
13522
4960
9993
7152
4562
12941
11745
687
15830
6528
5150
6953
11128
3564
8181
16056
11103
8295
1444
13424
1213
11823
4696
7720
11483
2184
13047
9618
881
4037
15313
6066
6008
2976
8565
2260
5444
5318
974
17016
9299
1911
15783
16407
5238
2087
5084
6972
10908
16826
15961
12777
16133
5549
3465
8774
1174
5418
6784
11654
15448
9460
11901
5151
5405
13309
6486
10861
16428
3437
6313
5786
12440
4311
10851
7684
10509
12099
11372
2592
1960
22
2618
11832
7072
11554
11114
1541
9141
9610
11944
902
6716
4455
8479
308
8504
2642
7369
4436
3732
7723
10302
5417
4776
808
4588
5166
1254
5862
3334
9999
157
5676
3986
13297
8810
9918
13136
7573
8319
9930
8775
10801
