2819
14386
10258
10522
13885
13560
10380
9350
8287
15243
5997
11970
1016
13376
4432
12805
5247
5142
4988
9077
12160
2823
3882
15809
7841
6879
11109
1061
11238
2530
3533
1949
4183
674
3844
9637
10738
15219
11480
14618
1934
13541
15718
13961
4828
14845
7105
14235
5045
9662
1872
16166
5925
101
6401
6948
16551
2746
15814
6808
1675
1514
4496
514
13069
13086
4268
2942
2792
883
13426
14738
14908
15096
1160
7039
5557
16792
15449
2826
957
9171
1678
13364
3383
12325
8520
12875
10353
9894
1031
16383
5607
13997
7862
9244
7857
6064
13388
5664
6422
3143
7185
8274
1034
4281
7158
1606
9626
11487
9333
1848
11961
358
11718
16177
10557
16013
14116
9348
11255
9873
6938
11160
16318
1442
4663
5647
15423
1985
7024
10821
12095
9671
2111
10879
12653
15822
4038
12309
10987
16228
11210
4841
11417
15037
9947
12401
2837
4382
15868
13035
152
1935
1215
16609
2050
1095
5350
1671
13389
5357
15694
11355
14709
4525
9268
10966
12400
10326
8535
13346
5285
5616
4159
15796
16696
375
14013
4318
5227
11660
1758
73
16961
15761
9276
15237
15143
6253
16379
9673
297
11019
9985
14934
9692
3309
2575
1286
12573
9264
6394
4732
9644
4921
12761
6930
6561
11199
11547
15993
1126
14801
12915
15832
3103
3321
10056
5184
5388
9901
4453
984
14390
8292
9506
13844
16044
14423
3351
2325
7101
6682
11722
12576
138
5610
605
2373
2218
15748
4847
3193
1760
12817
4772
13924
3459
2384
12342
12144
11242
3793
10994
16831
4152
13704
3523
6571
16237
1983
896
1343
4247
9608
14633
16015
9743
4931
14318
5343
13200
13944
3714
5887
12359
10130
12053
10062
15350
16891
1436
16394
13525
13076
13409
3977
4768
10006
7086
14171
4565
16420
5395
14470
10973
15661
10961
8632
13647
15110
9591
4984
15691
2458
4953
9532
4085
7055
4873
16047
16470
14607
5209
4699
6633
15841
5100
11047
10895
76
5158
15157
14439
13246
5513
170
1199
1084
5138
4109
5020
6388
15816
16663
6296
10656
10511
5141
5192
4985
11748
15362
16930
9865
15736
3082
9227
16837
2307
9040
3552
13186
15821
6188
3151
6484
2632
16136
12382
15799
10844
4436
13784
15639
13300
13126
13042
10044
636
14753
13303
14028
5028
8344
16084
13580
9642
4006
15052
4564
5410
4163
15210
9338
992
5671
2867
15610
3837
14935
368
12051
9775
11727
186
3147
15311
6407
10448
12465
2645
6145
2208
4542
598
15719
818
12632
4623
5493
16076
513
3218
14023
16941
16248
5763
12057
3543
14467
11637
2827
6019
3938
3001
14228
461
357
12036
1772
3923
9544
10430
10598
13052
16315
10476
6307
4625
15570
12798
2973
3252
9892
12868
4740
2468
13144
16562
5800
14570
14816
16316
3168
10661
2271
13156
9219
14075
6698
5811
13482
289
14780
4132
11118
3041
11119
6544
13829
10449
938
1643
13318
4469
1937
4682
1948
5967
4189
8980
11309
462
3803
16107
10066
4375
14949
10433
12483
16334
10923
3170
11120
15008
16819
16855
13607
16800
5225
10678
633
6414
3389
12793
11997
7015
11735
16322
5989
5054
4145
13906
1298
4938
4842
4644
2301
13904
3917
474
4320
5442
15576
15878
221
1792
10190
16296
5815
737
10947
2344
2697
817
13926
9408
9093
3871
11378
4425
10890
13261
110
2505
15983
11046
13776
7213
4322
3261
15071
12196
13149
965
8578
2613
5747
10711
10259
2474
6471
12551
13731
10506
2382
11559
1656
3293
14212
2628
14040
13428
16516
14587
12322
6584
12356
14221
12788
13078
12596
10120
16173
1910
2380
5324
4590
1179
11312
13054
16294
10894
1853
11910
6309
8032
2431
11475
9310
9458
13338
10175
16070
9132
5659
14690
6456
5845
10828
8175
2368
5496
15696
8305
12579
16189
9663
1256
13626
10558
2915
3818
13842
16725
1014
6742
2937
835
12929
15715
8815
16258
1796
2610
2605
3591
15737
16870
6202
4050
1394
15348
3888
2923
5510
1146
9600
13565
3527
8355
12691
1260
12965
14869
3109
12223
15010
16547
4207
4404
11824
2369
4021
11957
115
6213
15130
1180
12451
14763
14181
8
3674
11404
4646
4529
4967
15981
9100
10113
12317
4024
16118
6933
11338
671
15344
3204
2659
5311
2979
2835
6977
2003
445
2813
4476
4157
16082
5955
14481
4465
834
11985
10104
13874
17003
14429
13414
3661
16484
8427
544
5636
15497
2238
15634
16410
13046
13860
14911
5218
14523
7099
4259
3122
6729
16536
277
2337
4854
5751
4558
4770
15014
3733
3813
4702
1526
16573
15469
1658
3732
7986
10232
3425
12467
747
4269
5055
6648
14070
2266
2701
5479
1969
1509
3810
15935
14929
2564
14560
63
16190
9290
1641
5452
11628
5351
9796
9682
5265
2863
12327
3723
12661
10883
3640
15658
14008
15361
13517
13500
600
5302
13453
10597
16714
84
9156
3698
12341
9439
934
7844
9026
16482
593
1288
13769
14967
10832
6738
12658
14029
12753
699
5213
12546
14706
11163
1321
3233
13638
2700
6314
11980
11817
12396
16343
1280
467
11134
8508
4003
12488
4387
12136
1676
10658
10129
5535
4557
595
14400
11919
10317
13285
6325
15183
14665
13469
16251
16435
3013
471
2706
10691
404
2620
13582
4426
10405
12636
10015
3910
2929
3463
3939
9422
13744
507
10540
4015
520
3077
14377
12460
5123
10825
3036
4129
5708
2737
3270
12206
5526
14369
1548
16524
15562
6215
712
14679
10291
15023
15133
13282
7930
6293
3362
2996
14791
16353
5113
13942
6941
5741
14872
5262
1311
11304
16650
14334
135
10297
1325
8993
5233
6308
11512
6006
791
3195
711
14742
13815
4246
14107
16000
12890
16355
781
8700
4364
12657
3613
10020
14121
10578
11188
9243
7778
9896
5995
12770
4701
2862
13908
4314
15887
6727
6375
7112
9178
2983
9136
3997
354
371
10121
3824
16922
13767
10730
5057
753
16771
2522
11969
12882
3891
5489
11649
5850
1570
11230
15852
10937
16369
11061
1275
5159
16630
240
3337
647
4741
3645
15432
11349
9256
14155
4788
5428
3376
13166
3022
12321
2669
6553
8751
4313
9881
14734
14727
12622
2469
2185
5154
11605
6219
6671
12842
3526
10873
11277
12597
1307
13350
13349
15145
4304
5650
12937
8758
568
12938
11842
10520
11004
3580
12190
318
9607
16847
10800
10643
3413
14827
144
14822
16537
3246
9084
6089
12922
3753
12850
12436
10305
5773
14997
12525
3436
10788
9481
9144
16530
11397
14172
1843
12241
10545
9529
9078
6321
3271
15456
12625
16902
15734
9560
6795
15149
9060
4514
12731
12299
14045
126
13538
5879
11557
13447
11030
15875
14000
12001
266
13117
3685
10874
868
1709
16689
9647
1043
10772
15971
9285
14651
9539
254
15735
3922
3454
4930
10816
10596
9764
1756
15315
13558
15704
4944
730
5099
10962
2299
3194
180
4367
5211
16138
446
5685
1239
11387
1071
380
11759
5938
627
903
55
13179
11998
16519
2608
4932
16040
9554
12440
7220
13958
6614
9261
16289
468
9474
11054
3221
9724
11183
10169
532
12011
587
12557
9957
5602
11099
10102
5505
12068
11483
10088
6542
5810
163
10002
12218
11757
3509
10101
3794
12039
7146
12147
12512
4141
5554
1976
8857
14857
9176
10771
6993
9769
16046
4294
491
8740
11789
5906
5707
9074
3689
5600
4845
3672
13294
5037
4912
4005
8441
13070
251
10352
684
2801
14777
12650
6794
3599
5571
695
16802
16878
15762
11820
9382
1851
16476
12745
13104
3843
3010
13569
15405
6138
11514
1028
409
16821
10106
3104
2138
579
2073
9811
15927
16119
5673
15464
9116
12909
11040
8360
12536
2124
2055
1073
4995
1786
11851
16942
11136
12781
15759
10734
8097
15837
11520
505
5147
15807
4588
12963
15402
16866
9795
10043
3557
10188
4864
11481
3216
12762
16437
872
14685
5777
13141
4107
13720
9624
8604
3197
3697
188
16529
843
13804
7036
3324
16768
12532
10202
15703
1294
13856
2495
14678
11705
1449
694
15888
3446
2232
3816
14210
9566
2405
9618
3606
6551
9828
6052
14926
15039
12790
10375
15347
8780
8840
5805
15076
7925
13341
3781
16520
15060
1471
421
5847
16704
11018
10408
16278
10125
12486
6712
11931
16429
7117
12032
6713
931
4737
13597
11890
1067
4347
10789
10359
5801
2681
5384
1538
11847
2756
16077
2122
16993
15670
7004
2788
4516
8644
14894
4790
14819
14188
9209
11862
941
11661
11175
1334
15030
13163
1244
8778
12660
9785
5509
5430
10892
16270
14282
2602
12063
1033
11730
10492
6732
12056
10741
4004
9452
4245
15992
1187
13385
15929
6962
4538
5136
16563
4329
2830
16646
3319
352
15058
13442
4371
3172
14119
10038
15314
2456
1370
11178
575
15278
935
12509
3943
14605
13483
2065
898
16853
584
4491
14219
12475
5531
2466
9465
8505
11538
13865
1088
10362
881
2044
11578
522
15104
9185
10713
11995
1270
13467
16095
16794
4362
2029
7136
9613
7884
5682
11334
10149
10737
15280
15624
13698
11677
1757
169
1196
14953
10657
14180
2878
15080
5164
4299
1841
15073
11873
1687
5663
3639
8672
5587
16701
16955
4916
894
11891
5530
13197
3880
15396
16336
973
15615
4821
15795
15070
7962
10472
4989
1381
6189
12611
13269
15838
10468
5748
13495
5243
4961
11340
12127
9295
3326
14692
9760
13250
4560
9049
5760
14150
796
12515
2969
11326
12375
9238
2603
10521
10807
9987
14226
1316
3281
10367
15601
14733
14010
11248
11522
14004
3467
581
16404
13302
2160
1824
7053
9935
4645
5629
2036
2379
16893
16966
14152
3919
6526
966
4226
10641
13445
9937
12048
12149
14585
9443
3458
6992
273
16198
14514
11843
3705
14059
15017
1336
3683
5653
4055
12606
10213
10080
14672
3496
7875
2027
11028
12412
3397
2144
2540
14455
11418
5001
10660
3152
4437
5905
4186
2075
5041
997
2422
14645
15858
232
10215
768
10011
10588
3945
305
9838
5855
3328
4751
1614
1673
4657
16913
12599
9451
12926
13343
2527
2978
13210
4447
5547
12031
11106
4420
732
14435
14005
9065
6246
12406
2225
8497
1881
2843
15709
13911
10549
932
5200
6590
2412
13309
7869
12826
11708
1367
10888
13645
5078
3174
9112
1573
1857
4063
13891
13660
6862
1501
9598
14317
13535
15078
12455
5260
13996
13491
15263
15645
670
14340
10167
3846
5092
10982
9101
11870
2284
3598
16395
7078
1542
1150
3066
1041
4016
11650
6378
8636
14346
15420
3116
1417
9903
565
13403
13571
16354
11226
2889
17015
1594
6497
11453
3969
3405
10340
11858
11065
9550
13398
4174
14796
3622
7138
5974
11150
16523
182
2911
11101
10778
9910
6047
2049
5929
13154
7194
173
10850
9943
3571
714
780
4143
2439
8898
11887
12548
11857
2331
4703
14565
4032
15900
10627
11462
4548
14062
13775
8821
8289
16795
15692
16778
3137
16262
11228
14828
12402
3071
15128
2838
12454
12828
14359
5364
3788
9513
12699
15808
9753
11436
2109
2220
12128
10325
8622
16380
8462
6909
13014
12808
1502
12121
10721
2198
16928
11663
14555
12351
14703
14568
10704
3448
3581
2250
15187
6921
11299
10867
4279
4537
2491
13843
364
3378
16220
9938
15804
10372
8642
16832
9061
4148
14639
2290
9906
5183
12285
5091
2964
16467
646
6173
6402
6427
15744
5194
6731
14749
5556
122
2846
13796
13536
6520
1636
5337
4669
9327
7094
6467
9542
11868
2203
15599
4446
2163
6617
11124
14151
1217
16448
4829
11556
3986
3020
8972
16
6609
14990
3401
2471
3417
10589
3789
12345
13648
1562
9886
13307
9540
14524
14571
10374
11364
9817
6775
12264
5291
12142
5463
847
15240
4210
13528
4851
13653
1865
11469
1293
16587
2698
14290
8625
10225
10413
12897
8802
12852
15531
9087
3652
1376
11399
12656
10573
3867
1691
1108
453
9138
2615
4723
15672
11545
2169
2132
11796
11992
11441
2033
12981
3107
14021
2196
13143
2852
16722
4708
8819
125
769
12385
6846
13243
13662
3161
11710
14532
13431
5752
4474
12844
16413
12680
3100
1420
11908
10281
10439
16017
14057
2183
16393
9774
13034
13835
1995
1450
2874
5649
5237
1996
5897
15461
6776
2965
11668
9719
11470
11531
10613
3097
6446
15146
4017
12663
12951
1540
1046
15956
9726
14153
14522
10715
8546
15898
4859
10071
6065
1779
8854
9997
12572
10926
967
13622
12684
13801
5723
3015
359
6053
9375
9508
11410
5203
12496
13921
2205
10621
12259
13413
3630
4406
10230
11272
3586
12176
15227
3437
12046
12208
5471
14156
13374
11213
2818
9735
4022
276
6741
14849
12811
13753
11554
12578
6730
11787
11176
9995
315
12143
9688
10329
2509
16824
3347
6326
249
3029
405
14176
7147
2375
2673
6226
9628
14680
2596
4750
2304
16042
9912
4628
11190
5267
11651
3694
4292
3532
1736
6511
15778
13990
2415
12686
10898
5889
3000
2171
6417
9871
16066
4498
6994
7873
13523
16074
12682
5367
10450
139
3558
11509
15911
5835
129
9902
13609
9450
13751
6815
1383
13026
12989
3952
12172
4007
15079
8643
2159
13323
8664
7208
4848
13824
2676
2738
13798
1035
2922
1498
10743
4963
16566
10142
3778
13773
5713
16479
9829
111
4993
5624
10922
3727
14671
12224
5565
12565
8326
4730
15860
10988
15148
4444
14619
4520
9783
1849
11725
10530
12253
7904
3568
9646
807
13336
9159
9731
14418
4182
11
11165
5998
10859
12373
10893
6539
10469
14774
11613
15770
12939
1816
6889
6034
1008
15144
12157
14370
2470
14101
13625
15164
8831
13410
1038
13830
2743
9581
1840
13065
4497
12863
5122
12614
16207
14017
4421
4955
15443
14358
217
9011
8843
10048
6602
9330
113
15100
15532
1223
14937
4607
13970
13788
419
11354
11952
2950
9208
16416
10154
168
16388
15153
950
2418
4357
219
5299
16911
13145
16793
4335
3047
16919
15135
10487
690
4773
2063
4402
13902
10007
12146
4919
2366
10653
4693
3303
4376
8590
10919
9313
10809
14503
3876
12802
917
12668
16798
13548
1749
14551
15220
9968
12771
10939
82
9147
16732
3758
12478
4388
12417
5917
16474
15958
14501
3230
15160
2404
1495
9043
339
13347
15869
2534
13530
12072
9206
12895
1474
14207
8213
3752
5761
3019
1970
1319
189
5699
5077
12161
2246
13803
4700
15192
10425
11414
1635
3769
14885
697
4647
10985
792
13849
9551
8432
4116
1069
923
1132
4340
1688
14870
2464
1005
11031
14542
2777
16610
14705
1981
6692
16026
6437
11567
1081
526
13506
11608
11544
16192
4343
15410
5475
4244
3208
3742
10109
12111
10655
15474
9417
3028
16738
4976
13878
16372
13027
15480
6262
13331
12298
6848
10493
10712
1112
5439
10438
12103
15072
9225
4048
4254
7137
1191
14432
14041
9260
11968
15585
2261
9594
13138
11169
12519
16652
10180
1201
8480
2090
12900
10579
4678
13406
16463
2576
10794
3313
12829
2671
15027
5289
9615
6416
5784
10440
4719
4785
2901
13361
16108
6461
11329
1765
15378
7964
13129
10625
9898
4075
5584
16579
10642
11367
9373
14127
4305
4666
5098
6740
15926
3647
640
12266
15116
4573
2868
8400
8209
14745
4321
16550
1553
11638
14567
13808
2134
13573
441
3395
5441
13077
13634
6353
15974
15111
10808
14384
9596
4632
6026
914
5273
5198
5826
13792
15653
11149
13621
16569
1213
4994
1419
15419
15391
9858
3007
2984
6537
3408
5792
3545
4991
16168
3985
3084
9420
4250
14962
13632
283
5768
3489
14658
11679
2070
8164
1000
855
4025
270
2591
6398
9179
771
4998
3836
3399
3461
6818
15277
10446
16498
14374
11934
16105
1666
2646
4748
13739
100
4414
12140
2343
16588
3908
7483
15337
13629
11232
8241
12896
11308
6048
295
12838
1721
17007
10184
11070
14220
3081
7126
8799
16058
15666
1406
7043
4822
3885
2538
1425
4660
5819
1282
11063
414
15932
14399
13765
12388
7121
1129
15989
11375
3416
4056
12813
14312
11552
4767
8673
10244
11588
9494
3872
16152
2155
1770
2896
11763
434
2537
3961
10701
5927
10745
5934
16785
2501
10776
558
13818
3198
10491
7215
815
12559
1372
14453
16481
5013
2559
10368
9062
1029
6420
10995
1628
13527
9314
15668
15082
16733
2910
6258
16469
9318
4493
1091
1626
3657
16964
16043
15471
13044
5829
9537
6074
16387
5116
2684
6322
13290
4415
9805
9588
11352
3409
12889
5865
1589
8115
3994
15558
1166
5683
9866
5042
13521
14634
11270
4907
301
2167
12629
14747
15924
831
9426
181
10792
14789
11233
11711
3953
1945
14716
12423
2786
16602
86
12540
9007
12469
10118
4756
14398
7898
995
5861
10969
397
12270
13501
12586
1874
9253
14227
16104
1289
4282
16674
7879
9639
6757
5621
10417
2330
3220
9194
14644
11471
16557
6564
12243
2286
15178
509
10390
9883
7805
10646
2086
1793
9207
14243
5329
13316
5423
16925
16487
15855
3896
5710
7230
14474
15035
13637
3610
17006
9031
12413
13451
15264
13585
2487
8997
10615
5700
15700
4108
292
398
9139
2785
14421
1228
11220
10381
16287
15412
13620
2239
3472
16839
3516
2252
13947
16390
480
9814
4543
14489
12624
7290
5022
676
1197
9406
10373
13161
12866
725
11598
6384
10379
9928
14407
16900
4044
14249
12181
4720
13592
10302
5253
8205
9905
4582
12101
13887
1408
5349
16039
12427
13396
8138
2335
4593
15895
3749
120
11356
1214
6214
10945
1742
11250
1835
15489
16571
12836
926
14583
15846
5503
4843
844
9461
9872
11971
12849
10884
6594
2156
4555
10350
4753
9548
6406
11636
5562
2682
2235
10320
13551
16411
14241
9411
14805
4433
5071
13460
10166
16709
6209
13239
1312
3881
6538
10246
4875
14426
12901
9536
2241
1741
10604
12689
203
14288
10525
16906
2401
8063
11294
3131
14272
16241
10562
3385
11405
15380
9213
4165
776
3725
15186
9804
11211
14120
17020
5425
519
4649
14550
2853
8033
14134
11003
10219
12151
1759
1254
9747
15209
4602
16027
16069
9191
9976
1590
14229
10501
13415
6943
12748
1405
12237
13298
4705
13255
3620
9998
2616
10282
9847
13639
13795
15122
685
15773
850
5979
4513
12603
10150
16905
3164
721
14055
14582
13365
12381
11297
6585
4553
12908
11435
2394
10705
10391
16313
12245
13458
14185
3611
13270
12535
11810
13553
4674
14710
12194
9410
12490
14083
11015
6267
15812
3457
214
14126
9114
9562
4001
16767
11431
2511
15982
16702
15752
3283
2765
10161
9299
14790
281
7970
10518
50
13168
2117
3392
4902
15640
1710
6572
2177
9399
7719
248
16459
4950
5890
3759
4029
2551
1708
6903
2233
5375
5115
15033
222
5093
13805
3864
6853
2152
11519
8257
16613
10869
5359
1157
5779
15522
16216
10252
12715
9713
11147
1261
12902
16956
11300
4267
3249
9457
11246
11185
5944
9590
177
12242
12363
15201
11621
6237
3949
9110
4264
8600
2578
3607
15727
1147
13473
1968
5373
599
7006
3717
10839
8470
13630
2976
362
2060
9687
16823
14539
5508
12975
13623
2944
1267
1204
4928
199
16253
9982
15758
6627
13702
14538
12567
11263
2473
12659
16574
5721
6020
3222
61
5171
14702
6530
8612
15459
2454
13332
5130
4341
1847
6631
12641
13029
9630
9102
344
4265
4954
11002
11979
10173
14289
3468
9749
11733
13025
11041
6604
4188
10665
6814
5044
11983
9606
15283
16094
8838
3268
5226
16187
8659
15523
12941
200
15776
2845
15038
4527
5126
13670
13399
9900
68
12439
1574
13321
4850
13723
7284
10369
14449
16274
1221
6902
15765
14576
13387
10555
97
2734
13747
8158
7115
10052
14511
9180
6278
12394
5293
13910
1885
12355
7899
2643
10526
10256
5907
4638
12670
13092
2543
1124
677
1544
15542
10960
14223
208
2457
2638
4710
12726
15755
10709
16332
373
2386
12683
9593
5662
8221
5443
243
95
327
14918
4391
14864
6536
4861
7116
13211
13547
12397
3722
11208
12290
9514
16910
14128
9614
9076
3329
8447
11068
10516
2713
738
481
14007
6603
16710
11852
6107
10861
2604
9638
9021
11359
2262
9090
3673
974
8523
14746
15167
16717
11368
1364
14617
1276
10308
11318
3670
6397
679
14649
11986
1788
15169
8413
10636
14271
13534
10207
14686
1030
655
9436
4939
14411
5871
15478
14784
13708
11754
6750
2263
8551
4049
12303
259
12038
618
10858
4665
16266
16811
10065
3918
4831
2441
4503
2011
11874
1192
2895
1815
3493
3338
2844
4717
7288
13606
5419
3043
16721
2114
14766
11281
12076
5072
14897
13602
16486
24
4236
10035
9477
9080
14446
2364
6387
1183
16707
7167
6234
3655
1864
4053
10370
12113
2800
15455
4392
9221
15790
16008
15215
5176
9792
9316
5538
4863
5838
5573
5896
9424
10283
16440
13005
5961
16330
15592
2985
5322
5790
6196
4028
8103
88
2370
16415
15055
3163
235
2336
6647
8818
8557
2546
16642
14903
4952
10675
13402
1605
3582
12859
2100
2612
13886
16681
8594
11785
1285
12117
3497
1797
16883
9267
14080
15138
14194
638
15053
11415
3861
3886
12732
6175
9558
14440
15168
9648
11558
4508
14556
11877
5403
8541
14192
5280
2560
1576
5809
16227
9965
2465
3800
6043
4080
1212
13498
14162
5188
16939
5866
4707
16145
12791
11011
3577
15188
9195
3520
1702
15331
3014
12034
3039
1245
13155
15798
16130
16651
9851
2876
11551
4696
9249
8500
8435
8844
5500
5458
16932
8407
752
9098
9676
14499
10031
4884
12704
16457
15881
10059
1109
14414
2806
9568
15296
15525
15448
4206
865
12899
16766
13895
13574
13324
2278
374
6533
15275
2101
13241
11798
14141
16088
3779
5112
15768
6685
12367
4311
994
16402
14247
234
8565
5873
3279
2067
11783
10676
11607
9386
540
10017
3355
853
8584
8385
9989
6254
5984
1085
13692
12333
220
2123
2095
14999
16816
10429
16282
5550
14668
16067
4337
11913
12041
4888
16117
9669
12215
3375
10478
4459
10465
16284
16091
667
10610
6116
10644
14061
13760
10127
2240
828
14670
1902
1178
4576
13892
820
16522
12452
15368
772
15177
2987
476
2181
12592
6449
5241
2930
1470
16001
3255
5648
11468
3517
2146
15651
10309
5813
3600
11234
14393
9502
13454
11747
14463
213
626
3075
4813
16460
10864
5581
8181
5129
3304
10756
1341
2492
14899
10950
6067
2395
5807
16060
10376
12911
263
7309
3171
6419
2425
3801
549
13568
9510
5082
6393
5517
4058
3125
15675
746
8556
15903
864
12442
9702
14460
6080
9655
21
2390
15521
3419
1335
1314
3667
10761
5711
15867
11085
13964
5849
13759
9022
15198
15318
15354
14380
1128
11264
4911
16781
426
6390
11051
10564
16554
12847
12197
15001
1547
12491
8283
16947
4749
14199
1137
12917
1105
6567
13780
9877
10933
7932
970
11130
9696
13777
1181
3710
15040
2839
17023
848
15306
6366
1692
1036
11534
2017
14825
12553
3008
2759
3686
13524
16606
12627
2008
15945
11383
3512
757
4895
13696
14712
1873
12422
16829
10162
12410
16586
16747
12560
13474
4987
9715
11278
5884
15874
3196
12620
7145
16908
11331
10168
2041
12564
2014
1171
7144
321
5371
2714
1640
13310
14032
10495
8338
4937
1882
16654
12942
443
9572
6525
11535
5150
1172
15975
4886
11920
8143
16451
430
2088
9557
7019
11135
3869
6473
12976
15789
12319
3579
3691
4635
5566
6046
13183
14609
16869
3669
11855
5331
11361
909
2986
4238
5924
15136
11377
10164
5170
13112
11879
11786
1953
1236
4983
15301
12935
5799
15427
930
1398
5806
9993
14270
8190
5152
1045
3578
1901
11243
15726
15526
16392
4509
11872
10377
9158
6833
3631
13867
2013
5899
4287
15098
12537
9187
3615
9214
14096
1997
3333
14504
16625
11523
14732
2269
11123
14837
3011
15515
10090
15584
16112
5361
16246
5386
9517
12081
3200
7108
16671
1324
1834
15258
16208
13927
11498
5355
4325
3145
9154
1278
14200
11797
2571
12634
14773
5834
11848
3
12006
5369
16803
7864
14293
3724
6829
15485
2945
13658
10393
751
16452
9446
14996
2661
14315
9364
13416
9583
11173
4211
5732
12628
316
5128
9369
14248
15823
9911
12873
15415
3099
4012
5319
11561
13724
9559
12921
11821
5520
12583
2772
16398
16600
11644
5333
3308
13898
14602
114
14900
2427
4135
4865
10685
5772
4546
3427
4366
4688
4203
14178
2822
10689
12516
12246
5705
555
2303
12740
15782
6805
2994
4844
3649
4897
9441
13060
8964
5346
11204
2042
6178
810
4804
10486
16692
4093
9668
2062
66
12069
11486
17002
9306
4052
11555
12205
13982
2005
5081
10105
16351
1188
3256
7100
256
7079
14681
14589
16765
2434
9893
1866
2691
9864
7063
14976
16739
11719
16242
9738
2566
3105
4519
13873
10695
6453
2243
745
13217
2359
389
6701
16634
2502
13084
1624
13549
12898
11624
5212
396
5532
16822
1250
9151
1211
2855
16083
4273
1549
552
594
6260
5620
459
12495
17004
1331
16756
16106
15619
14778
1595
10422
2341
5372
5107
12593
4443
15987
15292
1075
14291
14707
16969
1455
14139
1483
16352
118
12575
12960
9918
4417
4473
14865
10216
4409
622
8575
3305
9388
10601
13339
2747
10092
2216
4816
11374
5588
4193
4636
9121
229
5118
9516
7817
4200
16742
2168
2334
15437
12679
870
10333
9876
13449
13578
4454
1982
13162
543
4074
16833
2030
13352
16890
2137
12727
2214
3090
9545
2586
3302
13435
13116
3495
9403
806
7808
1439
9202
1954
13680
5714
1689
9354
2453
862
4676
15141
9440
14450
2866
13618
14916
15916
9307
13178
12604
11527
4733
1755
12155
3432
9081
4278
9718
4782
10133
3366
16439
16265
15626
3603
8065
1460
12202
5380
11298
13009
7344
4974
1032
1434
5720
9200
9665
15321
15124
13999
6811
8845
5473
16465
1629
4298
11098
10456
15781
9017
10929
13785
2705
4297
3359
13036
4507
13031
3323
11641
1019
6470
13693
5757
7858
9224
10815
6068
10849
16959
4814
15774
15685
3110
9770
3618
16424
7060
6658
3827
227
4568
11180
16403
9149
11869
14238
1766
10640
3964
3476
13809
12437
15196
13674
9415
16684
3299
5863
13688
12566
10013
14974
5497
7866
10727
2319
3786
5242
14924
11658
15019
307
341
5207
10247
11284
10319
5374
11894
14684
13946
16303
11865
2703
13890
14546
15364
14951
4792
14925
10857
15323
10619
16851
609
5097
12649
12275
10620
656
15182
2015
6364
12294
11444
9241
5175
708
3913
6608
10599
7842
1546
1155
4904
14647
3177
15870
13531
11953
7795
11773
14907
3209
2084
8941
16219
11777
1812
1944
2704
13667
14977
9317
14888
11141
11596
3292
15966
10040
4778
4979
1775
9365
16405
7050
3897
6292
9454
12284
583
7083
5231
6268
13550
2176
1174
10787
10974
10378
2398
2968
11958
4396
13712
2058
49
5613
9949
601
4746
14160
13966
13103
15336
2251
12588
2490
3426
8647
4248
15112
14486
9761
11570
11184
10505
3663
12580
14091
5405
15231
5825
1458
14419
14603
379
7130
3435
2157
987
14586
2736
5344
6516
13991
9092
10758
13024
2635
15123
9840
15787
9197
4083
16693
9683
10948
13707
2909
3866
13939
4270
3634
2728
2590
5358
11923
12458
5151
5638
2161
3809
10799
1110
16548
5251
2763
15268
743
4566
2636
16713
14177
16307
13694
1443
2552
9780
7204
5208
9519
5009
854
14225
13051
14327
16375
2451
4765
13537
13150
2043
11159
14729
10074
6874
4352
9772
14191
2377
13989
1393
5983
14740
1247
16772
3396
13216
980
13532
12173
13477
13763
12426
11946
4870
11684
6083
11771
16163
2199
15466
14798
11517
11965
5738
14566
12186
3067
13822
14981
8105
8935
14552
3382
5687
16133
5886
16596
11268
15377
10684
11093
7135
9899
16989
10543
5222
11037
2378
5488
13153
918
2338
16359
12343
14527
4920
6033
613
78
9042
11616
12058
14882
14725
3773
6104
5282
1939
4981
7229
15747
2367
5484
13963
10086
16672
14945
11683
14046
6552
15233
1781
46
7855
11152
888
13511
16172
5245
15214
12064
16123
15896
112
4837
14056
10719
6012
14067
9732
11131
2528
977
4383
6443
9856
8717
14973
14314
8684
6355
14880
13093
12067
6782
11303
13478
10993
5542
2397
13748
1413
9617
9587
10233
2894
9212
12511
13539
11701
16049
498
553
12078
16063
961
10744
15629
2006
3370
10479
9473
13230
11604
12015
13087
1359
8045
4783
387
9603
9096
14335
99
12154
13110
6704
13301
13689
4936
13686
10403
12646
13480
1358
15496
9130
3537
174
9463
3206
332
4106
13671
6149
13998
1639
12499
15540
2287
1819
293
5795
16762
1545
15388
11033
884
10198
14938
6342
14187
14537
14230
11458
11403
3149
8928
13883
3954
1773
16412
3921
12934
10571
14803
12005
15446
11259
15234
10856
4711
12993
12002
9771
5396
13575
515
9320
4057
105
378
2355
16290
12589
971
11357
3080
11583
5930
4488
7097
2657
1790
11507
11424
882
15524
14689
10445
14611
7233
6683
16426
432
1027
15313
3770
12887
3474
2803
16217
14588
12052
5029
15180
9405
2039
12432
14403
15271
5256
14848
3350
3462
10793
11406
4439
13096
6834
11474
7152
12431
2799
12019
13274
13789
5641
5915
2142
1133
6999
16761
2166
9861
9798
12210
10513
4742
13986
7066
3821
4240
12306
8776
15048
12581
1404
3050
2354
12662
10848
7944
4515
3549
15159
4489
13699
1390
13379
10911
11394
15886
12639
3650
6645
1883
11617
11186
1350
4384
5894
16786
14275
11592
6128
16356
9887
2943
13552
15307
16797
4344
6767
1992
3320
5755
13828
11039
14372
985
4263
15081
5911
12739
1242
14765
13869
6929
1887
14615
11956
846
13985
15488
2656
3479
5632
10462
10954
16626
13120
329
3185
13543
4754
8588
14886
13000
15582
4164
12839
15833
109
531
12820
5469
11918
16335
14415
10157
3406
11235
16324
5272
4368
16150
14877
14111
13277
6839
9103
12783
6055
14675
5363
3040
11372
3848
1
4042
5431
2904
12626
4356
793
16221
8244
3556
4630
16213
3754
5666
6887
15293
12115
12619
11883
11884
16806
12701
4862
5140
4600
11096
13516
962
637
2935
2869
9340
6463
2677
6518
12523
10001
3703
6827
2193
1360
1506
5933
8381
10300
11682
9377
2143
31
10941
9686
13245
5214
693
960
5529
10418
8197
12457
3680
1354
10535
8786
11518
8170
12886
8856
2725
11104
10563
4786
1264
12023
6058
789
3205
14661
5495
3612
12884
7113
5745
5516
16845
10567
9397
291
13106
11603
16842
1962
10364
15856
9066
13205
3692
16038
3424
6240
5523
16521
3572
16178
5148
390
2597
12831
15676
16776
2949
5504
13488
7834
10428
616
11577
1753
8236
4114
11463
6626
4449
11362
3429
13085
4577
1964
5852
4394
517
16856
5692
6049
3280
13062
10946
3456
11791
1140
13292
11408
11996
6797
1802
13740
13978
1809
1744
11128
5305
10036
2037
12424
18
9589
15994
4586
5872
10905
5578
4681
2270
10594
15717
11472
4739
14071
4619
4878
5229
13949
4869
3895
4627
12651
6444
3763
4431
15342
1317
12513
5909
9004
9298
13923
16879
1403
16528
11948
2598
10005
6022
16005
7134
2381
4067
10822
7047
15041
3140
13617
3914
14385
4927
16968
11984
14493
830
9946
1804
16231
7017
4597
13369
6663
1388
15176
3514
12340
2595
956
9597
4853
13682
1860
10757
2352
723
13703
15262
11670
14165
17022
16526
11158
8088
10261
1929
6884
5786
11317
71
1967
12461
10668
16342
4876
2660
2810
2749
3108
5286
10581
151
10751
8521
5105
12361
10414
761
16014
9643
13810
4691
11988
1685
15961
5561
13778
3547
7059
576
2277
14284
5669
11077
9990
4934
5440
13220
13485
14125
11846
648
1926
6279
13821
6072
13462
11129
1475
11917
16773
5592
10397
10608
8623
2847
399
10508
15269
1966
502
12421
14868
423
4745
816
4968
4890
15817
5910
13191
5049
14203
5
2512
10515
14673
867
9507
3933
1165
2459
16408
16062
12534
6485
3452
2782
14167
767
9400
11897
2153
14308
12358
9836
11978
7849
11311
11814
2291
5739
13564
1571
236
15730
12276
11861
14936
803
13023
14104
11536
6761
4492
14913
4319
6014
14759
2282
8763
16167
16678
9105
9934
15892
4580
5525
5219
14757
9131
11675
3046
4972
12642
12584
16397
5630
2933
14100
16200
6715
2789
6540
207
3993
16861
748
16540
6786
3728
1229
986
3687
16360
12150
12012
9019
11513
3538
10618
79
10100
15490
12028
14841
1672
4807
355
14431
6459
12769
10280
1193
1648
1822
11599
11107
15919
15253
16618
2348
15047
10846
14863
271
14601
2321
1127
5791
6908
4971
607
12725
15118
6002
2212
9868
2024
6239
9701
16012
5279
10274
5052
15032
3898
9233
15991
4819
442
14971
3677
11698
3166
4066
9303
12425
15783
5327
14978
3920
12152
9470
11221
10186
5781
5789
2998
7399
3473
4852
11091
8281
11541
12644
14094
6650
13170
10851
5102
9563
1838
12655
10991
5312
15374
14718
16450
2494
13097
4836
15771
13876
12880
1463
14579
16835
2389
6595
10575
16952
8869
14254
6477
14090
3138
13948
2766
14768
12955
4668
4524
16544
12107
1195
14960
11464
13357
16317
12501
13344
4257
14506
10570
1794
2515
12313
7165
9859
10221
1122
2741
10477
2105
4891
13068
10514
7326
2074
12035
12856
1686
959
5858
16907
2920
10845
6532
12787
6850
14635
3335
2893
10140
14205
998
1101
14042
1251
9940
3719
1104
10222
4202
1728
12571
15862
13418
4833
12703
16667
2861
9824
15802
16546
14237
413
12877
12807
13207
15819
11170
8043
11511
10224
3251
621
4815
940
14614
9425
16712
10182
12956
10460
13020
13479
4228
4423
14313
15506
48
4054
16174
787
5298
6183
659
16513
1650
10913
13293
4461
9685
12339
2648
3492
1454
2360
14553
4419
3979
11081
16496
13762
2630
5492
13063
5549
15912
15208
9106
14794
13665
9991
5196
9258
1608
13330
6620
15493
15425
16072
12968
5883
1488
10863
10667
15642
1013
4970
15126
1663
11618
10942
13208
6298
9421
3244
16160
5552
14074
11293
11899
6436
11845
11864
12311
4441
4214
472
2696
2328
1611
11279
5108
14625
5011
6778
15882
14813
1185
3849
9684
14760
11009
16222
11973
4353
1194
629
9750
14378
6042
6270
14507
15915
2618
16306
11086
400
6691
14267
3225
10733
9830
14049
2957
16036
11490
13515
14336
10538
247
15367
16867
2832
8315
3112
17024
12468
4073
10165
11804
2872
1705
2363
12314
15753
1729
5075
7227
11245
6203
13956
12377
8394
15213
11707
13082
9709
16249
6989
10940
7001
124
1111
2148
14943
9807
12997
1272
5307
14788
10137
7913
1047
10453
2273
14268
11161
3248
14998
5758
5290
11078
10827
12252
10269
13237
3379
8341
10205
15764
16967
5843
13194
8635
3559
6037
1184
10410
2717
1613
16203
13677
10010
3555
10548
16748
10694
1120
7189
14447
5506
337
12733
13817
1453
12729
4126
2461
4959
11305
9932
10255
12033
6338
1980
11222
6765
5027
8368
12814
16053
13955
12104
2779
466
16078
686
12269
506
778
14285
1351
14621
16309
9056
3056
11806
10279
9205
6773
6044
16292
704
6548
14562
11900
13616
2764
5101
7123
16888
2071
13315
2834
5409
4081
3870
4855
5952
14823
11516
3965
3250
1329
4800
2721
3306
9815
6575
6269
9501
6762
10637
4002
4095
2022
9707
9569
15863
9931
12521
15536
12075
12841
14512
15353
1025
1348
2791
14599
10632
1723
9186
11615
1987
2848
754
16279
13265
9067
2061
13053
16699
7033
1965
10112
6615
12187
2865
10263
1879
16584
2658
6606
5589
11477
4251
6512
12300
5304
13456
33
7886
15365
10420
11549
11614
14534
1713
11880
13378
7839
16662
9468
12855
2430
1701
3609
5459
12784
5464
5770
10746
642
2440
9438
13584
839
15335
5177
1523
4755
2556
3057
11926
1861
1914
10916
829
11092
1693
9024
12865
9869
5109
7131
16515
5712
3646
11681
1859
3369
11643
5631
1125
3546
16029
10366
3596
16260
2678
1895
4490
786
13779
6500
14328
11878
16391
4882
1825
15312
12308
15270
15393
2831
11914
1206
14154
15683
2675
2903
3257
7806
13006
12209
6447
3182
16364
16098
1733
6352
15943
3129
1904
5321
4134
4241
13328
6508
2735
10639
4144
9344
10436
4286
4689
10398
15266
12768
9449
6476
5742
11568
16338
3900
790
10199
10790
1769
16633
11548
1224
9925
1531
5975
3739
12040
2960
13107
12531
5266
2342
9586
16619
14043
12594
2028
10382
13391
6809
14222
13737
10726
2120
36
10605
10427
4659
14838
45
632
9492
1832
2542
10765
3701
14303
3087
5460
14233
5415
9229
10843
12474
10528
12059
16019
14558
325
9746
13802
4540
12973
12690
366
1880
15438
13717
4043
1592
12217
10823
508
14726
11353
10784
10464
13718
13499
4118
11425
6955
2489
3407
9727
11148
16592
4470
9006
5456
15648
2712
15154
6109
1156
1048
15223
3363
16064
5232
4452
2180
4223
12652
6198
1552
2503
12248
11673
15503
14505
6861
6345
7122
5031
3165
9323
306
16381
12980
16255
12940
197
4435
8159
4201
10394
8794
10237
15290
2498
3626
121
3814
5223
224
16202
3421
13421
15494
3597
12779
9046
4620
10907
15473
7008
15162
15608
11656
9549
673
14142
5701
3026
8630
12415
3905
1896
14975
11831
13827
14543
1050
14381
2374
94
955
8267
3318
1649
15749
12555
16943
3970
14557
3798
12794
4728
11994
10200
12988
13327
2884
15109
10534
11589
3372
16430
3940
14363
5816
308
9612
9029
14859
15045
3629
9733
13556
12541
3191
6299
3273
5228
3704
939
14339
1492
12132
10917
5803
12096
4296
12716
14490
12021
16615
15754
14884
5936
10195
14535
9334
16143
482
16535
435
3237
15953
4721
15508
9058
450
1271
3093
11737
8586
1467
6039
12742
12332
13231
12462
15769
8992
3664
155
1240
15467
16495
6424
13174
4458
11319
107
16399
4479
15564
8721
2493
13888
2805
14330
16193
11006
16417
9423
10673
11760
14808
8428
10669
16635
1361
2724
983
9286
2194
15229
2640
9640
4487
3089
10504
14266
5908
4026
904
14956
8760
4359
5893
4090
14744
13900
9304
2699
1052
250
3748
13278
9127
5417
10740
13503
14580
12079
13016
2293
9466
4883
14767
9939
606
4082
13233
15865
3974
770
5674
9308
6073
1684
6018
3445
10651
1441
11452
15738
7102
2358
13881
16085
11229
1905
16182
10631
12669
14138
812
7000
12239
16752
6490
13224
12640
11936
10984
1591
12756
5558
17016
5521
10406
4906
6880
5940
5144
13823
5438
2428
5370
5365
9754
15834
2020
15477
323
15501
6613
6230
924
15739
3188
6806
3123
16807
12710
891
15325
12050
561
9552
947
3525
10507
10687
13232
333
5900
3548
3009
12392
3260
14912
13384
4380
3996
12816
2204
11382
14035
3490
16401
5693
2883
11823
15322
16745
1652
3247
13432
1063
1820
15007
15510
10185
16367
10959
2305
16344
3484
15920
13576
11640
15643
14442
11075
1625
9109
3825
13656
3740
10019
15397
1303
2919
12133
1783
11809
10509
15999
1148
1826
4808
10474
2409
16680
15740
13604
3926
13234
1429
763
10944
313
3060
13257
16660
11951
14009
4147
12445
6190
689
2951
6681
10490
8773
6935
10177
2688
12116
6451
11859
1811
666
2912
16302
921
5646
3242
2488
9486
13124
2396
13193
9014
15044
10912
2670
11125
4801
13631
12135
13017
14279
912
16605
777
4117
1472
15767
2599
6653
3086
937
12605
9636
9578
343
802
2202
2816
3290
6531
10527
3184
2268
4389
10334
14598
16052
2210
15529
4115
13159
6381
10039
10565
11530
3262
16471
12837
10609
5205
2444
5216
16764
2213
9398
14561
9511
14048
9821
10524
5283
15319
12044
1049
2776
14304
13002
11571
9819
393
7202
14135
15516
11460
15571
2938
9570
10243
15222
9579
643
14855
11244
645
710
3790
6409
7781
16658
13659
13181
5274
16300
9930
12554
12754
12348
166
4185
9230
16132
8618
330
8737
8243
8891
774
13935
10345
9810
2455
8483
9336
12379
1134
13945
3284
7075
739
15954
15794
14002
1461
9072
12013
463
2130
12497
3365
11766
9005
4885
1919
4686
3847
10803
12352
15372
9435
9681
1209
4563
4500
5660
14198
15424
16621
15421
9927
13977
2300
11928
25
4385
9038
7837
8121
14830
9153
10239
4856
2558
12722
5377
14292
12914
11942
2172
2729
4483
5023
2432
11443
591
7924
37
13281
11482
11000
7150
11358
3295
10047
4802
756
4069
11059
13941
9030
16494
1118
1269
14674
15871
1464
5827
9232
14728
12027
16054
16539
8078
9627
3315
1955
11151
2357
9170
11778
3411
3502
2833
10178
11330
53
6204
16480
1168
11776
1153
10592
5633
15120
4379
6373
11752
5117
5916
3553
11876
9953
298
15671
13529
1119
1778
13509
9064
1768
10197
13404
15897
264
5609
6304
4146
4901
16938
15705
137
16314
1087
623
3115
8051
2568
2119
12870
12633
16024
4472
228
2626
10423
102
1718
9977
6075
10344
10560
13382
2400
1915
1556
4430
14079
11790
7408
7762
16637
455
9699
2072
15382
9190
16755
4018
10107
12825
14516
16666
7155
16957
1889
15650
9741
9028
11587
13412
10496
3506
2607
15693
2611
2639
4894
8775
9483
3101
15068
720
16598
16235
3485
13252
11539
16622
6969
16716
10934
11341
2709
1210
3811
1451
989
16087
10976
12429
16425
13102
10289
5877
11064
2932
11162
10466
4138
3840
12685
13841
14957
2739
3544
13263
5818
2437
14502
11706
1237
6227
2449
13950
8913
6236
6820
7048
9778
15129
1167
14454
14148
11966
9434
4622
3535
4978
10702
13918
4612
10541
13128
14085
2141
2871
3668
12479
12282
15578
16655
16727
10068
6334
1232
4386
13238
6700
1374
11792
10153
1940
16840
9085
11875
1437
13591
16597
11501
12049
193
11079
1877
134
10891
14666
13559
9533
6866
842
17013
10664
15254
3956
10249
6013
12114
11750
1138
8125
11576
539
2004
13640
1633
14549
14640
1060
9843
14847
4818
5217
10078
12487
1543
5709
4393
2139
13288
34
4196
922
16252
10747
16934
5296
4781
2388
1700
10315
14201
11905
1539
4918
15517
13676
11335
15775
15265
15066
16093
6003
15310
13652
4941
15504
14112
10952
10532
1946
7068
13502
12760
403
5736
4803
12118
12414
14492
14987
8028
15940
16580
9641
11307
15630
194
6061
1487
3835
469
3069
12903
11413
7054
12174
5954
764
10580
5412
3628
2851
350
361
681
8998
10921
2662
6517
5821
11321
6772
1107
814
12692
9134
2667
103
14084
16818
2536
12696
14595
80
6971
1268
9107
6027
3679
12857
14948
3554
11685
3916
15077
4613
1899
736
4834
2916
15921
11239
15589
1131
15617
12833
3134
4434
5206
12337
14856
5338
7205
13064
385
14077
5180
4664
15355
3839
5730
12328
4572
12145
10004
2580
15324
15021
8371
6670
9489
1079
10818
13049
10978
8188
11287
16882
9703
11247
11584
13147
16889
14095
14477
4418
1023
5964
5414
4215
6131
1057
11495
8200
4153
13066
14465
3042
1795
2399
10989
458
7140
3937
13725
9867
12518
4395
3666
16185
5754
4457
3235
2209
6550
4766
10537
4332
11639
9366
750
11898
717
14970
2056
2165
13903
11391
6370
4427
5449
14347
14630
11781
15722
9854
2718
3307
12719
10781
2547
5522
13067
1923
10499
6200
10539
7106
16983
14437
11503
2811
11491
13472
12674
3065
4771
8132
2879
8848
1580
16421
2755
14858
15155
16196
411
8259
159
9959
1042
13730
4982
3963
10076
13050
2549
14652
16978
3906
13868
14578
12198
5999
5466
4350
825
11835
7320
3154
3267
10763
9291
16273
10135
5339
12000
5048
16035
15588
13599
13394
9984
11933
1707
4266
11837
5864
6990
6654
503
13264
6057
3507
13636
11799
6664
1963
6395
433
14547
9964
9522
7909
10918
8075
14992
11532
14708
5345
11407
12600
14590
3605
12916
9394
14264
13317
3282
7965
12398
5680
14892
9341
14058
2215
11609
16261
9036
15714
16373
2585
16685
3542
12905
10290
15541
424
14320
16998
13101
16960
13750
4729
5462
5310
2242
2349
13283
10085
11427
5135
6316
16114
10084
15913
3738
14818
3076
4805
1941
1513
2057
10875
5053
15195
3942
13158
11528
16368
5295
11756
12227
4401
23
15166
1912
9744
15563
16846
286
6501
14840
942
10600
10708
9371
13514
14031
12671
7125
14256
1699
81
13195
1720
8879
11915
728
10607
1246
12232
4091
15850
13464
7810
6625
10314
14038
5418
2133
3269
16991
15590
14333
2481
10046
6543
9521
12083
16590
14195
13715
16075
4064
10899
16229
2561
16297
1044
15370
12369
1798
14594
11652
3404
2038
4736
10050
827
13111
11840
161
14852
557
15616
5408
12009
9913
6454
4451
9891
5477
16718
11904
2296
13957
16499
14676
15465
12705
3760
11574
4787
11732
15511
335
9169
16694
15905
5533
11659
16595
13586
2921
11339
10965
4179
5046
13417
775
2544
14984
15908
7560
2184
1536
12881
4774
14388
10033
10265
1621
11921
5515
11138
15986
157
5490
15447
12191
11095
5068
16895
13022
12500
11700
6331
16125
1609
8772
15221
3771
13768
12156
12125
8000
1290
9920
16507
11316
6051
12158
13284
5867
6657
9725
4631
15024
16854
16339
14412
15967
11347
9471
6678
9978
16003
16567
8886
1750
16858
15121
4606
12448
9797
11803
16293
14295
9625
13127
5446
8449
16951
11336
16791
11697
1918
16899
9787
5782
9800
2902
16875
2584
5204
16110
15204
14695
16923
16473
1600
11500
13968
14149
4323
4194
1402
13851
16124
2051
15115
8320
10624
11795
15042
11606
13123
13443
1679
12840
3398
12878
346
12706
9708
6596
15923
10551
15586
16860
5166
2479
4407
10729
15951
1780
9952
7159
13375
6025
3310
10094
525
14278
2410
10287
15206
9346
2102
16759
15996
206
4422
4960
9678
11448
9666
14322
7031
12077
10958
10782
3573
12872
136
3682
4358
13157
11071
11836
156
13791
5131
13714
5015
16010
16139
9387
6445
10880
10029
9337
2322
4840
13249
5401
11325
5888
7082
3959
4290
2247
910
10210
16366
9390
11678
9734
2925
10855
1227
12281
3565
2553
11058
3096
12092
1279
14495
4255
2758
15316
1998
10681
1447
13083
3055
15879
608
2275
16665
11050
12323
16328
9203
9257
16109
10938
16183
10444
14995
15811
17017
15106
324
5413
1833
12961
3865
10152
14955
15977
5182
12998
15207
3718
1830
1493
5114
837
5657
10865
1647
5762
5518
1920
11611
11564
3327
10336
14093
13010
12199
14569
15848
14696
2085
11666
3142
10881
16977
14130
336
16239
1972
5132
15472
8710
10485
1225
11680
116
13764
7207
3064
5969
6777
11724
15338
4221
3931
15745
10900
13938
7026
12234
13038
15763
16799
11459
3214
13390
9490
2059
14496
12923
16862
15662
15383
16285
9199
4089
11770
9351
16506
16708
13219
11328
4867
10426
13008
12774
13814
2365
2207
16828
14923
3594
15792
15673
15274
12767
16639
10612
5651
615
12279
15491
1253
16724
11057
8829
4198
3851
5695
4045
12106
14166
1839
3633
8262
2948
8329
4150
13836
5808
1515
6586
7148
8504
3826
14260
3944
12384
10045
14581
6639
12971
14741
183
9331
5780
11882
12162
15549
6763
4697
15091
10611
16065
11478
2259
4195
244
2174
9396
16746
2601
4127
759
3025
4758
14497
10943
13114
3947
900
3653
9448
10392
4763
10296
4547
13452
16538
13242
4190
10830
4658
15036
9969
15261
11694
2841
15173
6008
2539
4162
1448
1703
1994
7049
4494
15533
3430
11565
10236
12845
10674
15034
9146
4131
5594
10510
11013
3819
12959
5527
1746
12758
821
5939
2633
1257
7077
5902
14795
16787
7850
13229
9730
639
11301
1489
8268
11127
13691
14037
3856
10838
12126
16915
12529
2115
444
11121
10132
3410
16497
9813
4442
10634
14782
11714
15212
1583
1803
1098
2887
2980
2200
920
14906
1817
16668
16953
5862
13615
4381
1274
10826
12967
2907
12025
9379
14161
6273
13314
6784
10
8582
16224
1018
9044
4410
9844
4610
2710
3006
13196
15914
14836
15952
2784
16447
154
13444
2249
12801
6509
14860
14413
4256
12312
6737
2808
9885
6199
9576
14701
11440
614
5018
1065
12574
11271
10722
43
5634
8298
11097
9444
13505
5595
12893
14833
15341
16191
4348
6085
13952
15084
9983
16645
11521
14068
15360
35
6636
3120
13912
12932
6676
2913
3766
9958
14189
15891
9353
11426
4510
11045
14246
123
797
16946
3991
2093
5271
2751
4158
13533
10181
10443
10284
5539
879
5051
3750
269
14697
1558
14469
16561
9445
1730
13837
16147
15978
2510
13930
5234
14719
1484
5487
10910
2025
11036
2955
15281
2854
15392
9697
2722
12349
15108
13256
14196
12464
15373
4915
5684
740
11976
11664
6171
11825
10968
13799
3762
4871
6062
2653
16505
6610
4554
10250
8423
2609
11102
15818
6940
9433
15013
3802
13342
3054
6641
1908
16384
12482
4111
12987
12225
2504
15107
9402
7539
7218
16859
10054
8117
4550
15969
911
15482
10904
10360
6629
1262
12287
6011
15561
541
8073
11348
1587
7119
4502
3117
4604
724
13929
8834
15063
14871
2990
12862
13872
12985
14802
11669
3602
11276
15298
6221
11562
10979
3508
6774
15902
13218
10343
1657
5393
15061
342
377
8558
16575
15284
12927
5276
5655
12912
13758
11529
14113
12122
3443
13858
10590
4
2771
1850
3245
3678
10051
6718
13595
5421
6672
6845
4062
12094
15400
10977
12906
548
4463
13439
4827
16981
5199
2619
15000
15777
12957
11386
12562
635
15970
12982
4922
13223
3340
6207
14941
4397
10276
14898
1077
10833
822
9924
9882
16204
9305
15587
3641
4677
14964
9621
10211
13468
9794
1252
14669
6038
11442
13962
477
3059
14108
13672
5914
15844
705
12110
6009
1001
2567
3322
6431
6284
1164
10842
12795
12344
4618
10361
16954
10138
142
10568
13381
3995
3747
10936
6897
1446
4641
1567
10117
2312
5597
14145
5628
13566
6481
14815
1871
6978
12545
16361
3265
6982
16749
4438
14321
16301
968
7034
8881
3136
8109
1667
16675
16346
14186
3187
11856
10903
11623
15174
11540
943
2383
4744
5178
1315
13746
4253
12061
11728
6565
3124
14281
1397
1971
13790
11808
16917
13642
9472
9499
12610
10679
16608
6114
11376
87
15181
3374
5254
5244
14472
12168
13863
10542
662
6379
16734
10387
4155
933
1399
12254
10996
5718
13169
12550
9649
13738
345
5076
7037
2622
11943
15487
10574
15062
353
3976
6182
16444
15238
14915
14933
16141
5766
3860
726
14769
15103
314
245
2486
6250
15285
569
6376
3936
634
11254
12777
2773
490
4172
10529
3741
9095
16770
14444
15580
799
3035
6380
5445
13185
14420
9236
15230
12984
7073
4592
15840
1113
2107
16311
12244
10192
13184
14471
5913
12357
493
15941
15806
12528
14606
1158
14310
16102
8789
13392
12702
16175
4556
10407
14575
800
3287
8884
13897
12255
2340
3564
9714
5785
9459
1726
6382
15161
4570
4812
6748
13931
878
3510
5167
4929
9827
1287
9875
10647
3797
9363
560
296
11543
2685
456
15043
10480
12876
12834
8603
4584
12320
678
3431
6120
4965
14115
12635
15556
13151
5841
11479
762
7089
4378
7109
12336
15836
1337
9564
7210
14102
15022
2761
11241
15502
9358
4643
12471
391
14344
2966
14263
8974
13794
4345
15343
13854
11412
13056
16898
8837
3393
6275
9419
10097
5002
14078
5667
300
3094
5422
4260
15746
16612
9530
5036
5582
2429
5120
16149
3294
9691
4098
13853
811
14959
14922
12443
92
1909
15731
9251
4242
10836
13148
3893
836
13430
13481
13850
12759
16458
3498
9288
11016
11153
13079
0
9174
8553
12391
15829
6059
15241
1300
840
15546
16591
3972
4913
9950
13681
6494
16643
9538
6404
12100
2535
2128
10234
4651
5317
13761
9292
1092
2517
5555
16468
15555
2164
9297
13132
1862
457
2692
15551
4561
16004
12952
976
16670
9988
38
4499
13742
4747
14518
11504
15591
10034
954
4589
13728
3648
16214
524
4097
4824
14667
13787
11755
13654
8025
15457
11001
10546
9122
11485
11203
1263
10349
1754
14355
11850
15050
6831
4943
2116
1080
15579
15772
1477
10885
5252
2245
14722
990
8872
6486
10683
1407
10322
11315
5966
6607
16958
2231
4327
13258
11223
1764
719
279
15780
9841
12617
1787
16783
15228
8012
4076
10769
14146
993
4591
1145
6579
14122
15029
8195
782
9469
1432
11765
3987
4046
5281
3660
1389
13201
6087
6255
5160
12302
13164
2898
15349
9328
9848
15460
3263
11369
2040
2753
1096
4033
1665
16623
12526
5962
14853
5546
6976
15390
15918
1421
11800
11296
12920
11345
1535
13130
14014
14332
9278
5340
4013
4478
12087
10022
16331
8253
16582
14613
13709
12365
16146
3314
3466
4300
3676
3973
8709
6439
10902
1424
11818
4695
4654
1494
9737
13424
15815
982
13596
10714
12591
10831
2297
6063
3575
164
233
16230
2195
3569
14887
14867
4585
12213
2614
10058
3693
106
2641
2035
14832
538
16601
1504
9975
13386
2961
3296
5676
14994
794
10503
13189
11231
1099
16979
2939
4125
6785
10697
16418
3621
10123
15495
5124
4124
16509
13859
16553
1056
11657
4698
3344
7022
16990
14277
190
9820
14140
3729
10365
15603
5953
944
12522
5994
12430
1100
12712
16485
15
12065
696
15728
2975
11473
16683
30
15484
2523
9941
1814
15046
14498
148
6796
4416
13928
16999
10226
7040
12221
16464
11715
16256
592
4640
949
551
14932
12169
9356
15404
15597
13600
12860
1748
11945
14424
833
12561
13118
3442
4040
3455
5121
4031
16594
6274
3730
8680
15057
2140
15004
1751
4218
14842
11461
140
15239
12334
886
9609
351
15085
4969
8860
15125
11762
15638
4234
5474
15627
495
12510
1427
4522
2034
4896
14110
1931
13572
5314
14269
14410
5455
895
12549
10193
3593
14394
5014
16980
12372
1097
7187
9834
395
1565
3098
2589
11815
4217
16169
4161
12200
5536
13734
9462
14663
2524
9498
9791
14109
14054
3238
6823
12502
14274
5734
12450
14143
9528
5179
1259
5545
13581
10204
2748
13177
631
3477
15436
11550
284
11219
11982
6803
3711
8335
10552
2480
3449
5869
8627
12449
10835
16760
11553
838
14306
10278
98
1479
15411
12782
10099
14559
13905
1159
12928
10997
11526
612
849
15687
6337
10147
2294
12688
6418
5603
11805
238
14525
9752
5404
12233
4360
3967
13840
10630
1664
4079
8688
9376
3173
3217
5627
545
9152
10920
12074
8538
2514
14958
3854
5486
1537
15267
10750
885
5874
11322
3167
6329
4661
16050
2787
13048
370
7093
11726
4992
6032
1248
11342
10470
11122
13108
12329
230
14341
13297
6563
8069
8945
14873
4324
1208
946
4482
9595
13045
9282
12296
9189
8920
15451
16805
4333
12552
2280
4258
16276
5895
10834
16386
4796
11772
9803
365
5334
1102
6752
10087
10179
5626
3300
16686
2899
11197
5892
5320
484
5111
516
5447
8034
8501
12492
2972
10690
805
11972
11582
3539
11955
16151
14026
5062
4077
14541
3428
1339
5875
2997
6836
13109
5088
16268
14163
15462
14039
13993
1478
1554
16706
4980
4715
2750
688
16719
5427
11768
3536
12736
1116
10134
4579
2802
5292
2783
10561
8996
9094
2668
13612
14980
9293
7951
12304
15741
16985
3823
14064
15632
13393
3207
948
14577
14510
4811
16407
9442
1226
9826
11924
15260
6217
1352
12694
14866
12867
13976
9300
5335
876
1500
3968
9053
9806
4839
5470
16511
15944
11100
2066
5576
1917
5210
12043
2715
4011
16726
1534
10338
1767
16973
3829
11419
14876
14216
11167
13743
5870
928
465
11017
2977
10434
13312
16461
9874
16542
15710
382
10774
1347
2890
14409
16775
6922
15249
13614
9956
11351
4925
14193
11157
5553
8398
889
8990
13974
4008
11449
564
15018
5268
15294
10957
1117
14081
17009
16753
11860
12977
14655
8515
13522
14137
860
16326
11863
10146
16730
2593
11866
12271
10768
12201
5190
196
14204
6792
1813
1283
4518
1823
4567
5611
2302
3932
2624
14404
1518
16534
1353
10026
808
16080
10260
534
3277
16243
10693
69
2982
6951
715
16865
6973
1527
8156
1340
14144
12970
9863
3354
13001
901
5804
10396
14754
2311
12776
12470
15826
13668
4468
15824
813
1068
16129
7153
11465
16057
11446
15086
16687
3494
12370
11445
16120
11385
12809
9862
14389
2316
5679
6697
3212
2625
3501
859
14349
3346
3841
3584
5642
5387
6779
5881
16240
14464
6086
15569
3141
7072
16887
5360
16305
5898
11365
11112
14174
13735
454
483
4102
10081
2719
10331
10201
5823
5743
11600
1175
9577
1638
14448
11392
6347
1582
4642
5025
5169
5155
5034
9135
512
6396
11034
3978
9880
5453
15998
9051
2548
2484
9527
10785
11841
1893
9496
1103
2693
4208
3765
4070
13004
5501
14928
12707
7028
3696
10267
4609
15550
10208
13719
15931
2125
14775
12416
4583
10786
1922
3412
11893
1618
4727
16531
7815
10251
7952
14003
12800
14752
334
4363
12493
7907
4220
856
4288
8522
11087
10796
1203
9604
9231
11337
5398
2521
16758
11591
15300
8518
14730
13360
4317
16880
3662
4462
5165
1418
15803
11590
563
16945
5019
6661
261
3373
4680
11922
10049
356
14989
9401
16501
39
2588
12085
1163
5606
11389
13167
15093
10342
4222
4532
2112
13235
2927
14218
1704
15217
2888
331
3522
12823
2880
11143
5079
12871
8987
14881
5394
1747
9335
4846
4866
14682
10603
9381
15282
10731
4110
12861
14921
10136
12418
12438
2680
11421
11739
1950
11094
14323
1505
15359
3635
3873
10523
4858
3792
12744
5753
11218
2563
8068
9475
7254
11409
15649
1725
5185
5056
2356
15959
15544
2076
12874
3500
16543
2760
4171
5698
12185
12175
2314
15566
13675
10457
6760
4759
6581
16212
3088
12810
11793
13011
13214
6295
3695
16446
14164
1059
15779
13733
6952
12851
17014
6886
6035
2047
5922
16097
14050
852
3258
5050
3003
5263
14694
1235
2642
4084
4261
14065
3958
4346
10358
13526
13487
8405
15880
16703
4103
448
9633
10012
1845
4464
11227
9039
4219
15928
824
14491
11200
10171
15369
15801
755
6340
12274
10218
16565
14182
14854
1584
5971
1344
556
15479
10686
3441
11116
5069
1752
4328
1810
10804
12260
1480
5481
9196
1585
12419
7819
11888
422
11032
14737
610
5270
8496
3948
2711
11052
12131
16478
6372
9359
15371
3658
2794
8528
8219
436
6878
5444
372
5089
1377
12538
127
5168
15660
12485
12846
16825
3720
10556
3990
6722
857
4526
700
13594
14132
12772
16431
15442
9312
10519
16126
11929
10928
13367
15416
15636
13716
13754
5830
16244
13203
9047
6876
2186
4227
12612
15604
14245
10755
16813
571
8695
16920
9611
1369
1154
6007
16873
9553
5798
16975
12472
3095
3288
16061
8279
13845
10489
11839
9198
14170
3478
12393
3162
2258
15859
5070
4275
14508
13296
13700
141
3148
9955
978
6927
3562
13736
16976
16857
10811
75
1891
908
4429
14190
5330
9037
6616
9960
14700
12042
5570
15677
6881
1716
3833
13015
12835
16780
11769
5215
9634
16295
12134
2094
1202
2274
1930
12
447
2541
13356
10616
597
9897
4899
10970
13013
537
10659
225
14513
11428
1220
16904
12765
13289
1114
15831
981
7798
16525
10144
8008
13061
15830
2150
5645
15820
8991
14637
15567
11828
13400
275
2577
11434
3721
16122
8968
1660
2018
12700
10725
3176
4990
6421
302
14800
1958
15127
2652
1295
15317
6747
9384
3984
13721
11767
9182
4779
2475
9518
14478
14891
15618
4832
2947
16034
2052
6029
3113
2557
3863
15287
6130
10316
12463
187
3975
1152
16559
12542
1392
16589
489
13291
10307
3795
5846
12821
5903
15535
4035
16234
5316
12178
3756
6869
16259
16197
16830
4485
10384
4889
15147
12723
12084
9201
8931
1645
133
9143
16541
887
1362
3274
5860
16434
3743
14755
6423
2190
9250
11291
1932
16673
8510
13420
760
11939
11108
12879
10119
2326
14993
11388
7945
2600
10454
2308
2778
10304
8593
12090
11506
1387
13673
9001
16950
12812
9164
15827
10103
15089
1304
4312
4694
14931
143
893
3031
16809
9971
16599
9360
14231
13091
7216
4355
6458
8222
12918
4761
1732
8699
10791
9111
1521
15366
9573
5579
9045
9660
14240
16849
2860
41
16466
2403
2411
9485
12848
15009
9447
5987
4935
12804
10245
9161
5383
4428
10614
12919
14483
338
8220
1784
11634
13222
14147
12481
9104
2002
1669
14966
851
12477
10633
15152
14662
5519
8204
260
6872
9263
5541
8897
16475
3808
12830
16736
630
9948
14810
9055
7038
9319
9833
16603
6371
12434
511
5787
16510
5332
10096
10371
9129
14214
4274
10671
3414
15657
16664
1654
12268
16657
1989
410
14301
3037
6541
12708
14548
1326
7174
1476
11816
10229
5854
16218
117
202
1681
8309
9503
657
328
8493
16940
11363
16250
16089
16349
572
6521
12446
15963
9025
11525
3737
2257
1083
14244
3619
10075
4213
2135
16611
4762
10819
5007
1646
10554
15757
5162
2967
16389
2254
2897
4224
1846
6964
11963
6354
13304
663
5110
12697
4512
16817
4949
16477
6118
15721
3892
3966
11746
1577
128
10617
4291
15960
718
7854
1519
2068
735
3133
1829
9717
1410
5956
15375
16884
12171
13040
14824
3070
16432
3447
304
10388
12362
1323
13125
11740
9720
2162
3540
14063
2582
119
1395
8921
13701
10412
9835
10502
7170
10699
5746
13359
4675
4616
4617
4092
13225
4354
9736
5590
4078
14329
15276
12797
10497
5043
6634
13272
15273
12016
13542
12007
14473
14771
731
11597
3566
11275
16638
3062
1836
863
3700
14354
9980
510
15519
6141
16698
4440
13513
15560
5087
4830
11205
1151
3713
9125
5577
2924
13354
15242
11493
5537
1683
11113
15851
4910
12931
10385
10037
11633
9922
12569
12785
12256
11619
6598
11187
11911
15559
11209
15625
5437
13373
11439
10652
11585
15246
10777
5426
3118
14307
2686
303
14106
6315
2849
12231
1357
9580
1009
9592
15930
2129
16115
6115
582
8694
2424
5543
6877
10254
3114
3345
9610
6890
6474
5306
376
3334
3189
14097
1375
15842
5544
11941
6975
899
2048
9786
1520
5498
10955
13098
1371
9476
945
10724
6705
10735
3830
15545
12066
9091
14761
2970
145
14641
11290
2905
16740
1579
4119
11411
5220
14209
11687
16267
16056
5016
1200
9309
15607
14715
12675
16697
3085
5728
16298
7917
10577
14620
1555
12885
16171
16581
14919
11903
15955
10270
15988
16552
2106
14158
6434
2187
9487
9362
14006
9635
5677
16032
1719
13371
5691
2881
15332
3925
3521
9842
4173
2531
16159
13741
5822
6972
13121
15398
2707
9407
1139
6694
16982
4571
13619
17019
15403
2460
16041
420
4683
15295
13072
5675
1296
1482
2313
14208
8333
1856
11132
1596
5006
2594
8800
4339
16578
8258
8386
9645
285
4216
8345
5255
8076
16784
9347
16731
14792
11076
10817
2647
15414
16648
13459
178
3911
7905
14076
4838
3877
15664
10500
16577
9974
3746
963
16614
11505
14395
2347
1990
1309
7120
7124
15697
13880
9480
16211
2318
16656
14983
2993
14804
1863
14597
3391
2435
2416
9505
8810
3980
9332
13253
11450
16777
11168
4559
12123
9504
3784
15605
9970
12718
9994
16406
1858
10242
14739
9150
12741
3992
11256
15985
3286
9192
5608
191
9967
11274
13635
3690
93
861
5945
5837
1040
2477
16508
11881
5047
14280
785
501
10143
16023
13727
9269
10812
15553
15056
5668
14917
8176
2292
13678
11192
9016
10559
51
5040
3381
12395
13561
13028
1986
1561
12089
210
290
59
16055
1511
14371
14103
16310
915
9495
13366
14657
5397
5507
12014
15064
5104
14536
16583
13228
15835
14422
14337
402
2391
6502
12456
10003
3941
5658
4776
1327
15346
1123
15712
11212
2525
6706
5153
15309
3058
9712
1396
9165
3367
8955
2579
4551
2276
8693
16165
13971
13422
9033
1231
3775
13861
16641
13710
16682
299
11849
6229
8393
15389
9675
9242
3706
9361
16924
3855
2046
10498
2462
15012
4958
10723
5614
258
4151
6177
15554
4986
5261
13663
13032
16362
11987
1712
1243
13812
1503
9302
12261
11642
2079
4581
9428
11433
12112
6023
13018
3422
13846
4809
577
6983
1828
8509
12184
7002
6492
1951
7802
3550
15934
1355
10441
8094
1789
14253
8322
14893
10801
13577
14942
3981
401
15572
11743
16636
15910
15200
14783
11133
10930
1106
172
12677
11542
13965
10654
3488
7003
13425
12164
2108
2206
3957
14627
8277
9656
2574
14443
4403
10286
919
15784
13579
1911
12950
5580
3348
8592
11401
10897
6789
4594
6482
13793
15598
12568
12226
5598
16570
1308
2740
2353
10602
12995
9137
14215
14131
15622
9315
13889
14954
9500
9378
9479
14351
2587
17010
12780
1888
14458
4634
223
14785
14364
4725
3608
3924
2350
7896
11780
4900
15429
913
14622
4872
734
1854
9393
1070
1988
15006
1090
1313
5665
2812
14517
7193
9762
1734
10585
10400
3259
6228
8282
9773
12664
15733
4229
15065
15885
6828
10635
5139
10060
15964
12060
14530
1416
3179
9961
13554
7949
14265
12219
16757
149
10093
8079
3831
567
3971
1568
11761
809
8155
1924
13267
309
4283
11174
13826
596
13862
16488
13320
6289
6711
15537
15654
3726
369
8036
6528
12390
11902
1338
12556
6383
12353
2445
317
12514
10572
5988
13646
15682
14
2991
2992
3434
15433
14735
3175
9631
12139
83
205
7076
15997
15760
16226
9226
15711
13383
8768
16754
9763
15289
406
9204
1310
226
1617
10095
3817
703
12407
15417
13943
4477
15883
10253
9541
16033
9124
4166
1401
16206
9710
12277
3858
1379
9181
11901
13683
13819
12714
2483
2886
13372
10452
12037
6749
9694
13519
8223
16340
5567
16844
4535
13461
2650
9020
13311
4735
14896
12672
4743
6652
11053
15701
9850
2317
4276
3203
5125
9846
10292
4178
3774
7095
1870
13601
13588
10736
2745
4413
2289
5454
4128
3330
13446
15751
131
5424
3451
4315
3499
9177
257
1869
1216
2873
4545
1942
14623
15299
801
3901
4225
3368
3644
5163
5411
5704
12505
10220
5379
14831
3874
15163
416
1277
8024
9837
11662
14428
6197
10451
4100
14985
11073
15257
6001
13240
13838
9879
9716
7967
4734
1892
8414
9556
3254
13003
9321
1698
2817
9657
3481
12212
6362
153
1529
11324
5096
5891
10311
4014
4072
5923
1890
15845
16134
211
1818
13254
6323
2227
15925
15329
12738
2016
12335
11455
5604
12374
10303
146
8741
13544
4799
1004
11350
11977
4608
4505
13436
11007
348
10606
6386
6160
7169
13507
14969
14159
11560
5000
13226
3688
3202
10194
15613
2936
9781
1777
12730
3534
160
12966
6830
4400
1697
4249
5429
322
16442
1233
15101
5127
10409
11021
3232
10696
4940
12347
15252
10569
2513
5857
2010
171
9520
16028
6281
3894
11306
14387
16099
1575
11832
9916
11949
11572
3709
9023
10710
16632
10351
1384
16572
11751
4587
16272
10927
5156
15476
3761
9839
1927
11749
500
4175
8569
10591
2236
1411
7570
388
408
14331
12240
9547
15150
14724
12713
683
5596
6612
5817
47
6944
701
16286
5080
12678
3889
11166
3044
9779
11373
1791
9751
13995
12498
9853
3699
14878
3904
3033
16909
1655
6573
8674
10908
11594
5534
15520
8574
4975
16154
7958
2118
11744
89
611
13429
9693
15409
12757
9981
4243
10949
2857
6403
6510
15218
4562
9515
13644
518
6743
11069
10649
11807
14612
14677
15723
6339
11447
14173
570
13879
11671
6593
14643
1957
11667
951
15190
12453
13755
5004
16804
12623
9740
1297
10868
13610
6569
14242
14434
3511
16308
3298
16896
535
10626
11693
16121
6687
3643
6170
14299
14890
1993
6724
5133
13471
13518
15528
16329
8364
15454
5389
10814
70
10404
16568
9914
4879
14343
15015
278
16164
13466
8002
9575
14255
13722
5328
16358
4544
11380
15090
7217
13933
12667
12946
8524
11194
10424
8270
8295
8716
13916
7203
12824
7182
16323
617
6807
4365
15853
11074
6301
10990
12428
7914
10866
16158
15854
2570
12645
3130
6124
1378
9157
14797
10310
4168
3776
3297
644
5688
10703
4086
832
14812
16179
1053
5564
12010
12119
651
417
6991
9825
3842
13508
15286
12029
8989
62
1738
15328
7232
13204
475
11950
15641
5802
16162
11313
4262
12815
15679
1852
16382
5433
14488
4825
3767
4349
12086
16912
8458
11676
2829
16937
12595
2762
11632
1305
12105
10091
195
5264
13192
4650
9048
13212
14717
17012
16629
15513
4369
14540
6210
13113
6556
10473
2127
1563
1566
9352
11742
5432
9523
10009
4139
14051
10023
4752
1938
16357
4806
64
3049
3068
11432
2814
4390
5918
10536
2175
13248
713
12073
12020
1368
15877
4624
5368
9652
438
11333
12728
13664
2221
13075
6754
15527
12958
1054
5063
5919
11266
9118
15635
11655
9776
16155
2959
3785
4857
5450
5926
10533
562
13825
1682
10273
4293
8715
9073
4893
3828
4204
1510
2351
14573
6591
6979
7211
16874
9082
13146
11488
13438
5686
10053
15805
11595
12288
3128
14296
3264
16184
6429
12936
15612
15175
13834
2742
7162
9071
4156
16848
4690
10442
5856
2228
12563
14294
16103
7058
4295
9418
3491
10313
5435
6753
3815
16988
13202
11745
1497
158
5560
4506
9755
10720
2840
204
10798
3735
9262
9929
13333
2793
2482
1015
14520
4450
9907
5240
13182
12520
15016
12786
11014
11497
91
2804
11156
5931
11579
15291
4372
13899
841
10766
4578
2529
11111
5814
2971
1186
11838
9672
3878
13470
10680
11937
15385
13273
12930
13690
14480
2908
10126
13797
15054
10566
15441
9464
11672
2021
2385
3126
13397
14405
12278
11251
905
4539
5202
14591
4731
1409
5157
14468
4966
2569
12693
4020
5731
12250
6090
16631
6031
1586
15356
3482
2941
2255
9374
16661
1644
3862
10357
10293
10160
5224
6646
16593
6942
15498
12789
10717
10852
15003
5716
14425
10461
16347
5593
16647
7065
13340
8615
8237
9654
8452
4301
2664
12476
2906
7027
5257
7042
280
15399
2237
3438
15620
17021
2519
14844
9601
14632
10131
9497
1330
6238
11993
15434
2463
9281
15543
16363
4310
415
6297
15049
819
11630
11023
15203
10069
12182
16735
72
2781
5740
6764
4160
6870
6946
10301
10435
1017
14806
2149
14252
7161
13781
16148
10156
8090
15899
3024
3018
1093
2744
1021
12008
3988
1717
2767
10779
1012
12267
11044
9602
2448
660
3358
2244
12854
10935
13322
10889
9247
4280
15458
4575
9857
13370
5258
3745
5420
13590
12093
8850
15938
12598
1659
16016
16254
13951
15250
1827
7212
11177
15165
6465
14087
13877
1426
5083
2283
17000
12992
4849
16789
16051
5086
10455
4712
4706
5661
10318
2097
4528
11537
9172
5008
15512
586
13244
11206
680
5617
3343
15099
2850
5189
8544
15245
11105
590
5551
11813
13641
5326
6333
15333
10189
13833
1801
3962
8669
15539
9252
13433
10196
5390
6231
14779
1238
1141
13726
15386
262
6358
1884
14345
15251
9467
2089
13441
7223
16068
7009
654
1532
5788
5796
11819
4060
2953
11429
9294
15678
10395
5774
13348
9431
3285
4892
5161
9616
5935
2288
11646
2581
3541
9287
15059
14770
14211
16814
12508
10008
11779
1771
3782
11712
1058
13870
1002
8319
5381
2265
2507
4662
15901
12947
15297
16944
15395
16691
15873
16644
16801
11286
14626
9574
6690
17
12193
16210
1457
218
14736
12167
14927
15884
9218
15667
15720
1445
14756
10172
8576
13983
3119
10488
6045
3400
8703
6428
5399
4330
16441
14024
1462
1459
16729
1610
6163
2104
6970
9455
5308
13105
464
890
12647
255
3503
3845
14526
13484
8685
17001
11193
13198
14713
16176
3272
11005
10762
15581
4823
9012
10583
5696
2229
15327
5024
4424
7041
1959
11889
14624
9972
665
858
5601
16371
3215
9052
12091
12558
11285
5434
11269
4047
2339
5859
8260
5341
1631
10335
13131
4455
8999
10170
12017
10000
2012
3155
6223
5514
13419
4113
5559
54
5238
2768
3934
13732
15962
1076
176
12289
6222
10925
1072
11731
192
13627
10484
9758
14946
184
2264
4484
9032
15011
13119
10810
3402
4652
2113
12721
1530
15320
15514
9979
9831
1291
13135
6425
1468
15075
14300
13497
15142
5583
5106
9059
14044
668
15134
10288
11593
3955
16810
1011
16374
15565
10749
10706
5635
3659
494
9326
9075
2333
6855
15407
2131
5407
2087
14544
9908
6835
9173
9255
16872
580
12527
14616
10531
13847
16617
3360
14129
1855
15170
15647
11959
11332
5186
3469
15025
4903
3617
10688
953
6028
2126
2000
2421
6010
874
1440
1677
15005
9921
4709
14811
12403
11384
2188
7214
6514
16201
10752
52
1551
15596
2956
11055
2726
4653
1807
12843
5353
5572
10203
15948
845
15288
14600
1762
10739
10355
1020
14654
11788
1135
4797
14807
11774
6918
14879
13628
2708
12480
16970
5230
8519
3563
2572
16994
8017
212
14452
3604
13122
4272
15305
14350
1630
5767
13286
6280
6904
5904
1785
7057
13448
10110
12832
925
1541
5703
620
7184
14592
4724
1481
11029
5706
12894
16438
2178
7224
3390
11080
231
130
11610
2891
15435
14027
15893
5563
90
4626
12621
9484
13766
1386
1190
13021
11022
13019
9228
431
9367
9789
1064
16852
15538
16321
12907
6912
1581
3192
574
7021
16841
10057
1322
10402
6624
3394
7961
716
5702
5844
4197
3528
4714
10277
9357
3560
3243
6852
2533
14731
12159
3312
13275
877
1086
3857
3275
1438
16127
1991
9808
10241
9478
14283
7209
2472
1162
14593
9585
9561
1349
8420
15137
12775
425
13936
9409
12305
3832
13807
16827
9246
2796
14073
1906
16337
11827
5095
9050
3352
16503
5094
16640
4351
13915
9632
12602
2298
3702
8552
13140
11974
14965
16271
8446
15259
6148
13786
5236
14972
11379
5842
5058
4718
11126
6433
10217
4605
13540
1299
12543
625
16677
744
12148
10235
11716
14902
12608
1743
347
4908
6649
3787
9034
4059
15450
16808
2689
13236
3227
3450
11812
11024
16021
150
5145
9041
9289
16649
2222
5833
209
15743
3504
13563
14352
10431
14834
15236
14979
929
429
2727
996
6122
9273
6665
3927
5637
3632
3353
10299
6917
14033
13094
4377
12286
10328
5643
11451
5612
12764
13589
16247
5943
487
4880
11343
13295
16901
4284
15051
1249
16962
4065
1564
265
2500
16984
15593
4769
14436
1572
14365
16156
6224
14714
4398
9057
6413
3127
6468
14391
11225
15847
1258
10882
6810
5060
2080
10622
4687
15483
3034
15568
5793
9108
12986
5771
1690
3239
4039
10840
9235
11020
5352
4933
2438
16445
12420
15117
16653
3480
15352
11586
5026
13427
5750
9099
11871
12827
536
9254
11674
9933
7070
3595
9088
11103
1674
16195
15557
1898
12444
13770
16779
2565
4233
8416
1302
4303
3387
1761
9279
2508
14053
9128
16071
7176
8554
2532
13729
8266
14168
4639
1345
12003
15302
16436
4685
16838
11729
6503
11631
12030
2054
15387
11142
2931
5356
1512
6
3515
11580
8048
460
9324
702
14441
11025
5824
6030
13334
3590
952
11043
8761
4105
6193
3950
5195
1867
5149
4000
1281
15431
14940
5749
9270
7098
12211
1465
6791
11991
12109
6287
3349
2518
9526
15189
1522
6600
10115
547
4177
15949
15574
9852
11088
13875
13139
2078
13329
96
9193
4302
11947
15957
16620
15828
10471
16299
3951
4170
12045
13816
6036
8380
12466
14466
619
1695
1559
1318
15950
15486
14939
5982
14494
57
9888
15973
5574
13221
14257
4187
6968
14711
9345
2687
13994
11249
14383
7971
6826
1806
1423
5035
12262
10582
2918
451
5851
10108
1115
3045
12350
573
15689
165
4957
15445
10399
12972
3638
2031
13562
14001
9160
4947
16741
958
4713
7164
5300
9962
14574
14610
8711
14545
11048
10257
15690
7160
12978
2413
6276
1670
6677
215
15363
4926
10346
12216
14020
5288
11496
16350
8276
15232
8937
10098
3852
9722
11833
1597
5064
2485
1651
14786
3519
9491
3083
7183
16965
11741
5103
12724
5901
3386
15614
9622
2621
2654
5656
1363
6330
2520
5880
10042
5640
2279
2476
15688
16264
11944
10901
16996
16892
13407
3336
267
16711
3796
12530
16111
6487
11456
13055
4096
6580
4061
7061
5021
13043
8678
14461
13175
13259
3999
13771
9234
14326
2309
4531
16370
11723
12979
5073
10638
16449
9790
12773
16815
16045
14772
3671
11117
16422
991
16627
3316
16427
16188
6986
12763
11115
4923
9700
10909
10986
15713
6245
2219
14309
5480
14485
11721
1894
12163
6720
6493
8640
2467
16223
9184
179
1800
12405
14659
1973
5759
16288
13896
13037
2345
2499
10401
6077
1121
3887
3915
2877
11612
6192
12954
16081
6666
1588
4789
16533
9
14034
13613
10553
5960
13651
9385
3276
11012
16607
11344
16325
4996
11546
4306
11962
4614
11648
14487
1517
4633
9689
9509
1974
9670
3132
9659
282
9966
15655
11110
13039
16690
58
11925
294
10698
10148
10932
10262
7642
11398
12383
2555
12183
5485
13337
4041
14136
10111
10677
3030
13152
1039
15303
8846
5652
7206
1569
15947
3231
15440
4942
12297
11713
9802
1774
3561
13030
13857
15069
8084
8229
13408
8450
15699
470
10018
6768
10021
2179
2981
9565
13268
5618
13757
3805
428
9919
10294
4621
649
12124
9432
16131
5061
13363
3423
7175
1724
14874
5769
13496
12990
4467
12749
7198
6864
10742
823
2820
880
12799
5143
17008
340
7052
2623
14781
9259
9482
16864
9878
10813
975
4088
5067
10330
2045
12129
10924
3989
3524
10447
13603
4898
3053
11906
1907
7196
13593
3052
14799
4820
1925
14947
16935
6363
16728
2151
13969
8487
3928
9818
13260
13922
3513
8905
6256
5134
9524
9915
14920
12803
13380
11764
2666
4667
12507
16863
15628
15095
14302
11981
12272
1078
8171
10141
15340
5250
10481
9166
12953
11253
15839
15463
6017
15788
10061
6934
12099
1916
11627
13687
12166
5249
15379
6557
8488
16532
16992
12230
13917
15583
8186
14910
3890
4101
13262
16502
16986
5391
542
5839
6769
13745
4874
16048
5323
14720
14088
162
12301
13476
1292
4534
9392
7180
2009
2032
5065
15002
13973
16903
8362
5221
12257
8649
9284
287
383
10576
9525
11217
15872
13820
15681
13308
4326
16512
4456
3731
15199
10780
6628
14338
15633
3253
13684
1533
15534
5277
13504
9274
13909
3153
9954
4133
4180
1897
16320
9210
201
16931
418
4780
6735
11189
3021
9535
12484
12409
14047
2197
2859
2583
13081
3708
5032
3190
12869
9220
10645
6040
15248
2436
5416
11144
3736
11940
15669
3228
5828
13988
2506
11811
5942
6919
8099
5885
16971
13313
4405
10512
16491
16233
6070
11690
9089
11935
16006
2809
4309
1499
3734
6225
8605
9884
10847
16453
10024
10906
12750
12630
14286
12999
14584
14809
4307
4374
3902
11207
729
10016
11196
16624
9009
8111
16113
16695
4877
5448
9680
16348
5278
4798
12097
14118
15224
13047
13697
11067
14648
5733
10041
6987
14901
4517
4599
4501
15732
13987
3960
11775
13115
3946
16490
1037
9168
2230
14082
4412
10275
11622
7056
9404
9079
2999
664
13992
16688
4252
9240
11323
2954
2496
15430
4149
412
8439
6169
3240
3229
1960
5074
1412
4951
4051
7071
13058
5812
11720
15843
1727
3169
9339
12204
10820
10209
1144
10802
15481
4521
1356
11508
2081
22
11717
5366
1003
15028
5678
10692
1508
2824
11909
13608
2
2147
16199
12258
8459
4924
4637
4914
9355
16059
16257
9155
4209
2211
6327
10972
13041
1149
10187
16365
11216
675
14839
11916
779
10956
11042
3032
16454
14361
15330
12188
14776
13852
15917
2554
1207
349
14991
2730
14851
16489
6597
15026
3624
5946
13279
2769
10419
5476
11258
9855
7260
10887
427
13465
239
3004
3226
10064
13176
9280
4037
9063
14236
10386
8294
5840
268
8375
14476
2731
13136
4909
15825
9651
11191
16462
9823
9822
16974
9325
9936
8801
16769
10027
13882
13546
11699
11867
8787
8830
12441
10306
10629
1599
3144
3783
11830
13326
6638
16782
15889
10176
3529
3464
15197
15184
17011
4068
5568
15507
13932
1711
15468
1831
11214
2295
5402
16086
10999
13783
10264
16750
5599
9706
10797
3601
1731
12853
2408
11782
6496
5727
12864
6899
16500
13080
12235
9729
5325
4670
10841
3744
15600
65
3551
8756
15984
12307
11010
12962
4495
4030
10339
15279
14305
2450
16423
2940
12376
5715
1380
15394
4205
16929
13266
12360
10728
1007
8120
4764
3755
12676
11320
2573
14376
2372
3325
15406
722
3853
10547
10124
4999
11695
16987
2407
15786
11172
3224
7166
13190
7186
14817
9416
5483
1808
3139
3332
13271
2695
5783
9070
641
1739
4331
10389
1680
4684
5639
2757
9163
10975
523
10998
5729
4962
3213
13440
13134
9277
11892
15933
2110
2885
6489
6310
5491
12631
936
27
14704
15326
8616
10191
9973
5548
14636
14117
12247
13893
13362
4615
14368
12346
1062
13206
8791
11035
14693
10271
11240
237
11137
12331
12371
13800
2121
3181
28
7062
14234
916
12539
319
12743
4679
15965
3642
3518
8056
1706
9133
74
16079
9211
1433
8878
4235
2842
16836
1491
5246
11499
3266
16493
566
2306
17018
10732
10886
3135
650
85
4541
2182
14261
16245
4480
14169
16743
15906
672
4130
485
10415
15942
13355
13437
14475
16225
3907
3751
9027
6438
2310
108
5038
3178
3651
14123
3356
13306
7937
3764
4475
3301
13089
16419
15088
14133
3072
8686
8708
10458
14904
2442
3982
12964
15308
11066
9368
2392
16556
12755
11989
13351
7830
8130
15345
16918
288
326
13325
12570
16031
16414
5457
1169
10459
11393
528
5362
1161
2083
10854
10240
9582
10411
16345
16560
14628
10159
13866
1632
10072
4533
16504
3384
1616
14554
14656
5354
3531
866
624
15194
2371
14533
9723
14846
11533
10341
2790
8602
9453
3234
10707
5625
9142
1524
6261
9945
1333
16527
2797
12695
11709
1557
11753
13666
2774
11492
14750
14664
367
2414
14213
9768
2627
5654
1444
9756
12590
12180
13368
8306
2096
12295
11423
9000
6513
3289
2634
10964
2550
10070
14642
2836
9926
3150
4810
1763
10595
13299
10227
3241
13901
14373
12613
652
16720
12734
10971
16022
8328
11895
16916
12195
1598
5882
10980
9391
1142
1662
12806
11476
3777
6283
15946
875
6793
12408
6578
7007
7933
14914
6954
11784
11930
4336
14114
11224
15575
3804
16236
479
9413
10312
14944
10327
11999
11896
5451
9788
1089
9605
2644
14629
8817
869
1176
3236
691
16281
6233
15151
381
12165
3636
12891
2795
3038
9728
8532
8620
2828
1805
2864
7163
6133
2690
897
10437
11467
2136
9271
6400
602
15725
5201
6863
578
9620
13605
10348
6622
9216
14909
56
1956
15548
2417
13494
1055
1900
3530
12983
1219
14484
10206
10670
14406
3820
449
5259
12709
6728
16921
11422
4237
13187
5697
1082
11083
5146
12433
13650
554
1306
2962
1933
4835
15094
8013
5569
13276
2606
16007
1346
478
9909
2974
13813
5269
1550
11265
14748
14829
5400
14500
12192
7863
15255
8764
10077
4136
2332
15185
3707
5797
14357
11826
6546
15244
5066
13165
16194
11563
585
4760
14961
12137
12577
4460
15756
13073
14297
16025
11289
10783
4087
12062
13142
10981
14462
14362
10158
12473
10915
13864
1010
14528
2754
8265
15358
3587
1735
10285
11758
12130
147
11195
4536
15791
15413
16238
17005
7942
6195
16843
3806
10544
2655
15216
9343
3757
2545
8726
11237
1921
13925
1266
12616
13661
706
11008
14793
9035
9383
9999
5848
10268
14019
13611
8167
9748
12459
5932
4034
5775
2023
1366
16705
8995
4231
15113
11072
3361
12607
3589
9619
11139
9380
12316
10155
9126
14416
10416
3439
12665
11360
16812
16886
4411
9690
4112
7171
6285
9015
13100
4523
3834
7045
13492
11964
5689
3311
384
16881
1593
3879
5275
16090
16744
16096
5619
11038
12925
2158
10214
9904
11027
13567
12796
2815
13099
3623
4466
1414
15102
11282
14963
185
11454
4308
13133
15499
10089
9069
12228
