10940
16094
15205
7925
13391
7155
1798
8223
8538
6954
6983
14794
8742
5163
12146
1480
13158
10330
11089
5071
6499
1669
758
7126
8282
13323
9859
2847
1184
3177
791
12358
15858
5978
7345
1889
5990
9784
2518
13923
15538
6086
817
8634
9127
5446
1813
1149
12378
5482
15639
7207
861
12461
12749
9003
8755
1245
2434
13948
5570
5131
6904
1353
5250
2440
10815
11470
9040
8228
11368
8205
9343
16829
14083
6730
15630
9293
8259
12405
6557
5653
8834
12245
582
10966
10231
2697
11365
7021
10653
6859
5554
9079
5883
14477
2025
8220
14840
6238
14403
7354
6311
16166
13707
15534
2665
8806
3190
12738
6509
10156
10175
7496
12645
565
13214
11885
8527
16110
14984
1022
14012
11796
6941
9089
174
12191
7396
11374
9874
2144
4068
10833
2076
8179
15804
14738
6346
2602
8316
7497
6391
11105
15801
6139
226
10910
8567
10310
5813
33
9615
10536
7920
9442
8478
3343
7219
11131
10655
9620
419
13816
12648
7984
1375
3446
790
995
6383
546
9617
6670
10605
7858
13803
6807
129
10801
7091
9882
12364
9985
5932
16778
2660
13916
12015
10390
9879
9028
11362
14601
11407
11052
12359
11451
13353
10289
9071
7357
6015
2192
38
6172
16644
9279
14437
9263
9344
13217
3214
16928
13155
6362
7439
1778
7933
15432
15196
5862
564
16463
2679
9211
6974
13592
1655
9464
13626
9931
12310
378
9216
2948
10471
14161
2585
11390
16131
14351
11864
5288
11235
16461
14696
10287
10825
9969
5878
8606
11585
12458
468
1234
13407
10656
14635
11788
2443
8808
12211
5718
10789
10612
6218
12933
7715
5328
6239
9075
11611
5463
13751
12701
15233
573
110
5922
9999
2057
5481
10834
12591
8283
11949
8091
13011
8144
6619
2680
10772
6243
6940
2243
1929
14367
2178
10031
6927
13995
12974
3607
13771
8983
3454
2765
13806
7899
1002
7060
6969
7731
5456
7932
7412
5739
13784
11794
12919
9875
1046
2865
94
6337
11979
9556
16283
12910
6164
11642
9167
16371
10855
2500
2224
6957
1140
189
196
1594
6336
15246
14929
8763
360
13137
12329
6429
1023
9294
8802
7989
6341
7584
10056
7449
11930
13225
476
45
15748
9552
3201
15829
7128
12964
6306
7803
10758
2994
13430
2913
15953
1425
11563
5907
13196
2853
11660
16115
8176
8189
16221
215
11141
6680
11797
13885
10808
7980
15162
11534
10022
13315
10180
10459
7068
8339
11863
1943
15131
12654
1032
15234
14242
580
2493
1154
11076
15959
10820
10912
6845
5731
8922
6073
7804
8384
3735
11044
2302
16704
1075
6126
2725
16471
16877
9225
12714
13367
5972
3518
1064
5927
15955
2233
15244
6353
835
13277
16943
607
16267
15767
7487
5284
1423
9286
11607
342
12261
10753
14486
16514
8077
12440
16192
6731
6596
13850
3681
9384
9084
2187
14118
7606
11223
2475
6632
8013
15117
6186
8464
9504
8773
6884
12271
6301
11589
1316
12525
11542
10112
10553
6782
12885
12141
5755
271
11189
726
10423
14108
7493
14211
8570
13546
8781
15167
11588
1352
10101
15420
11084
5782
2747
15277
2038
16896
1033
13413
5295
1378
12522
2470
15637
13236
6982
2433
16615
13167
5306
15787
7229
2542
14243
6978
2423
12595
6615
14324
8411
11348
13218
9444
14181
13193
13347
13675
14689
16097
9949
6883
14404
13919
8103
10589
11910
10151
9170
10267
10816
13796
1668
10121
2965
13175
2702
8274
9404
12290
3517
11879
11857
8423
12216
9041
656
9142
427
12247
6114
12253
12065
1752
14791
10131
8229
13110
14496
1951
11666
8311
15840
1567
7882
9970
2891
15967
8891
13622
9940
5868
1180
11176
14694
16341
14466
3324
16815
5571
11559
16549
10305
2595
16623
3718
9514
1333
11444
2944
1143
7660
9802
13561
14972
2308
16791
12423
1303
11846
2538
15083
10139
1287
16055
6595
2979
3522
15498
14352
10828
14544
10865
10374
7041
10196
8600
10024
6030
15687
11068
16346
11165
13465
9455
2001
15171
6709
15494
2947
7775
1670
9177
347
7026
5689
6226
12993
9674
11246
15295
10745
10035
6814
1712
10064
7104
10507
8032
14479
13230
2067
2435
3487
15236
12739
9112
14652
3330
751
1524
1732
13211
5425
16793
8118
9259
279
3341
7391
40
670
10436
16621
15965
8381
9064
16277
9280
16552
12901
9141
14458
6743
12836
11008
1949
13671
12457
11017
10648
8979
11287
12835
12961
15228
11161
14210
14823
2517
13380
9403
15563
14736
16232
9762
2558
13050
6747
14511
8420
8960
7101
15043
12143
16436
12309
10069
8543
11834
4989
367
16473
15258
8488
1556
6556
15996
3002
8218
14252
9207
1548
7010
15600
6248
13703
3539
13339
15702
13532
14299
9881
11920
5503
14949
2230
6815
14853
314
2916
14278
13785
15076
16407
522
15000
9152
609
14795
119
13119
14350
2363
14857
15358
789
13513
13221
1700
12409
10907
16700
12137
12126
15604
1582
6720
16519
13790
14090
10563
8784
15915
5449
6209
2638
13265
5507
14702
15615
8752
7702
8867
16837
14829
16323
11309
11653
13856
2689
11876
7879
6811
7147
14547
12946
12113
16315
11808
9044
13330
8602
1916
10351
9643
8905
10061
11254
16607
6002
11073
1931
5504
8427
16874
2227
6650
12138
10928
14297
9598
1040
6597
6187
13944
1142
2632
9663
15916
7838
12488
6950
15346
12035
14856
11160
7034
7052
12323
16857
9217
15921
13825
12373
12020
832
10002
14029
5542
8281
6004
2846
6439
12157
16070
9431
6735
6365
5451
15668
6513
10848
8975
8173
8549
6064
12303
15437
15442
7364
12921
8026
10728
10366
16432
11600
10701
7542
623
6504
6764
12611
10190
1183
3354
8290
6389
473
11381
6529
11236
2918
12811
10418
2035
8192
9258
10383
8509
5326
10628
1626
11472
781
13292
8779
10703
15861
13744
8178
8197
8154
6407
8395
5698
3367
14838
16409
871
12395
8430
6414
1199
14761
11274
11005
13972
11733
7375
4932
15180
8921
9080
11135
2334
7659
10127
3451
5595
761
636
1740
1431
12810
979
15365
8157
6487
14058
377
14554
2177
5393
15724
9833
14597
11080
6484
17022
13847
6515
5444
3368
6396
13562
12467
2019
1991
1601
15698
70
7959
7808
13314
14965
12858
9007
10692
11887
6492
7158
1103
17013
1260
10033
3146
799
12237
11436
7315
8536
15599
3262
12393
6655
5681
15440
13833
1953
15879
11098
2543
12228
15635
10292
6049
584
11353
6706
11121
5775
2854
8731
1190
13725
3000
7638
5738
11814
12821
7199
5787
2816
6219
6382
15278
9240
7196
1688
15015
5807
12851
1580
11259
16572
6496
1448
6051
6550
2463
15887
7386
15704
8639
824
15933
3516
7338
10150
7581
6911
8977
10365
6817
11757
8163
7973
16429
11995
4050
8518
12110
5604
13864
10126
14964
2591
6035
11341
8748
13359
12911
5097
5402
15817
9512
173
2734
15197
10757
9246
16162
15008
16234
3705
12641
7708
12771
1613
11087
8539
10008
5675
8104
6489
9988
11273
16171
6506
15802
8942
831
6531
16368
16037
15176
15342
822
2682
12837
2857
6216
15082
13169
12722
6227
2502
7872
7621
14226
972
1679
1269
14754
8920
14915
426
12891
8959
9115
11011
7694
11946
356
8717
2634
15291
13969
3301
1328
12293
12907
881
6043
12053
3733
9304
2248
13746
10185
8270
5620
6995
13460
6046
13242
13588
8982
7703
2982
7564
9635
10149
2403
8066
2115
1659
11795
16487
6312
16073
7013
11267
4661
16662
13685
12499
15034
6915
16511
16532
1983
892
11904
6525
2050
16226
13599
9926
16965
11118
9411
15995
424
5996
13757
7157
8930
16796
13216
11984
2197
8132
15225
12445
9223
15463
9103
64
13706
941
6987
7785
14539
3541
5390
7915
13649
2368
9758
9025
9124
11932
7180
1893
1966
7519
7650
12729
9495
336
3679
95
6428
13376
16744
13990
5454
7458
15271
1588
14368
7294
14426
14683
622
14777
12459
8547
1099
7628
15529
13275
11459
1151
14322
12127
16477
8912
14757
9001
13261
12390
16207
12124
7113
7028
48
7845
15816
3690
2621
13867
9480
12824
14139
7571
5729
10596
5296
1753
9266
12890
12419
16678
9368
8788
6598
15412
8750
2341
10
2100
7105
10417
7303
15603
16337
5715
5902
8881
14380
11174
10339
56
6466
731
13469
12806
12700
13355
2172
2257
11755
16498
11411
3391
13859
3620
1455
14581
9118
973
13786
3304
15002
16849
6217
3410
11908
12374
11952
2028
7038
8631
7279
7579
8967
16992
9171
6990
13343
11212
14510
6107
3040
15101
6393
6481
7096
15897
1121
12198
9555
7499
3192
184
8774
7766
12212
5420
5380
560
8293
14958
12772
13170
14844
10872
8654
13080
7541
35
8947
7370
6154
7555
13032
8469
6636
10709
10681
10852
15268
6673
9337
5635
14481
8203
602
14899
14891
938
6841
2388
7866
7919
14082
14265
661
12305
8301
11321
139
10100
456
13984
15633
12587
1630
10915
15742
15991
8714
11723
7595
15304
14528
13482
2234
9830
11295
2984
13683
185
5245
15682
16087
3746
12718
13617
16636
15376
10174
12033
2535
5780
646
1773
6145
1834
11690
1617
15506
15158
7322
253
14852
9173
9893
6224
664
5935
16295
8199
12546
13753
15039
3156
13783
6511
2468
11765
3457
11435
1374
15573
12
3176
7492
16650
7572
7445
5930
13159
15315
15539
10039
9943
6088
11018
9109
14712
8310
338
11485
2207
16631
13501
5903
12161
6604
15640
2760
9679
14343
1654
73
16029
1517
3054
11981
10826
2206
3418
15820
397
12789
13728
1039
11099
14160
15689
13880
7244
9164
1105
14825
877
6862
1786
7625
8716
676
14022
12536
15747
8188
2146
15697
526
8162
2137
11971
9894
7506
2840
15453
13536
5492
14981
8337
10486
4582
8630
7961
12747
11664
11215
1887
15821
475
7353
10136
9209
16748
8044
8515
8740
10038
5203
9945
2589
12277
9494
14092
13817
2663
12162
132
3566
11456
10183
10042
6886
1116
16052
8516
15421
592
7088
1189
12486
16634
1944
5086
9397
14031
3747
12208
765
10394
6984
16866
7657
15024
12570
11662
6698
9335
11143
12581
11243
12626
5693
10476
14420
12098
86
815
12990
11480
14897
2520
14014
5926
2501
82
12954
7387
8000
535
16003
11928
16834
8355
2631
12049
12635
8306
2581
16274
2686
1871
962
3680
15977
11183
12470
5498
1439
2633
8825
16213
11869
6282
6405
6310
3584
14039
15561
10504
15418
12101
8049
9277
718
1739
171
10124
9422
1794
16235
439
6411
2120
16747
374
6079
9548
17008
14016
13308
3520
8572
15814
10913
14775
12243
6262
7029
12375
12017
14893
10358
10404
11880
11991
9803
8415
7025
7061
16592
10952
8962
16665
15908
5373
8022
15578
12900
8155
12026
96
16316
3642
412
8312
8379
10671
9744
7336
15644
12477
10715
6970
16092
16508
14312
9787
14179
2537
5271
748
1509
16185
11720
9900
16453
1188
14609
14655
12948
9604
1937
16663
5458
7056
12876
10737
9713
15877
15115
10451
13801
12989
946
2000
51
9388
7682
7273
15997
9873
8372
84
6339
10895
788
3629
16916
5525
12252
7652
13975
2360
9904
8804
5712
10424
5540
2142
9644
8387
7410
13512
7565
3492
16633
11464
15719
8537
15537
10934
7151
6801
13194
474
14188
5379
13999
8844
6103
16716
15069
12120
14141
15792
14298
16168
4073
9536
164
16823
3420
10178
16282
1757
10514
1631
12070
14398
12530
3686
15182
9731
5959
5993
1650
10314
11180
2774
902
7474
13654
11956
5938
12915
2008
7898
11302
3561
10498
2030
2122
16329
13759
1481
10662
9212
15660
13688
12302
10832
5223
7130
10573
12780
15071
12484
7806
1398
1793
14359
6923
1591
15074
9628
8120
10528
106
8313
16135
15734
10144
16210
121
1196
14962
7631
2052
236
12439
15452
13557
11345
819
158
8868
15531
8475
11497
1365
12642
10860
2866
2648
1079
8093
7291
722
9038
7372
6327
1390
15108
7864
1881
1400
8021
11031
8658
12792
8341
5648
11081
9584
16263
16525
14441
6627
1644
11283
1321
266
7983
14787
3430
3695
15928
11072
11652
6554
9892
9899
14174
12147
9130
13293
20
17003
8530
11172
3165
334
15831
2526
15944
429
6121
10564
10739
16891
1555
16573
14330
10766
12846
12597
7673
10403
12285
9479
16841
16676
1476
8846
2750
2315
7663
5821
12002
3527
2553
2093
8288
13551
2741
14578
6039
9412
14692
7287
13271
1656
7646
13692
1363
1214
1632
10028
606
16986
13571
8079
14847
10987
12195
9291
1746
11106
3495
15564
9841
8903
9790
610
10687
13812
12448
12716
372
15329
9070
2397
14963
2419
11905
15023
14063
15314
14542
1198
9736
11205
12481
974
5292
5251
9128
1716
60
10060
10257
14740
8877
1277
11973
8156
6742
13068
1515
2307
14049
3058
8829
14507
2709
11294
16697
325
15099
15027
15715
8502
872
1609
1369
9519
5418
8039
10238
1719
11352
9278
10774
11144
9844
7965
1144
1066
8760
6148
794
9508
9568
11108
9932
16783
14703
16430
8507
2597
15199
14240
3145
2288
15462
8237
16677
16196
15351
9783
11632
14302
1052
12122
10113
8616
16981
10211
14301
8775
12240
11670
7805
13556
2987
14238
15256
16814
12451
15146
292
14493
16452
10189
3171
16032
5967
11152
13637
308
9308
15974
13889
3
5856
8907
5319
2013
10443
443
8070
1414
2827
3535
2555
6303
10515
13726
2369
15362
13207
12697
15794
16372
15134
1741
11598
13439
10266
13
12618
6634
4527
13750
1301
11036
5486
9148
9261
6385
12840
13938
7217
1527
9665
14987
12634
14988
9585
2185
1394
6229
7103
13484
11719
10488
857
6138
11420
4080
6602
17018
466
6874
9948
6181
14185
11714
639
8008
8440
9887
12135
16480
14517
2981
1392
16682
15116
15520
1311
16332
7848
7082
13827
14189
3383
10726
16424
14675
14876
10277
15931
10884
16638
13406
13418
1850
9353
11737
10082
10581
12544
7437
2997
916
8097
7436
10107
16129
2563
7951
11855
13852
16884
14401
12643
15173
13978
16659
15740
13434
11110
10615
16414
8585
8817
11109
9995
612
3610
5925
16827
12346
2805
14277
118
3570
13273
1743
5649
9058
14306
7310
15973
2087
11325
15035
9768
5594
10059
15629
24
10356
15595
5728
13696
8666
7337
6270
9488
13324
9474
12674
14919
1161
2321
11271
11541
11909
5800
9518
7988
10714
2299
16443
16370
720
10802
1799
10362
645
10734
6700
16951
202
2804
10803
7734
2573
11917
16856
13118
6633
13444
9570
12432
2963
13644
5818
458
7607
348
11548
5988
8167
7626
2040
14152
7306
11822
7049
11842
5560
5552
7855
13103
8465
16067
1243
12044
7556
2029
12588
14254
3569
14918
1304
8683
16420
6045
7160
12977
2491
13920
14213
15588
2559
693
16299
1282
7833
2945
146
12341
12646
12108
16081
3056
6372
5010
4095
16902
1215
1030
11961
8100
10325
2446
115
10555
5520
9616
11558
7841
11417
8514
3684
616
1849
14134
7173
2240
10689
10837
2286
14300
13283
7583
13089
3293
11438
13284
14414
14508
5579
8749
15733
1074
15783
837
7707
509
6028
10510
1493
15300
11440
8510
12142
16790
16367
2383
14621
489
1779
2798
2743
6571
10228
14572
15505
13797
8459
1574
302
9871
12585
7769
11142
12361
11332
16462
13659
16146
7430
783
5487
14907
16757
11405
7170
9782
7854
12909
15530
6400
12060
6142
14363
12235
16732
12222
6136
16970
12485
9237
12568
14590
16792
12400
318
13342
14658
15788
10886
16176
8185
13287
1862
1974
5850
7634
1675
2275
15289
1797
9753
3209
6426
151
4934
1456
2862
16374
14910
1436
14975
6689
15676
16934
380
15992
14170
4966
9574
16507
6421
12168
15231
12368
11493
554
14865
1972
6715
8004
238
16604
14392
14035
6858
13982
15378
10252
2534
2103
1792
2096
12434
776
11716
7783
12730
6478
15144
3560
1518
1822
15674
14607
8619
11941
13017
1597
2152
5633
7947
8986
12483
586
14505
16649
3084
7484
689
10887
7592
5297
2312
13470
13891
17011
844
9625
760
13467
14146
6713
8751
2027
13935
5422
5562
13702
10479
14413
5946
1982
16076
10575
14435
16536
5187
459
9968
8579
970
13763
10273
5632
10586
12336
2620
5934
5484
12469
15201
15863
8625
8386
1586
1900
12945
11351
15856
16460
5829
5399
711
11292
16138
6050
6663
5912
1543
15743
9395
13141
6254
9717
275
16861
14986
10574
6850
16939
3282
16726
304
757
13149
13930
6326
357
1787
8444
14222
4158
6622
14942
5779
16848
8408
12148
16995
9850
3653
16363
2783
6048
8504
5592
6252
8981
14397
2627
179
16137
8898
8194
8963
1320
13152
15319
3027
12119
80
2211
11878
16784
11812
16554
14355
16169
8231
13025
9634
21
5466
14013
6745
11900
13129
6223
2900
12576
10700
12856
1306
8633
3721
5033
7746
1137
10338
754
15065
5936
16629
13655
7432
13490
12362
341
15793
9282
7897
8652
9797
1782
2926
1549
4952
11138
9481
1559
9975
9059
7711
3357
1356
11604
14803
6878
263
477
14176
12717
16603
13538
5360
14737
10094
7550
7276
11124
12291
12241
15042
964
5499
12312
155
7685
16472
7131
7601
755
1268
8989
14640
2605
5371
10102
11366
13698
8618
2127
9770
1934
14346
15912
12509
8743
8873
1312
6685
7599
7390
13883
11369
13369
15853
8040
7921
12299
15868
12424
7319
4955
15374
5599
2344
16296
1809
16444
16233
219
853
10955
16184
11570
3470
3656
16988
10518
7531
6671
9268
16188
15179
11164
16760
14148
11601
13082
3250
37
6159
16056
14130
12160
8171
910
16806
1152
5242
247
5994
8233
8875
15910
13842
14630
9639
8753
7843
7777
1566
15195
1946
13045
9265
1106
10120
10430
8497
13848
14069
744
7071
5957
13598
1471
14602
14516
558
11272
13489
13664
8643
1421
12775
12452
13401
6587
15111
9199
3660
11787
2488
16820
7481
16786
5472
15336
284
9298
16887
11187
9571
8741
11091
7136
8217
12986
10017
6432
12693
16215
103
3116
9549
1570
167
1830
2547
10991
9000
14706
7419
13410
2202
16587
13181
16028
14765
10493
8041
8671
9057
13828
2667
8200
8649
7427
3408
15398
5997
11574
11264
9720
10967
14895
9680
15153
15018
6106
13150
3576
8095
9971
14439
14587
14804
4964
6178
11543
8253
8493
11030
1714
7457
9872
12450
6325
13914
15257
13199
16907
5793
8644
2766
6059
90
12311
2337
15819
16122
16396
7533
9178
16643
3062
11290
3543
923
11014
13162
14916
9010
8900
13115
10130
9646
6748
6132
16518
13184
5875
15652
14869
12425
7666
5860
14805
12031
11550
12043
1446
15468
6394
7045
7765
10491
2198
11393
12403
5489
3358
225
10062
16585
2453
16948
14470
7431
2385
9856
14419
16106
542
15288
9499
10193
113
3574
14549
2724
111
16811
942
13468
16686
9515
14320
11605
246
9800
16083
8596
16411
7504
11609
16608
13996
10158
2767
15867
15581
7249
9852
14699
7686
16390
6435
12984
9647
1259
13765
2162
15084
11901
211
11923
15918
3741
12994
13687
574
7993
12464
11116
10920
562
9409
10429
3132
409
6643
7627
8230
12268
12596
7402
15847
8018
2121
9516
15274
16723
14377
9725
12723
12893
8732
10462
9702
9714
6057
6412
524
13327
11680
12609
2303
1606
7292
2703
7183
243
5578
3294
14060
6892
14191
14055
14954
10332
7697
8876
13040
12695
13614
13234
9321
884
16393
9603
7515
14808
833
11296
905
15191
6180
15406
9425
6889
5941
16577
14193
14636
15058
11248
5478
653
11753
2210
8232
9914
919
14733
7261
12297
6865
9791
16147
9513
14947
7118
12719
2646
2466
15547
14533
8060
16713
3334
1477
864
15066
1685
1818
14239
13090
12982
7451
6005
4133
8871
13572
6688
15050
5521
16082
12766
2237
13846
8809
11284
12186
1415
2668
10601
519
10153
15628
10594
8428
7371
13603
1020
12640
7001
9509
2135
2635
7343
8706
16975
6185
16439
5999
6166
3302
11628
447
6600
5699
3200
3101
14612
6408
370
8260
14250
3244
1882
13992
3449
306
7759
10319
725
8215
1088
1680
15632
15579
5812
134
16157
130
2895
8872
6200
14966
1976
13518
1546
5625
10445
7463
10412
11944
2249
9399
1500
3310
2923
7913
13894
7698
6295
2378
12725
13099
15780
14628
9331
8208
150
13839
7239
16410
100
326
10187
12128
13122
10103
7047
12342
10129
1875
11540
13503
2983
2173
12562
9037
15036
209
11471
12908
11705
12475
3399
12494
2728
11385
7435
16935
11507
9956
6867
9241
2066
7547
1806
550
8744
5510
14157
16684
1007
13862
14311
15465
6794
6677
15855
15597
1162
3425
7610
9056
1713
3597
9092
9896
8496
8435
9196
16292
1693
10642
2787
9756
2264
7884
15700
6410
17
6151
14443
14512
5654
8637
5230
12969
6827
5706
6418
12281
14532
15810
12895
7523
955
6140
3613
13127
6112
12170
16258
11811
10819
12394
14235
9880
2485
4053
13107
10738
8425
2011
16586
8818
9928
478
5024
13645
183
936
14559
5407
2179
16201
9030
2790
1472
10163
12388
16195
2384
15086
8601
16318
14066
14814
6347
1117
14227
14387
10835
16807
16152
10298
7362
14026
10337
6530
1978
7826
5580
14514
12760
13520
5928
2910
2928
9039
11823
1507
10567
8670
13156
16237
17017
2839
15655
13711
9653
9107
453
1936
13420
2525
14831
8535
16619
8177
13502
7622
14866
6065
8280
6213
7358
2459
16985
11433
7577
14998
1989
12092
29
8466
281
16455
1622
10688
12781
2753
8940
14149
15128
15312
3185
15503
7863
13589
8431
8055
6403
16406
6754
8256
15878
1602
2225
7355
5799
9888
12768
13446
1226
5368
712
14606
14385
8855
14619
11849
15925
11591
14088
16365
6830
16191
1939
14369
13296
16598
11465
16355
1763
16576
280
5545
11718
9579
575
10712
1167
8810
3316
12761
14650
9129
5551
16567
10508
12874
16068
7110
6500
8016
13778
13640
10463
16021
7875
6465
12613
10902
9675
7828
15893
16954
16683
6373
9332
14855
5008
8915
7799
12465
1807
14807
12632
16780
2720
14293
9801
2016
2252
555
13318
11025
13075
8333
7495
10971
16967
14150
1058
13731
124
14580
296
7681
12938
15296
1163
14187
7683
258
10216
11145
8010
3702
2105
16369
15533
2221
13633
9511
13903
729
9389
6000
6451
3515
13250
7228
2850
15393
11625
12957
5923
14682
5493
7394
13294
16984
7521
11677
5924
1825
12702
5826
10217
12681
6067
3740
15960
12688
6736
315
10707
1749
2933
245
6117
13768
12857
8628
1271
12117
10045
5256
1583
14182
617
1725
1150
14399
12386
15046
13432
16065
11244
7585
9701
1346
5527
5394
6009
6195
1880
9093
13741
8540
5041
13240
15620
7755
11554
5982
6287
15265
16085
14679
1705
7510
1208
8904
6907
16158
918
15348
14266
14973
2108
12427
9018
8592
13619
16348
13663
1612
6297
13396
9915
7576
11028
8477
15177
10275
8612
13951
10541
1267
10468
904
5166
8094
16179
8133
2779
9834
9937
16438
14255
7736
1050
301
16833
984
14133
3606
9125
12025
2560
10327
5461
6979
2643
12246
9138
16867
8712
14274
12177
11111
12164
11824
5519
11637
1403
16605
10076
1094
1733
13580
7070
10388
14098
15723
8674
11708
13164
2189
3637
8965
11199
2180
8696
15447
11137
3398
16239
2098
10302
12351
16071
9324
14171
14569
3291
10805
6174
7295
12236
7274
16826
557
8778
11766
9826
9919
2181
1877
13398
11994
12878
15680
6141
10115
16872
248
10974
599
7146
615
8884
15017
6024
1717
16675
5573
16626
7246
5783
11102
11150
1587
15634
14564
12689
1926
10695
5330
9020
16658
7946
16888
11449
3397
492
12605
16491
9769
5522
14513
1858
15631
13857
7296
9420
13900
7798
10000
5682
15096
12350
3326
16000
4935
2251
9296
14107
16142
16291
10569
16144
7051
6667
10297
5774
6468
12103
16495
8128
10637
11526
7423
1138
16300
15270
2960
8578
15789
11819
7350
846
12573
1029
13020
9676
5754
1998
16690
2032
12830
15800
8685
15003
10626
10943
15489
3098
14023
6085
1802
15619
12250
10182
9953
14214
13587
12068
734
9203
7360
16924
14338
13019
7145
7754
5384
8841
6882
16942
11545
9910
14586
11029
5644
12205
6449
6490
6831
15594
11210
10880
13387
16366
10450
16851
14774
598
12421
5302
14124
15186
11019
6639
16062
5623
8358
14926
15482
16946
5825
11237
7743
9755
16582
13052
7165
15383
7278
10542
10019
15768
11521
12343
79
9267
2422
11383
1938
2781
11779
5395
324
13248
9553
8610
13074
13154
8181
13358
16959
2615
7559
3373
9416
14571
1860
6944
8882
11854
400
8688
15334
278
6214
12682
6220
13554
15053
10999
1343
14898
15081
11132
276
1643
752
5781
13506
9476
14818
1309
5436
1018
14752
9911
224
8845
5098
11790
13504
11279
12941
3654
13858
5480
5792
9319
12899
1701
8028
2834
16766
2905
15218
7614
14336
4065
10795
5690
10794
16584
13876
7654
6190
8046
12183
10533
16547
12492
14529
16431
13014
15073
5283
6651
5786
7760
16330
7340
15741
3187
16030
14017
15880
10306
1289
9151
13629
5372
2365
13002
2762
12319
13641
8357
6725
15842
16756
7911
8816
9166
1047
6460
15485
11919
2588
8695
13348
12230
13288
5708
13895
5851
11775
5301
15692
16408
16622
6582
13805
14206
13809
422
13268
16113
15355
10407
715
11207
6434
2768
8135
12788
14101
14393
12524
7976
7443
14208
12816
6637
3162
13311
10906
14125
14724
11318
13146
2503
10809
704
1598
13328
15828
8701
11463
15891
3051
5568
9436
527
11257
3278
15575
2064
7185
15290
5974
16889
5732
12616
14309
287
11198
7971
13334
1417
13952
9306
15514
11707
14038
12314
500
16712
10452
11734
7914
200
8376
2153
13491
1575
10089
12991
13868
1340
9076
7837
7928
5031
7480
6199
2359
1498
12262
855
16423
5916
7077
15636
8780
13594
8225
11655
8913
10976
12199
13198
11430
15190
778
10355
8071
13939
5692
10657
2276
5441
12556
15507
9581
15527
13863
10219
2752
721
16724
2092
2852
16618
12401
15705
15403
7407
13383
11123
11260
7528
9959
6661
16305
569
14540
1145
10911
2681
8456
14289
8664
423
7415
382
12295
14303
13773
7425
16011
657
9042
7087
6469
8033
9187
6930
5658
13321
11839
2758
12454
16451
16996
13038
8827
5308
7869
12868
15305
406
12132
11786
5790
14329
6854
14763
16919
842
12973
3355
3035
11522
6617
8594
9380
1292
12861
5370
12950
2392
14065
13340
6517
8447
3298
268
12505
5367
12607
16448
14079
1086
8160
3160
9981
12365
12551
10091
16212
373
6170
15332
6749
9154
7568
16957
8499
11817
13890
11868
6589
13752
11978
716
4380
13295
10744
8234
9393
6872
9876
12731
5505
1458
9716
1554
9327
3307
7123
16821
14641
7895
15311
12569
10248
2131
11759
6752
10226
14354
12709
12476
1279
7851
10661
9724
10933
12600
12741
6798
9689
16418
3082
3668
6069
9655
5771
7588
14085
1315
5614
9262
16694
13060
5897
10385
3167
1542
10993
6457
11646
15251
13942
13722
3043
13205
14428
7044
5089
3038
16278
7972
413
11530
11893
2469
11186
2139
7403
7329
5598
10428
11758
7744
15396
2477
12571
6837
8581
13526
9320
5316
15135
10343
16347
11386
746
2687
7214
2049
11784
6334
7517
7761
1997
3499
12838
9069
16059
16217
11399
5796
3559
9247
7641
6387
14169
3726
12131
1558
745
12418
13215
14057
9902
9865
16194
11336
9073
1826
10683
14667
16400
8799
9486
8365
2102
1912
12134
7153
12812
15870
9877
10212
6722
8014
9824
11532
7161
10345
13132
6395
8303
13299
16269
567
8413
6080
850
11491
13530
6924
11354
12724
9587
13597
11845
13036
8713
10781
10253
9827
12774
9363
14236
10483
6933
2289
7953
1758
8186
12032
10704
8506
11748
14471
12931
12058
2214
12822
10263
5634
15419
665
11576
10434
1204
1048
16702
13872
10550
16331
16755
10055
14950
839
8405
1776
101
11671
6011
11155
1485
1331
9558
2161
15391
1769
9849
9521
12256
14828
8344
2456
6777
2174
12018
1120
16378
9350
6533
2117
7141
7468
8296
12011
1179
265
15356
1921
16860
7714
9869
13724
10402
13352
15148
5621
408
15978
8727
12203
13873
539
8697
1100
11836
1828
12826
2119
14553
813
15516
13495
10157
15113
8665
12531
7447
5662
5249
15359
12627
8489
16075
10977
2429
6157
1172
13286
1699
12201
11853
8321
7575
15769
10480
6684
9703
538
10058
12180
14433
6775
2821
6665
3590
12623
14019
10859
9545
11421
15484
9478
9441
11389
126
379
2899
13031
16153
13210
16910
3578
12489
1496
16731
784
8191
1357
16718
11057
2396
8880
16211
14659
16969
16333
13606
2010
8848
442
13820
7832
14455
14196
838
11204
14142
2158
3640
11799
13519
9323
11776
14541
8528
8356
1051
6442
5317
1836
10930
907
6616
16205
19
1488
12951
6701
5869
9364
16468
10413
10894
13453
7237
12076
13961
137
10386
5803
16104
1283
982
7781
8209
11673
13059
13748
1010
5383
1248
581
10560
15572
1973
11280
15324
10724
1625
2095
14008
3553
2160
8474
12873
2061
1438
12584
4812
7745
15562
2723
6274
7539
7735
5865
14690
14742
7234
727
16401
16493
7349
12078
5757
8001
10194
3179
6510
10817
11196
6291
737
12755
16617
11752
7380
430
11298
8545
8553
16556
10986
6836
5246
5951
14620
5228
13098
9637
12803
14310
6780
15673
1544
16249
11297
836
15813
2925
16019
6566
7738
5280
16358
14168
13792
12580
8245
14885
13566
181
8246
2155
16715
7316
10214
15583
15033
6539
9835
7301
11229
15047
3472
14842
16932
11502
1891
3392
2625
9334
9104
9245
14888
15651
3489
12357
10892
9594
438
5711
14940
3722
16035
719
13187
2352
11599
16101
13360
1348
77
14129
14579
7809
12275
9297
11182
15942
518
10397
15989
15454
9599
10265
16486
13691
3010
1452
9215
6084
10254
16209
5566
1568
7789
13280
2610
7975
16775
10207
658
2292
12353
3105
2282
12935
11631
7546
986
14948
2536
8786
14422
15826
10118
2706
3031
3651
12306
507
8511
12287
10697
3422
3361
2578
922
15301
7750
6119
11830
11882
1827
5688
16245
8995
810
9793
2089
9505
12498
8204
13260
2166
2650
15091
15149
5721
15410
2056
16931
14183
1651
393
15907
1057
15875
11777
15683
12453
12633
11700
1203
12925
5426
16039
730
11085
2004
1869
2336
12507
11512
15675
11001
13177
11040
11739
14424
12934
11063
10535
7779
5921
8146
15411
15648
2742
11841
1551
13662
1213
7929
2909
9017
13541
2688
5274
9269
8137
9418
9328
15948
13499
432
13005
9191
14448
9955
6652
957
12779
5434
8324
10098
16175
15455
9200
8007
11130
16647
10676
9367
15281
11742
11519
1735
12283
505
6938
5412
1430
14864
8368
15287
8090
13201
2654
16284
13523
16020
12248
14673
10176
3558
13024
6090
5247
16354
3450
14931
7892
216
10172
15923
16314
9780
6729
2356
2138
3015
12880
142
1890
15722
2263
7938
11178
2114
15438
10590
678
16616
6696
5506
11330
7211
15686
536
2511
15649
16047
15466
15006
13043
2612
16685
16542
6036
2504
553
8092
312
14323
7247
2711
9473
1237
10410
16938
5763
7677
81
6579
642
9275
10538
1501
15901
14616
1584
1401
16559
6873
531
16578
16597
12286
10300
10636
13904
10685
8247
6191
9022
10152
7733
895
7991
5845
7142
9776
3216
14710
6317
12402
3694
3057
6757
9238
13878
928
1408
7904
13531
12659
16645
14671
10312
13289
12841
16540
742
8721
8187
15606
739
772
8350
630
12966
10957
12590
13586
7111
14543
15368
1095
15577
8268
14488
8102
816
15188
12527
1360
5674
2569
16583
15598
10357
274
10250
9386
16086
13508
830
9156
2757
14783
12629
7926
12233
15987
16520
15508
6167
8359
16309
16064
2026
6773
9434
13336
12289
8419
13033
10813
264
14944
11843
9062
2328
13335
2883
7236
16945
8949
11985
12301
10783
13370
7819
5012
5767
15519
6063
16133
16127
14430
14051
12206
14281
14729
11867
14909
3144
8801
9596
9184
9989
15049
11593
5117
14207
7522
15062
1031
15294
5748
14202
9205
2254
8928
9950
3471
8300
8626
14771
13841
10105
903
12903
9976
9100
16972
13681
1775
965
13735
8417
11711
2015
6153
16343
14410
2784
9600
6792
9506
8886
8216
5321
12742
15126
16978
9972
6847
5647
8919
6054
13346
8956
6095
12052
13921
614
12684
12175
6501
2464
2480
12487
2462
5710
10081
2055
7057
8521
4494
15095
10620
6261
16469
15986
13743
9819
14313
16539
10454
298
7834
5910
12074
11761
12116
5004
9913
14034
2090
14431
2817
9491
12514
7066
1954
7361
6593
13719
9176
13174
6945
6584
11756
15607
8015
8123
6717
14417
8081
8284
1463
12630
11683
8371
9221
12712
16620
2216
16698
3071
6973
11453
15152
9772
7241
1690
10284
9067
15408
12985
8491
15621
14961
3134
15160
14851
12529
6594
16033
9978
11484
5361
16997
15313
13153
7604
591
13029
462
1902
7270
2176
16753
6988
6800
5984
13072
7865
717
14758
2623
14429
16632
9727
11818
13337
16031
7794
16311
9565
16850
1373
13094
11615
11277
9669
8183
3393
7605
10609
2792
5618
10599
7852
14716
16830
14381
7356
5890
6377
6864
7891
11873
12834
7284
11645
1956
8944
2430
511
8362
5511
2749
9761
927
3241
12151
11954
16751
16709
12849
10053
454
8343
13471
10969
8668
11358
5911
11657
8584
10133
2496
2047
14283
6386
13021
16927
14911
2975
7027
16596
14810
13220
2656
6108
8990
74
12802
6707
14253
1125
14357
5322
13855
1270
6564
13364
16223
10791
8843
11427
13957
11724
7378
11082
6427
11024
3687
6105
9168
9256
15725
2267
14457
9870
1986
7352
7311
6668
10363
5888
1495
6868
9560
6305
11925
6644
15764
15030
6856
2268
99
12513
5378
16905
12084
16043
1025
3269
8797
2806
12328
2110
15946
6785
3255
6244
10218
1160
16044
120
15903
9601
10867
290
11912
5788
1960
5789
12264
6741
10400
16571
6332
12814
9161
195
12099
143
6369
3376
9993
16151
7330
11974
8576
954
13035
14939
12650
1132
3226
11226
13625
8870
15679
11626
16199
335
7178
16940
12063
12321
10840
6937
11139
97
3548
10810
8895
10083
9004
3634
321
5462
15161
7421
39
11741
7589
12704
7871
11359
15457
12050
9721
16040
3091
983
1581
6397
14837
12523
7793
6690
6179
6113
10793
10489
2914
618
5764
6304
8933
14462
6926
13408
12983
15970
5701
3342
13192
13667
7784
5600
3317
3066
14594
14927
13612
12384
12300
16100
2653
5615
9009
7177
11844
10918
743
16351
5539
7164
13232
5720
11851
297
2907
10946
2136
16983
16482
11350
10432
15079
9428
14151
16960
7936
13106
8251
14642
6516
16177
944
12363
15888
12217
11429
5969
11769
2838
2147
10166
2759
12963
9469
13144
14520
7102
3614
11065
9445
12662
11238
8340
13385
10670
9759
7452
8927
6390
3300
457
12661
13219
10406
2073
5495
1218
8910
14167
10036
12670
1742
2487
14257
15479
14938
10381
8402
8227
14565
6212
8617
9839
12667
383
350
6013
13787
13528
2458
11171
629
9287
13989
7996
5960
5656
11807
15985
3049
740
6771
11185
11409
2091
14378
12005
8020
7201
11253
10067
16661
1589
11443
16060
5066
14928
2106
6626
805
2116
6991
13494
16447
10572
13458
10299
10333
15749
10044
9814
11890
6006
5991
1738
14097
9954
2293
1694
14495
389
10529
117
13070
14358
14200
11217
165
9066
15500
15608
16947
8261
10485
14263
6480
13223
14575
8463
2482
11037
5679
8948
840
11906
16069
13865
898
16531
5501
9624
5403
12081
1310
11221
15926
12847
1347
7351
3026
12045
11230
15139
13714
8052
10051
10237
9338
7987
6402
15625
11347
16801
2575
10686
10635
339
10309
3104
191
1219
11682
12095
16588
6264
8966
11391
14879
4553
10682
7138
12172
11926
16391
11938
786
9443
6342
13332
12345
9169
6384
188
10078
1718
14442
7215
13041
7874
14858
12767
16474
2844
847
13003
1475
8862
16063
5773
13630
7302
11314
515
820
1370
12884
6795
10792
6378
15665
16594
16894
6788
1445
16920
5559
7922
9853
12685
9307
5266
5753
11147
10851
10399
9193
14556
12446
5593
5234
9526
571
5546
16222
5820
15691
55
13255
149
8994
6251
14353
8525
10495
2708
12021
16038
11850
8641
169
9709
13754
7751
13487
3524
14319
3006
15070
10384
10666
2683
16485
1564
2311
9962
170
2669
5547
12652
2624
12690
2272
9036
4057
7368
16353
7376
14668
10899
8724
6975
15253
2598
16302
12153
1744
11067
471
1440
6228
16865
12079
10864
16733
8373
16288
8037
13481
444
8968
14434
12495
7676
1623
2034
6456
1971
1034
12625
1078
13650
11049
240
13540
8824
9781
11785
10316
6044
7979
15136
10702
2483
405
2017
13608
14618
9805
9627
1354
2785
14592
5713
5724
3387
10110
1955
13028
2081
15835
15200
5808
1337
13739
14730
14004
6567
6786
6338
8134
849
13310
14499
14550
12784
12093
13511
14502
7623
7078
2196
14908
2970
14536
5722
14809
5567
2041
16855
5406
4783
10293
15568
7962
13007
16506
7552
3649
2301
13789
10546
10012
9210
12852
10347
8252
3473
3364
14977
3448
10673
15495
766
10021
12620
7674
935
10556
5459
15536
9359
8879
1980
6144
1266
3090
11486
14304
5307
5617
1754
732
1108
15322
13953
9779
11578
6124
5156
7269
6193
9649
15513
208
1977
11092
5904
15330
15988
1466
2394
12875
14999
8294
1847
12041
5606
13516
1251
12080
13794
13493
3444
9994
8273
13899
7540
1846
16488
5695
1256
13300
7774
2519
13843
7997
15107
7562
9909
14878
11490
943
8029
16886
11403
9202
13660
13496
14726
13684
13636
7122
5833
5304
11021
14531
16426
5285
6315
10975
16049
10806
10603
16457
9621
7549
16565
5702
13533
5424
10858
16906
13498
481
8017
9642
1790
12429
10629
8165
9390
10719
15848
10576
2380
13451
14172
12139
359
15512
1870
7656
6744
11278
16976
11203
15799
14967
3636
11953
8289
12337
5906
6443
9906
7974
1071
5045
3366
261
9593
9966
2426
14091
10644
449
12638
6591
1595
16143
239
3715
10711
3663
16918
14545
709
13881
16301
7235
10821
7810
14741
8481
1995
4735
695
1761
10588
10958
16458
11896
230
7262
13204
11307
16134
7414
14985
11636
12073
11816
633
11980
13320
14489
14267
87
1182
2776
1823
5909
11192
6693
2541
3507
10677
13564
9054
1878
6759
9342
9309
5640
5873
289
16119
8657
2305
1987
1620
12579
6207
8648
9796
9232
1585
15078
13372
3466
11727
13091
9413
9868
13537
13884
13264
15005
7727
6711
11418
1119
6010
13044
15610
9101
14798
5823
14881
11159
153
1677
16770
8580
6818
8562
283
1941
6356
8711
7827
13897
11227
15124
13478
5526
16781
15941
9312
12819
2351
5543
11146
8114
966
16779
16964
16155
5419
8889
8241
12594
10593
9942
50
197
9883
8662
8088
8027
8072
5650
10731
8860
14943
15335
10073
16066
9213
85
1012
14672
15731
8729
16911
9562
9453
6060
2808
12949
7144
9641
11413
10371
416
7905
7281
16262
13669
14093
5794
9019
11335
11567
10856
13381
6648
15057
12794
16248
9831
5258
6320
10868
8438
13357
5323
14246
11943
6263
8765
6072
735
11987
5929
14859
16828
12121
7290
6541
2414
16132
14003
15872
6734
13727
2442
10985
7747
6290
8480
5839
11693
2437
5409
12538
7308
5452
13411
8193
10023
15037
16006
1037
5334
9611
6215
11412
6951
8776
418
5408
14015
2217
2042
2347
332
11120
5737
9964
1362
11746
12864
5305
1865
11721
3704
11233
16251
13231
11070
13565
9794
7014
11704
5877
12046
9487
14686
1781
8735
6225
16470
10597
2582
9986
15321
7341
5585
14070
6472
14816
9591
5563
5476
7968
8445
11911
10800
16231
14613
13639
7618
15085
1165
349
859
16901
1453
7667
663
16255
14996
17012
14337
9311
1201
16563
8089
9270
14839
15486
1592
6781
2455
1636
15624
7420
16750
5429
1627
7065
2346
9740
256
3224
12083
16149
6555
10562
10255
11340
15623
874
7377
2148
3096
7442
10548
14822
5587
14923
990
13492
8677
7331
15791
5357
11448
13128
11002
3337
14755
355
13558
14500
6296
14598
2478
15283
7459
6955
9339
9437
6155
11266
6981
939
12927
11317
14772
2904
8455
12737
14665
9201
6638
1091
250
14447
14614
8129
11892
6583
1313
8096
11475
9415
2799
11134
1521
16505
11035
9707
175
7534
7465
16163
16502
694
10201
10447
8239
16090
14372
15232
213
12850
10618
11346
6996
1096
931
7162
9622
8332
199
1059
3573
6505
10197
15473
2567
13621
13463
144
2418
14953
15566
10747
10998
2242
10203
14048
1097
11801
934
5683
5933
3372
15612
14286
15544
16077
14498
2355
2527
11537
14136
7788
10204
1389
13960
16182
1387
11097
135
15226
10329
14890
14566
15755
12669
10871
7050
15163
6464
15307
9198
12347
4310
11958
780
3633
16465
7326
10600
16876
16107
2736
12188
9219
8334
11583
12391
11188
7753
2080
16589
1908
414
12042
15240
8487
10521
16050
13390
16746
9032
12503
2259
945
11831
221
6335
9392
13000
7916
14934
9990
12877
11322
8603
16072
8971
11168
5607
9376
12332
15892
2898
14423
2471
3685
11997
6256
5453
7259
15645
8087
685
2604
1087
12338
7800
666
10917
6739
8723
9901
11501
5603
2684
3500
6902
10041
12783
7159
11982
16078
9396
6242
10760
8322
12085
6066
10814
9845
10830
6590
9808
15110
12550
15969
9410
9253
15622
7333
16241
15900
9982
13006
1338
11055
16022
6575
8297
7935
5844
10905
8349
7509
10481
2993
8109
7263
16254
13253
589
8467
8524
15352
1879
13573
222
136
3184
9336
8851
16247
14232
366
7957
6678
1964
10585
14704
269
5863
6877
12583
13428
12232
7742
8172
12715
680
15584
15100
14370
6852
863
12705
12106
11580
5730
11651
410
699
14040
5477
15450
5750
89
15684
53
12173
12976
6109
433
1147
11344
1314
43
6917
4945
6375
1721
16326
3153
13088
12537
7154
4054
11828
2677
9414
7512
11883
15415
8805
11800
594
1006
801
12221
5564
15535
7266
6146
10941
7502
9661
15379
128
14459
687
9935
1649
13112
16681
5943
6083
2788
7366
2452
6076
1291
16504
8164
16385
1036
10767
10733
5765
8047
16950
12589
12377
9918
9493
5467
10947
5132
7384
7501
11424
14147
16264
14562
14272
10595
9660
16660
5889
9429
1001
7268
2316
8050
16325
5696
7256
8737
6293
7950
10155
12511
10963
2849
9126
2699
12087
11197
3644
15616
882
2421
1186
7112
1070
5761
10340
2655
10396
6548
1377
14850
834
2374
10346
14561
6508
6156
11648
15414
12786
16569
11569
10427
6520
7536
16098
7700
2976
13317
9590
15613
16941
11170
16484
8767
5896
12889
15080
10622
14666
12308
9838
9778
6070
15269
12115
11614
1513
8345
16336
14123
13270
14623
1905
2934
1042
5770
14991
5971
354
16858
14444
15710
6910
13108
5882
15045
2395
11023
12943
14900
16719
1061
16835
15549
1765
8864
6692
11641
16265
6719
484
8115
8048
15949
8068
7204
16510
13910
10988
12145
16999
7994
13412
12369
2887
14709
10827
8691
6640
16672
10799
1710
16590
6171
4088
15751
8978
5828
16593
12572
12334
10466
2168
12610
7086
9305
7100
15449
385
2698
12399
8330
11410
14790
9406
3664
5885
7668
14
7978
7286
8484
6629
14608
2532
697
6631
1815
7494
2128
8152
13130
7725
5112
9973
2820
2199
773
3055
1383
12000
1520
8814
10106
14880
12339
15425
1642
12069
13459
6641
16108
1734
1240
15685
1702
11033
12038
11552
3039
15497
411
549
2
7005
7945
8364
15874
9424
7094
5858
381
8244
1247
9866
14327
15122
13062
3033
15982
11555
12664
177
13570
5610
16794
62
2740
11931
490
10274
2546
14969
11568
376
10448
917
7081
15641
6493
14275
7642
12219
12867
15570
13769
16479
12482
6762
14830
13976
2324
14653
13452
11927
9613
14143
15677
3063
13908
1263
6495
521
10119
9946
16275
15726
16785
980
10229
3567
10935
1239
15661
1511
10472
9362
5293
5381
15701
8302
15344
13037
13668
14485
1255
9698
15370
1783
6922
10900
12680
6374
5751
12144
3592
5684
7835
5824
12125
1130
14197
9671
9507
1608
12398
5998
12854
7813
15181
6424
13949
5608
13100
11732
16376
5457
7964
15012
12258
8955
13689
9733
11173
10566
5963
5137
6699
3491
16611
5919
11935
9523
6563
7675
1923
15593
6870
660
5377
2366
14494
2101
1085
3004
12154
2607
11743
1874
16441
13263
16936
6653
16842
8211
15510
2386
13815
7192
16735
9965
12001
11717
6074
1614
7713
7658
3395
15518
13102
12130
9189
637
9541
7603
868
12679
1706
14882
7383
5262
14115
10181
13738
701
15671
13600
9049
5642
7188
9329
13171
7090
7732
16730
2345
5127
6552
6861
14744
870
1257
15964
3025
16708
2861
12673
3409
6100
10034
15838
12636
1593
11252
13987
11597
8803
16895
10108
15469
15647
12225
67
5961
6609
14483
15696
2714
12980
2417
1077
7092
1910
1901
1344
15574
1382
13730
1841
10276
16963
7152
13835
8757
6241
10123
10611
9055
14233
6559
8190
15906
5983
2223
15092
6260
6302
14600
13638
11993
15798
11618
8460
1069
15292
16944
7277
1000
5046
9027
1817
7339
7578
14793
16803
13631
12426
12967
7167
9346
1141
3284
11640
15998
12528
6016
6454
16257
6097
11419
11674
5964
16099
12104
12169
6245
5415
7940
12653
6767
10449
9530
7037
6482
13723
2544
14198
16272
2290
15905
1135
13455
11726
3251
5871
1903
10285
2379
10280
69
8399
11058
7472
12558
16492
13548
260
10143
11957
1053
6890
15738
11621
16736
10474
11897
11439
14175
738
7906
11184
7949
11847
10723
12480
5884
12360
16440
10931
3585
12014
2818
7012
13998
12565
7836
7015
16772
252
11441
2586
13139
10258
14382
11508
15914
770
13749
1780
12279
7693
15823
2132
8308
15532
148
10881
2387
15943
6708
10188
15939
3211
10086
2508
2962
14930
6298
9817
10631
6118
604
708
3720
12381
5917
16737
6152
1379
8388
1194
6576
1345
10140
4649
5802
3213
14781
16091
16758
13569
12158
12592
1021
759
15238
6473
10640
8517
17005
11458
9927
16993
13775
11862
16655
10282
5657
9096
16813
6077
14315
8328
8552
9997
14634
15951
361
15558
12756
3005
7469
9180
13423
6444
15913
16689
11282
2845
13680
13943
2441
7524
14585
9807
11488
5841
2350
7461
2718
6966
8684
10598
10557
3346
6357
12354
2869
9132
3474
10477
2112
12209
845
14815
11539
14670
7958
16481
13190
5661
6040
9250
3445
14976
2245
15423
6824
15178
12939
7121
16130
552
15388
11782
11595
10200
16729
13388
8366
6321
10308
10465
10210
1473
2317
3617
14192
2770
5881
2540
190
6359
1295
12415
206
16218
11100
10162
7248
13966
6133
9136
2294
14884
14305
13925
14335
14178
11936
16656
1535
16836
9197
3308
9812
1450
16668
14997
10442
22
9582
10602
10335
16327
9366
841
13433
14416
12532
14868
11163
15654
6003
11730
8885
16250
13713
8136
6285
6562
16227
13395
6033
9813
15618
7849
10823
7019
14886
5879
5355
2529
2250
14769
9098
2786
3172
13981
6115
14721
10570
10361
9612
316
9650
12687
13936
12416
568
6568
11948
9855
15022
2903
3194
10080
15730
7498
8377
9691
7770
12282
9742
8078
14647
13937
5447
5968
5931
12442
12602
365
14449
7764
262
2428
5613
13249
10885
14525
12370
11562
11538
16977
10904
559
6123
6447
75
7720
7193
12506
621
6026
8939
3207
8416
358
14849
303
9696
16557
15511
4350
13611
14209
2872
16734
17002
11303
6682
10068
9496
1426
15711
9550
1992
15553
14114
13291
9325
15786
14109
16449
14427
0
11687
502
5215
9371
5382
13301
10829
10779
3115
12796
12039
11695
9354
2123
11428
7187
16225
14515
3615
6535
12352
9248
407
2229
6197
3436
15545
3599
14384
6825
10395
13781
8890
13135
7174
8326
5257
2012
8597
3490
16189
5591
7923
15972
11594
12894
10786
10539
3191
54
9520
5286
207
15860
11689
1278
112
12071
1407
16898
14626
3135
7773
5733
9686
9251
15373
78
7558
1785
1228
8057
15890
15399
12727
14440
9743
14538
14078
632
13973
667
6885
3198
11356
6
8158
6965
13200
15778
3717
14221
15004
14802
10239
11964
13076
1633
2319
9116
993
6206
7812
1755
5338
16023
11495
12754
11181
5366
13915
2193
10225
15627
14685
9963
12699
1429
8470
14217
13069
5950
11617
11136
7816
2877
9313
2557
12904
7477
9640
6844
2658
10849
10007
611
7688
13104
925
12612
15261
5745
436
12411
6092
9936
5536
2920
10071
706
6526
16111
12215
7332
2329
9695
8613
8997
6249
672
8899
13266
14317
9809
12234
2404
1444
12533
6790
15490
13737
12628
10475
11315
15481
1443
807
10970
14326
495
779
12462
8853
6664
879
15168
9255
16446
7379
14588
7446
6075
7977
5009
5210
6120
10431
13591
14631
13882
3405
13445
9889
16324
15127
16382
5791
7221
1861
2215
15703
7127
13222
13677
16373
14720
3734
3314
16058
5428
1261
512
1072
7570
2836
14140
7709
11364
14295
7240
8315
1176
11951
7918
8236
13926
1772
5430
9529
9528
11434
10870
8924
2145
13543
15216
696
15431
15560
15924
2209
2439
2432
2893
10502
16048
1073
13539
15405
10919
14294
900
6415
10304
14491
6727
8839
7079
8969
6221
14199
11907
15364
1334
8406
13443
9290
15589
3403
908
10440
16971
6623
11360
950
14894
5272
9490
2006
10706
15803
6784
15493
4983
9715
11549
875
11088
11629
7741
6194
8305
1696
1789
10545
1089
7039
7323
10336
15458
13947
14104
15478
15367
107
15958
1285
16802
6972
7500
15147
15784
7374
13653
2362
9786
8906
9370
8869
11476
16516
293
16388
5597
460
1005
880
2672
9378
15377
6488
10954
8790
16869
15475
7365
1504
11688
10415
282
9632
16646
2024
15467
13371
10469
14230
3375
15097
16025
15104
16949
5253
7990
11308
16352
2722
14924
13350
14610
3151
10730
13761
8568
9449
16741
1043
11546
8503
6994
8593
1404
8264
2600
6361
3086
7205
15557
6053
3580
14524
2298
1258
1332
3193
9382
8169
13505
2831
5531
7067
9461
15433
15762
7861
9651
889
9013
9773
5626
483
1605
9061
7080
7473
600
13203
9924
1467
6047
6313
16102
9257
8645
15643
16725
12466
3014
683
14190
5714
11468
6613
5055
14205
2247
9300
7590
16534
8590
13366
10616
14120
6471
1579
11624
16717
1009
12278
12845
644
7040
1692
1406
14325
5034
7644
11535
1689
1396
16961
7032
856
5349
14624
11324
3202
8821
8452
7200
1667
421
10243
668
5857
7853
16128
16416
4882
16968
3465
7115
2727
13804
7986
2373
798
9656
18
16679
14995
7960
9088
14465
16882
13015
13802
12978
15441
1191
8812
13272
16051
15864
10054
12255
13524
6143
2958
3426
5363
10953
2060
2524
2826
2094
13950
16361
12244
1093
1080
13188
5329
6869
11821
13674
6094
9764
5344
11870
2194
11447
10009
12102
7569
8513
491
13313
1081
14342
6962
6558
12743
13319
8318
14287
455
2314
394
6660
1963
14059
14273
12656
15477
12088
1489
15185
2140
2935
2661
6437
10652
1648
6381
5022
2756
11998
2416
3223
7426
12694
8061
11865
13269
9432
11988
14332
15125
13306
2972
7408
6549
8195
10512
15384
15546
14379
13542
16454
9082
8458
9745
3447
9578
14714
15664
6486
6175
11635
1169
2332
12817
5291
6448
14552
1317
5509
14390
9260
5281
6507
885
15976
16266
9433
7801
14469
12431
12968
501
2937
16228
12497
12444
10784
2499
15259
8650
5572
9765
10439
9114
13983
8953
6329
13147
7417
11357
6851
15345
15492
10096
11547
7042
1959
12683
8996
8086
10099
9602
8346
13866
11581
2626
16707
12778
13695
8482
3305
16093
9848
3292
597
1478
2088
6289
13527
8624
13473
9633
10084
16982
3306
5817
9692
12152
8414
16825
16925
6697
11557
16817
16172
13758
11048
14086
10015
109
11745
8053
10128
14046
2255
8627
1767
8699
7020
16535
14127
5110
533
14558
6756
1760
7222
13851
11327
9564
12762
8292
12433
9465
12560
14993
10978
11856
16434
9885
5354
10780
16206
2261
7400
7797
15137
12639
14166
8380
10500
16808
16164
5490
8076
6737
6246
16004
10921
14159
13093
7271
13079
15934
6068
8984
12414
9090
2539
6912
1342
2942
3122
2685
102
9583
1483
804
11630
1457
10349
16566
1876
7998
9857
13349
11378
9427
1235
6832
792
13362
2023
7870
7076
15088
15372
14218
6398
9149
3041
7966
7530
10561
8725
16651
11450
15638
17007
11859
13421
16017
8704
13922
6137
13945
7260
15020
10725
10522
5583
11498
14011
9739
7255
6835
2746
9379
16921
91
3388
2200
7223
6804
8807
7429
16304
13800
16843
6371
2888
8599
13165
3434
7267
2955
8952
12100
10049
516
1027
8389
3706
15846
7999
15706
5512
1657
14577
13326
3073
6203
9078
1349
8726
13373
8734
15427
3657
7560
5740
14490
15170
5397
14644
2205
10672
16670
14112
7553
7169
10811
15051
6235
8448
15605
5339
16627
1745
13971
138
14284
14762
2238
6502
1795
6017
5483
10761
7554
3239
13609
13560
3743
9137
12936
12548
1004
15339
15966
1206
6532
327
9890
13134
14405
5666
6491
2390
13279
5139
16937
4997
163
1529
8263
11304
6323
12677
9992
2473
12559
6288
2652
13755
9939
2523
13832
8669
11945
16375
14824
235
5337
8598
291
12027
9470
1432
8257
10839
1468
5962
15945
5641
8918
16359
15402
3253
485
5954
12825
16953
59
13305
7868
8098
16782
446
14247
6354
116
98
15222
503
14903
11565
13303
13534
11899
16553
6158
10116
9435
8490
12054
9063
1791
2481
9459
10114
2163
8412
11305
16745
14053
15297
13227
13239
7479
5313
13341
6494
12111
13054
6793
6580
6823
14617
1060
3195
5277
2848
3225
14394
662
14421
13577
11962
2111
2002
13344
9610
13705
8184
13382
8681
11415
15114
15187
10409
12193
11478
3549
6783
10373
11914
9163
11093
15663
14596
2512
5416
10037
7616
1857
6903
12561
11678
10768
15381
15729
1932
9083
2188
15984
12155
3204
7647
11007
201
8782
15559
13745
14334
12892
6642
16395
1747
749
480
2732
1736
14216
1216
6849
728
16116
688
15571
8589
814
8125
254
8409
1393
9821
15284
1784
13646
9284
8614
11659
13309
8011
9188
461
3231
11561
180
5388
12123
7098
7
9264
13351
10669
14027
14117
14173
16881
1577
8957
12997
13172
13061
11747
10294
11960
14833
6527
9072
10722
2175
9377
14663
14137
6189
16088
12072
8878
13720
44
3739
1663
2772
11684
15395
595
14292
7114
692
10014
14155
1681
6789
14748
14249
11989
9626
2733
1604
10901
14474
7719
8473
9150
12914
8718
10244
8852
3099
15554
14952
16501
7212
1491
5528
2710
10740
7385
15333
16625
2494
1801
671
15166
909
10321
2666
13902
12348
2897
1413
634
9563
9645
16428
8265
11251
8621
6570
2550
15282
578
7691
7941
13065
2670
3635
15067
1600
12563
2599
13616
1015
11712
1055
166
12746
2449
2278
6916
15750
13642
13120
16609
9174
8495
1999
16139
14917
5259
7108
6676
440
8124
1678
12720
5590
1220
9498
11942
12316
7856
6417
12567
2285
5401
14705
8214
15956
14113
14432
16591
12304
14365
8351
1083
13697
2399
8314
1368
14487
5356
11975
1863
2802
12420
6204
9341
16183
11939
2262
363
5576
6366
11156
10202
961
11363
16437
12521
12593
11770
7089
2618
10842
10029
7453
13027
865
1930
9385
10925
11933
14959
3112
9050
3106
514
14639
13679
14100
16740
7818
5529
8335
13047
12952
10380
7053
1756
16521
8407
15389
12179
5389
5342
14087
12371
463
9704
15041
14889
1914
15712
16561
13307
11262
7464
11213
9281
15721
12929
9697
13063
7513
887
1307
8348
16338
11306
2424
15470
15308
10927
15459
9798
11258
8842
3011
16574
1065
14418
14846
12615
16148
5331
8338
12608
7428
6461
2554
561
10303
1727
16693
4950
16695
9357
1102
1434
7406
8287
9606
11157
16550
14955
7409
5465
1177
8651
2574
16089
2170
14978
14456
8486
9708
14237
2322
13756
6787
3287
15919
8393
16339
16490
15590
14032
1319
5785
9820
8426
10627
11059
6331
1298
6370
5109
14697
5676
818
14796
13807
6477
8682
7716
217
1118
8622
8295
15850
823
2953
9923
13583
15227
13392
8182
15093
10732
14615
12753
2059
7413
10235
10001
10742
3001
6284
6240
7433
6042
5939
5396
626
14657
11191
7859
15752
7300
14204
2083
14316
10964
14234
299
450
1227
16706
7535
16721
7258
10854
7046
5255
11967
16270
5269
13226
14450
6380
15602
6104
10233
1230
8242
12920
16174
12239
9302
14530
15899
13095
12869
1616
13244
15129
5574
9810
5918
15504
14782
7594
2191
1041
11046
11333
7724
5870
7093
13840
6196
15138
12407
528
16774
12804
8756
682
1530
9333
8974
13877
13770
8556
15567
9863
7297
9961
13701
9394
16797
8170
14708
11129
15230
13967
14518
11649
5622
2447
1994
8783
16246
12210
14468
1872
14813
10897
8166
6012
12502
5362
4823
13185
13559
3602
9925
1112
13363
12389
15193
13179
14843
7609
7917
5908
7768
14780
13438
9683
11195
10608
12672
12902
7567
1803
10090
8758
6931
15776
16034
16832
6986
1326
7930
641
2283
12539
10359
7846
14717
11222
12979
6573
16074
9921
12975
10506
3227
8815
8687
6041
2640
1409
625
1947
14503
10866
2371
14756
11232
6819
10818
11940
2398
14389
10639
5893
6610
1131
16641
9547
6330
25
6130
5475
14163
9688
16870
13186
921
12163
548
16687
12959
1148
10544
6588
14750
9206
1244
8798
2556
1653
487
16509
6806
2492
15409
6318
10972
11966
16666
14288
11937
16885
15866
588
7033
11934
7880
11639
14391
5374
14186
15873
7684
13384
16852
15103
10247
1853
9421
1242
16476
9446
7645
15007
2203
3127
12599
7772
8686
5287
15746
1397
13693
11398
5435
14760
8777
5920
3713
15774
10526
2070
3178
11531
9732
1185
16765
12575
14821
10111
14877
5514
7043
15208
2236
14921
2611
2967
2438
10531
8746
3322
6820
15898
5605
1985
6578
1856
5814
6860
2018
7633
1300
2628
9657
10788
11133
9760
10135
259
13854
5524
15766
6565
15904
11572
6406
5852
6537
12886
6129
351
11482
15771
6231
1759
11494
16613
15385
13427
11012
10649
3159
14563
15688
13436
16846
1915
13437
2886
10018
9652
329
13457
11848
7489
9540
8950
16699
12773
11590
3711
2999
9120
16595
14506
15929
14645
12744
12263
2258
9011
12167
8224
9158
9930
1726
14296
15220
3604
1482
5548
15476
10587
305
7561
690
11286
11384
14132
873
8629
5289
11891
5849
8323
7404
1645
7006
10269
1111
13811
10610
11492
15141
2086
6542
9748
14018
10264
590
16703
1063
13522
16503
12808
12637
576
11606
2239
540
11791
9811
15151
273
9144
12800
5538
1762
16893
162
1460
9917
8410
2775
828
6222
13699
15328
3345
16635
1385
2099
13397
981
504
14901
1824
8874
13454
2780
2739
15461
1114
10705
46
13148
11128
7253
14386
10087
3094
2549
10484
16494
2639
16522
15502
285
11767
10658
3110
8916
1497
15068
7903
513
11701
6102
762
9085
13447
10625
7511
7411
11293
3087
11090
11871
3727
14480
8854
6099
15392
15709
12257
10236
1419
9345
2516
2361
9026
5673
9408
12412
1305
15213
6169
2594
14860
1909
15885
12056
7680
3673
3328
13549
9165
9929
11804
28
11582
2696
2053
2309
2513
16357
6618
11240
17004
16657
7137
14251
15072
10307
16001
12055
6355
15845
16749
11056
13567
2389
1984
6658
14446
5569
10473
13635
506
11388
2460
5088
5822
2606
14861
16727
7756
3496
1842
14110
140
6376
8148
15830
9895
12266
9898
6791
7392
14982
10836
5358
2085
1146
14056
8432
3189
15254
13191
10057
1771
4379
7787
9477
12202
10623
11610
3088
1804
11650
1843
16839
563
7289
6826
13053
11406
1092
15361
1380
10549
7648
8656
8151
7471
5965
10743
6997
11247
15805
15961
15646
593
15286
7699
8354
11154
8143
12937
5427
7791
11826
11773
1516
15089
13779
9867
10446
16913
16159
12223
5784
141
3120
15013
13375
13212
14396
12932
6838
15209
12204
1950
13399
1526
12691
13568
13988
6625
13124
7206
2382
11218
14224
15202
4089
12417
13584
7369
14062
1540
12759
7367
12692
13892
14872
9162
11768
14007
9746
11310
14010
14099
41
6299
7325
7163
10961
11487
15350
12109
5830
15732
9829
1252
5686
14863
15896
9360
11575
15521
12706
14776
16096
1848
11062
4526
5261
10543
649
8647
16114
6999
13715
8105
11206
2280
12750
6695
13393
5417
12307
3390
9677
8390
605
1232
9951
6766
14593
11809
7901
9623
16512
15211
3233
5500
8838
10026
5846
11349
1637
10554
8508
12829
11529
10027
14366
10765
9648
9846
1952
11096
4755
9638
11489
9690
2445
13747
8051
860
8636
13514
12547
14290
6280
13233
10168
15811
11515
1
13466
3563
3219
14276
16752
5039
15920
2969
2593
10145
464
8992
8255
12839
8175
16674
15105
15371
12666
10559
10242
15869
2814
5628
10234
15580
7643
12848
5333
3142
10558
13762
16773
1576
5952
2020
2204
11312
13896
16664
10281
5899
6879
10775
15052
11382
9349
16714
10716
6839
8772
6514
13888
8813
145
11299
6893
14075
6718
13138
16340
11527
12022
16240
6462
15145
7318
16600
10749
9771
10982
10398
6528
1505
775
15426
6093
14680
5742
2079
5956
7771
12118
10458
3641
8320
9139
7593
13431
6210
7257
7752
15444
10720
13517
16459
2270
14660
2571
10132
10215
1098
1662
30
9243
16642
8451
6687
2208
8058
6656
12942
11685
6258
11619
14467
11402
11644
15812
7220
12871
14096
888
5986
1933
7245
11858
6351
12379
8859
11479
1935
5646
15839
9373
16579
17006
6776
10909
16575
2731
9694
11457
7598
3732
5468
3411
11169
1124
1366
1682
5835
16568
15280
8429
2022
5609
15975
7175
5864
8035
7084
2436
10924
12582
10530
6949
10437
13605
14374
10492
6089
3083
14464
1361
5898
2244
7692
1748
12392
5320
1168
705
2791
9729
929
13386
11564
244
16798
13365
5193
6646
4644
14461
16187
608
15302
8198
5949
15999
16214
8792
10092
707
10922
795
3154
15617
16680
5752
15822
391
14662
7796
6110
9711
10646
2879
12385
11467
7448
7757
6842
13116
9192
8663
12617
11977
7883
5533
12280
10164
7233
10944
16005
3458
11151
8608
15077
9005
16601
13486
7749
988
1359
7543
15326
6751
15480
6034
7889
10422
2107
6569
14077
14701
10519
14728
15241
7466
9767
8542
5350
14119
10708
11228
6453
7574
6770
92
2104
7107
10052
8941
14043
8925
11587
396
5744
8836
16847
10853
8583
16095
6392
1704
11404
16297
1003
4593
3344
7238
510
8911
9194
14402
6964
12651
7381
9897
17019
9607
13830
10945
7640
6728
16546
15325
277
13991
12413
10246
1175
4705
16810
9239
1925
5762
1187
15044
8309
10844
6755
9589
11113
13302
13818
8005
1720
10142
10516
13403
8127
12218
16787
8400
883
3103
313
2325
6364
2097
15150
12988
8796
7129
601
2220
1993
11781
6592
764
9383
13911
15862
6857
11054
14732
15714
6272
13077
16517
5299
9106
1241
6992
11729
7280
8768
13550
628
16859
12048
8153
451
16822
2561
15401
2235
948
9195
14331
8703
10989
16529
10066
14537
12898
8085
8571
10632
10937
16216
932
6247
5855
12129
10606
16445
11725
12557
14779
10824
12185
16317
8698
11367
13009
6977
3221
5805
3311
13237
2410
10876
15781
1090
15488
1812
14153
15930
5186
16602
15119
15540
15060
5992
723
6891
6519
1422
11754
9053
2777
14745
8012
6177
14407
10134
83
15320
5445
9462
9722
1207
10387
15614
6001
16580
7307
8745
2310
2284
9110
11208
2662
13448
9726
1418
5704
10861
7373
7106
13290
2603
12441
12330
7678
11469
16956
9806
12912
1563
2830
13844
8591
13228
13424
1067
8857
1386
11000
14700
13251
2323
7981
2819
9012
8285
987
8541
13246
3139
10770
6721
15464
10898
16994
2949
14138
2884
6691
9391
9045
16117
8586
16475
5345
13378
2381
11022
9903
5575
8375
14223
12758
5756
3109
10313
1821
15962
52
14870
714
6659
10769
9159
13624
1395
13285
8278
8946
3019
8560
9580
10736
8069
10077
1523
11681
5348
5832
2007
9554
2457
15699
14786
6799
2701
11656
12675
15273
307
14341
7069
5669
11860
3484
1364
1640
10401
967
8926
11924
2577
3708
9303
11783
6993
10926
1487
11728
11064
14268
5494
12657
12213
16208
15971
11455
1174
10674
6624
15883
5685
9226
10461
15184
15528
12757
8646
16120
57
16016
6612
3203
13415
1634
10938
13934
5470
7450
12075
13084
16705
2572
7690
12190
5664
866
8141
6778
7902
1104
13257
11481
7062
15938
13256
12355
6560
16230
13426
8692
401
16202
16398
6316
933
12995
7587
10684
13824
15011
4061
11094
8226
969
1159
15526
1707
8642
6445
13034
9861
9815
6846
13777
16045
3646
9979
9828
9503
16560
10936
12866
14400
6871
12019
3220
15551
10654
14103
7563
9609
8972
6968
7597
328
241
6476
11514
7600
6433
12708
545
11392
15164
3229
11699
9672
10750
13736
13258
5471
5116
384
3461
5318
11612
3079
11793
3378
11225
13012
10262
15387
674
15143
8074
8564
6497
12171
7265
15656
10645
7520
2943
8083
14095
11426
9182
3097
12813
8180
2748
9183
8107
11877
6055
1674
6237
6963
2228
11377
404
12270
8573
330
11881
14681
6160
58
10798
14956
16763
16541
11505
6765
13729
11503
10773
703
12745
337
3648
12827
9682
10392
6419
5948
8112
6340
2063
12090
2991
11104
14933
8762
6714
11603
16321
6031
2867
6182
13208
679
15807
1942
756
556
14472
5874
15451
2005
8660
10375
15174
8262
10271
1629
1557
12435
8722
3462
13276
1709
4959
12764
10006
15471
11437
1672
9533
6758
7072
9348
11837
12631
8785
1777
9836
7134
65
7557
71
9271
9851
3264
11806
13576
16180
6905
2021
8673
4843
13241
15394
1816
1115
15761
15483
5697
3076
1832
9204
1904
1774
10787
7969
14453
1126
7226
14688
12881
13101
10160
16545
6769
10240
11679
2530
14749
1229
16186
7476
11086
15555
7782
8
8450
9631
2377
7728
15375
1008
991
9081
15262
5977
16084
6474
402
15757
6828
10634
16161
8680
2584
3092
10582
2277
10591
10348
2486
10647
16342
15785
16515
8131
2533
12372
5347
12269
9934
16145
12763
7878
2659
6932
6267
13163
12428
9147
2755
13092
5747
49
11833
11320
8604
12736
9252
12030
8700
9524
12598
5944
13656
771
10223
9497
16012
10517
11735
16307
2348
10048
15491
16425
16962
6029
7395
15194
2412
14534
6928
14637
13136
6953
806
8587
13977
12790
9347
8588
2201
11050
16908
10959
8299
7063
12010
8063
13585
16377
14936
6409
5955
6436
1590
12655
14583
9317
5300
2874
7896
9595
15843
6702
2773
12133
13067
11473
12366
8492
2009
8267
7055
6645
12504
14557
15318
15940
14314
10125
733
10896
2474
14925
2735
16413
482
3107
1355
14632
10638
4159
14504
13772
5798
812
8424
9351
203
14285
10328
6230
12795
11990
15363
3555
13782
6150
13928
6694
13823
8609
12647
8454
585
16873
6463
8038
8551
8611
12776
7003
10916
9097
4979
8243
10679
11654
11872
13799
13912
16360
12807
15400
16489
3118
15556
13419
1845
3404
11888
1864
147
7689
10664
5032
12956
10650
8418
968
7242
2528
1276
7135
14654
14941
7305
6441
12327
9316
11432
17016
5652
14050
14126
11288
9123
2570
12917
5164
11153
16530
6275
10460
9448
16252
5749
16955
16966
8327
8433
1547
7620
14811
12007
12828
6863
14789
10534
5872
14260
1635
15753
346
13590
10209
14356
700
13712
958
9060
12918
15215
9825
6603
10079
14867
10607
3353
14753
1129
1805
16743
11798
5364
12478
11372
652
11379
11969
12051
11510
11071
5831
14425
8476
6498
10850
13760
15841
3320
11162
6116
12862
5518
9719
8045
8275
9517
15021
4049
194
11375
5479
12463
2694
4055
11047
10011
6192
1703
11326
2164
6135
16238
13121
6161
8392
12265
13316
12905
9847
15429
5853
899
2370
1339
3173
11647
4994
7275
12552
7729
8174
13682
14006
1855
8483
9662
14036
10984
8108
16467
11328
2171
7485
13788
1671
9105
16555
5913
8667
16761
7970
8770
6686
9685
8888
2726
15357
6020
2190
13058
10072
13795
15380
13893
9407
10251
294
15224
12024
6843
7075
5577
5386
2405
534
14371
12192
11101
12062
11034
963
3048
14527
14848
3671
5716
5717
7490
8934
5053
14887
7955
16892
7048
15523
11874
8563
9546
12703
13016
11762
14158
1975
7985
10717
6147
16190
6551
12555
14406
5327
10604
6534
1011
911
3123
15859
13607
7097
9365
1308
15744
11041
7363
10888
7125
7181
10433
16280
16419
15790
1193
6271
2461
11477
15014
15718
7186
10323
13488
13066
12340
9111
1838
6952
5980
14102
14759
11376
4069
11620
9417
10043
7894
13849
1231
7184
12500
12335
1035
16271
1979
16105
11042
15010
15210
11544
7422
6774
6475
4355
16224
9684
5665
8623
14664
1435
6919
15130
249
11026
3263
12554
9361
10372
1402
16422
11119
15048
13620
13440
12438
12930
9372
10391
2515
8883
11970
10949
104
16417
2614
11373
9375
7704
5677
2281
3594
7031
8449
445
11289
7758
8754
13133
16868
8828
2431
1225
12619
13721
13151
2409
320
11255
9706
5352
14651
13182
186
1134
16805
16800
11686
1209
7821
5007
11038
7213
8830
6278
16198
5866
13780
26
698
5966
8394
12863
131
11414
11313
10171
11835
11738
6726
2647
16612
5035
15317
673
9153
7839
1615
7619
10208
5612
14376
9181
14201
3480
5741
11216
12785
15121
2069
7171
9102
12748
11592
9912
9710
5523
4806
8887
223
11234
2864
2340
1238
5535
7544
6553
7954
6547
42
6976
11667
9330
2358
13582
11422
14068
14743
8031
10326
6876
12012
16
14767
3627
9475
8690
11608
9095
10948
8708
14072
14497
9457
14460
9077
16260
9667
2642
9430
7982
10013
16990
10032
6681
5769
16812
10425
8319
1522
10552
11706
1371
2349
7740
985
6704
14773
272
10751
7008
15056
10577
15306
14280
10509
5631
11201
10718
15548
1833
7454
3647
947
1800
10763
1290
2908
5340
13613
4984
13282
5637
2719
7939
13643
8422
7401
14030
425
6895
7140
9501
2195
13716
14256
5660
15229
5469
2636
13480
11750
7398
16903
16344
5672
12034
9439
390
7444
6032
14411
5532
2077
1811
1897
9551
6628
11245
2157
14021
3208
12649
10279
10630
11499
12410
8331
12008
11861
7696
5460
13416
10005
3707
11053
16285
7615
16136
7203
869
14523
1652
15061
8421
6232
5005
8054
6111
5766
13195
10315
9052
4081
997
9301
6450
11323
14364
488
10580
924
11224
5310
15758
7195
2427
3669
8728
4223
14937
3072
6269
2149
5550
178
13927
7802
11220
12517
8605
8832
47
15055
11866
15019
16673
6672
14957
15728
16013
893
3659
10532
827
6008
10283
16483
10845
2320
2695
11692
793
551
12916
15217
5639
2186
8279
16404
10929
1646
11517
434
7334
5709
6358
1737
2406
11947
15025
2269
8025
16384
14229
9687
1603
10352
9402
11504
10932
12972
6521
7208
4322
891
1676
12791
13871
1883
7867
14707
7829
13535
15884
7717
16562
14656
6440
6772
1076
16880
16015
4318
3384
12566
16720
10797
6022
7602
8207
2465
9358
10198
3723
6128
7156
12545
5433
12226
5886
5619
10527
8675
1647
7018
15596
88
5448
6546
36
14551
6281
13109
12823
1249
6523
12960
9043
8653
7516
6276
8367
1981
5837
8849
4085
1427
12996
17010
9535
16768
6998
228
9242
16974
14521
7182
14245
8298
14438
8382
3228
10256
5815
10996
547
7347
10249
15299
9987
388
15237
1017
6896
8550
5894
2402
15157
15353
13962
176
7842
2003
2182
7460
16816
15657
1888
10046
10777
2564
9234
1486
15075
5848
1922
12897
12422
9419
8519
13183
1272
10875
1181
6918
7847
3554
14318
11202
13980
5060
1399
2707
10496
8213
10869
16652
8056
9224
13793
8866
11518
9450
14912
9561
6322
8472
16154
7298
14340
10065
9947
3210
16256
7252
11269
16303
537
5624
10020
12553
5743
496
6127
12526
7695
7655
13259
13197
6705
8532
6943
7748
10334
12227
11256
472
6666
13161
4995
10501
1038
6125
14412
16286
13042
13826
6561
9573
2045
2896
12437
14128
5854
9577
8694
15770
10322
915
10693
1054
16397
2169
3417
435
7150
9700
15499
1927
6894
6607
5497
12149
16915
6257
15586
14052
10942
619
15026
6078
415
6586
1851
13553
1506
11496
11466
2143
1715
15263
11898
2033
14785
8850
2590
344
16929
11763
7309
9
2495
8396
7009
7995
2126
11380
613
10633
9983
6812
6021
10890
7786
12665
3052
6485
11291
6324
13078
8973
13690
16229
2218
12107
6163
2130
2260
7124
12865
8730
12112
9381
15040
12251
9254
8702
6483
15094
13672
1611
14408
16818
11179
8908
15895
14028
1335
2629
7149
11533
6985
15430
8840
13574
1854
10272
15165
9483
8479
11922
6173
6888
11749
6768
15189
7909
12752
2507
6176
14415
14194
10659
392
8398
1274
4841
5485
14676
1336
2151
386
5043
12140
2330
15204
497
13224
1433
9289
1284
2313
10764
2675
13377
10525
10663
8277
2376
5801
15658
12296
8901
12408
2641
9175
14722
10499
14723
11114
12733
7486
5438
8240
9489
9569
12541
8221
2522
14573
11425
12971
9592
6307
1831
11623
12325
14835
5914
3138
2580
3724
13678
15669
9730
9230
15708
9792
12009
1945
11556
15255
6211
14089
5727
14841
14047
13449
8082
8347
5940
13965
8159
1730
2704
498
11573
9991
9471
16558
10192
2444
1211
12713
12260
9426
10420
16427
691
7712
14734
2071
7639
10377
108
13985
12726
5638
14535
6518
3152
13563
8269
7943
11663
12805
15434
9559
5979
7216
15445
15214
8206
8385
11078
1294
6840
15670
9525
5303
6813
1578
741
959
572
1084
10421
15587
6399
14693
10169
8002
12832
10205
3319
12734
11281
1233
7478
1531
13905
12436
34
2613
9438
10619
16890
8336
12955
9766
9933
15756
9907
10754
10464
13405
2552
9576
16581
7722
14184
15957
8003
12707
953
9884
15303
9086
16624
15120
10857
1391
9355
15707
8196
1462
7441
16402
2165
5645
14395
152
8791
16057
13933
13243
14820
2521
7730
13441
7148
6581
9795
1957
13874
5707
2645
5809
7862
10104
494
702
16193
8999
10295
3141
3519
2568
14177
6431
15098
686
13547
1293
12818
5777
5119
15690
782
1695
2906
7665
16308
1236
10973
3696
926
1892
10903
5671
5336
14960
5819
17020
1899
12888
14574
949
9718
10047
9597
7073
7095
15871
10478
16610
9374
3215
10457
16170
13461
13710
16909
3081
1262
12860
12383
8122
4083
14484
2789
14806
6545
7630
3544
13086
9854
14800
15235
7143
300
11586
9423
9920
13073
10241
3161
14766
15175
13913
13329
2778
6438
15206
14784
9249
15994
16118
11338
15252
12320
11736
14611
7850
16079
11032
13507
13442
187
675
9235
7218
8789
6183
8759
16261
6328
2673
566
13189
12711
15118
2489
13254
15250
10614
6363
9510
1327
14589
11020
12449
12207
8988
920
125
577
15990
635
5843
6829
14994
5129
13670
9636
11633
620
13157
311
669
8080
5588
13051
16253
999
5976
7467
677
8116
655
12940
16281
15169
13026
2885
1250
13974
9666
8291
14195
14009
3312
769
16236
2811
11815
16349
16219
10983
5432
2566
2213
7254
8325
10482
15172
6934
15155
11107
16692
1639
2674
8582
1246
8442
17024
15501
13601
9614
11751
5391
826
1136
1275
5651
14025
12870
8505
7815
1139
15133
2014
3036
12036
10891
15496
9575
13932
13704
8059
5398
13297
15063
13870
11285
525
9140
7194
6936
16878
12676
3013
8831
8498
2054
2074
16739
9179
7022
8555
7416
15834
15886
7670
9527
15659
15192
11820
317
1940
10513
862
15666
9458
2339
886
7762
122
16010
8938
14892
13008
2548
16979
10992
724
10698
16710
14001
7132
5224
12698
15849
5311
10146
14605
1222
11697
16394
11167
1884
3481
14241
14180
6503
8531
7085
11003
229
8575
10960
10097
5534
13861
15837
3280
9456
1351
15832
2068
10727
11395
9500
10877
13022
1561
12928
10699
10951
2084
16875
854
233
8062
16141
12962
15159
1958
9789
12809
3675
7705
7636
8569
10095
10863
960
10186
8937
11125
14291
1820
12793
12324
1254
13176
7924
1026
13810
15525
1044
7529
14913
352
10426
9699
61
14638
11454
3243
16738
7119
12057
6071
992
3270
14970
5544
750
5155
6343
7189
7293
11803
15316
6458
9752
3309
10990
631
11668
8945
14661
15927
6401
6649
417
7739
2031
14951
7264
10354
12493
901
10177
2715
5616
1110
16671
10667
1788
6971
2924
7272
2986
8006
6233
2265
12274
14451
6654
15247
13131
10324
9231
2274
11239
940
6018
13039
1708
1221
7397
11115
7823
8558
3212
6294
9693
6131
7231
1265
2813
14725
8595
8672
6611
6188
2058
123
13813
15016
2219
6909
7776
1210
5464
7016
11079
11774
713
1859
16614
6522
710
15881
1341
9340
13575
1596
13717
2338
3691
16478
9922
16140
1658
9244
5236
10278
10088
7726
2996
16754
9840
6058
10441
11276
6416
15833
8202
15642
371
12922
12622
10752
2700
9315
13213
14827
14874
10678
11158
5346
10883
12214
9763
12842
11740
16862
6250
6947
8766
2769
12150
5726
15662
12668
12751
9185
310
9014
10846
8352
12787
3428
14568
3737
6935
13464
11616
10222
2343
3074
14713
13686
12728
6349
2764
12165
10148
15983
1766
11319
10796
9463
8985
13958
12156
2729
8064
16053
11915
1217
12987
8577
1894
13525
6308
5995
6803
11698
15366
2072
2922
1866
14896
8943
16181
11511
11902
1192
7346
11460
3068
7503
9862
32
8533
12833
14165
11250
8659
10584
9035
10551
16854
15809
2306
13400
16742
11506
1819
8235
8561
13994
10762
5703
16795
11010
154
800
1895
14603
12242
16381
12047
7669
14212
10379
8111
11301
6352
3730
2241
9735
13732
13595
16293
9630
16711
14463
9878
7054
6314
16433
6723
11764
1731
16654
12844
1178
14968
9454
12067
12326
16764
242
7653
9143
7811
6921
5859
2863
5423
8993
1665
9155
13477
15009
288
10161
6906
7035
5413
13647
11536
579
16421
6738
1913
10537
8067
15337
1459
9228
7706
1062
15681
1711
1664
14526
4849
3297
843
15293
9958
13325
1610
1200
3513
14144
1014
13742
13623
14669
3078
11895
2712
5691
15735
1223
7723
6098
16871
6796
15390
13634
14812
14595
6536
13814
323
11083
11584
10771
9842
3455
14215
2878
15737
12367
2037
5663
1449
7059
5122
7792
11194
15509
8034
3670
15565
6544
13968
1512
15515
7209
10344
15309
1687
1324
13081
12094
8655
14862
14695
8457
6716
13379
11627
12515
15909
14073
9531
14788
15354
4071
2156
10147
16958
12516
13057
1367
10621
1197
5260
11387
14360
8254
2415
15760
5725
998
9233
2183
1405
16328
7664
10908
14452
13836
8520
13209
7586
12926
6608
587
9734
10956
6333
15851
16273
10350
2044
5214
16279
8769
16244
8638
8403
13071
7963
15031
14282
6669
2367
11918
10565
7030
15386
15763
7335
13734
13596
13166
8719
10651
10301
13931
6149
6848
4063
6265
6360
5411
5915
13485
5517
1673
2331
10167
2771
9033
12272
15260
13105
3065
2271
2678
1212
68
10721
8397
13946
1962
7518
5838
8736
2159
5678
6300
14980
14269
2761
10438
10665
13476
14045
9447
2484
16980
13764
16123
13578
5958
5557
13924
15064
9823
10025
333
14105
1158
3259
1376
7952
5705
16524
15795
9146
7002
11525
7910
3586
12066
16548
13368
218
6019
9542
6467
16989
10613
6367
14094
10878
7890
8554
10341
2705
12184
1918
3268
7058
5450
6056
2939
13700
10411
13955
1420
6662
2287
12644
322
5586
14388
9326
12663
7321
7109
5056
2690
10914
14643
309
14258
12077
10245
12254
12518
2509
8271
6201
16513
1013
14582
1607
343
7934
14778
6292
12474
7887
8771
15140
9451
15727
2644
11051
14203
7191
12194
9586
10195
13345
8139
6344
6236
8923
906
5365
8896
15435
11722
5421
15154
15720
15347
6929
8761
10882
5602
648
9440
231
8106
11027
13374
1573
7438
16789
16464
1157
6900
14244
7944
6606
10290
6809
15693
9751
10117
1996
31
16926
16018
13497
12965
12091
6712
9002
5440
9047
16197
16268
1049
5734
12159
9031
13117
14989
13456
7566
6810
11004
5596
12947
10540
3271
255
7320
1628
1919
10331
11703
9222
6025
12472
15773
3075
15672
452
2763
1329
9034
11669
8446
1322
10317
12801
5404
13658
11140
1911
2167
12013
11921
15650
15678
659
11778
4
12471
1464
10923
2637
9629
13838
10494
11342
9485
1202
10696
8865
12710
12317
8635
2576
6821
3542
10950
1660
11175
3530
10965
6942
15754
10755
16527
13010
7888
10109
8126
499
15279
13001
5806
9996
10997
16290
3182
5309
15569
5332
1302
9957
7359
1764
10812
2133
15413
493
10378
4208
3551
431
17021
11965
6540
1173
14383
10261
9566
12924
11103
10137
2985
15341
9283
14698
3589
10690
15422
1056
15717
2036
469
6038
1016
16121
13963
8363
6061
5376
9567
8121
5558
16320
437
6319
523
15
8861
12735
8266
1873
1499
9916
63
2622
2859
10138
1751
8800
12586
5895
16496
10592
398
11889
5581
7857
6572
16298
6980
7624
8212
8620
2124
8391
1541
5473
11929
5973
8980
465
13096
2454
5442
13450
15059
9068
2592
2657
428
16350
11691
16442
753
6205
11813
5496
15979
1885
11112
7299
15852
11950
3247
1045
16728
8739
10360
16599
15198
13875
8679
9091
9785
9681
479
15745
14567
11886
14932
1698
12037
13821
7317
7393
7304
852
7824
7099
1684
16809
9322
14106
15591
7324
5392
16024
9145
12447
12519
930
7637
16819
14731
13954
896
14715
5488
994
1621
1898
11006
11852
10368
2889
15695
7992
8374
14121
8030
10370
9678
8471
15524
15243
11462
5989
15223
13262
2479
13651
10470
10467
14584
9960
4619
10030
2046
8168
13361
10680
12322
15331
3441
5437
15032
7822
14727
9673
11838
5170
11996
11270
1808
3464
12606
3728
16334
14546
8707
952
14920
5530
198
7036
12059
520
13472
7202
10074
13593
3164
13618
7285
11371
16356
12678
9160
2048
12882
212
7718
3288
5387
12621
3526
14476
8147
13267
8443
11339
5778
10790
7795
975
3100
15522
12534
6961
10085
13886
1296
10419
15844
369
1101
15576
2222
13552
7004
16126
13648
11744
2246
10691
7198
2587
13048
12344
5025
8793
13247
15448
14228
15552
14135
9757
16777
14164
1465
12769
1273
9557
16061
10668
13515
15806
10838
16294
5229
1691
12765
1967
16844
6277
2279
8434
1068
5659
5589
15609
13435
6168
5410
11401
156
8676
14321
10735
15219
15404
6348
14687
8436
8856
7232
9804
7687
13064
7814
1155
12777
9119
11694
7877
2425
10040
8738
10414
6732
5867
13829
7328
6268
14914
14633
5987
16922
11361
8709
9864
9121
12798
8117
5140
2375
15876
12468
10841
11709
9310
1410
5636
362
7671
5561
15517
14262
8559
7551
5629
5180
13510
11039
9472
7672
11810
6866
16220
5584
11331
14648
6479
1796
14678
971
3303
977
13661
3295
8249
12686
9190
16383
14111
9977
14307
11524
8522
5159
2256
2514
2129
12913
785
7282
14219
14718
9314
16769
517
9467
15221
15736
11061
7830
1723
9021
15854
7629
2664
2510
15212
829
12096
3313
13356
11117
10893
17014
6087
2716
2391
10408
5553
7389
13767
8248
6908
2617
1539
8863
1562
6635
1358
2692
16696
9816
16080
6165
16771
6703
16124
14475
10741
15102
13274
1166
5491
1510
10994
12181
1299
3510
3568
15207
12397
270
15922
12696
2364
1519
7166
14347
16863
647
5627
14625
11177
5643
684
13860
7937
5668
16027
11992
15456
640
10342
15446
11060
6601
6198
12797
8161
797
16412
5439
2505
8819
14264
9236
8523
9538
1686
3163
10184
8453
8019
7612
8917
7251
5680
5108
11983
9775
12187
3017
5414
3556
8951
16167
16722
747
10979
2875
8529
5836
7455
12578
331
11268
9618
2353
13979
13409
3140
1153
8042
12114
11452
12331
6023
12288
5630
3751
15029
