2837
13404
1242
2580
11927
5414
7504
1597
13889
2132
6350
2178
4793
1813
9692
4242
115
2634
12327
9371
2232
922
12605
1071
14785
9133
14323
12284
687
2883
1192
7013
7502
10913
11506
8722
763
7984
1127
7128
2297
40
169
2230
13919
11515
4689
10119
15035
2965
14371
3636
2607
6734
7364
4822
11432
1045
8462
15037
1791
6249
1386
9468
14594
6943
5089
13723
1052
8685
11080
14062
14260
11829
14595
15971
1562
15285
11479
9749
10487
4314
5735
14819
3861
12042
14903
7111
11305
10985
14115
10260
8049
12223
15867
15964
1686
11390
297
16018
10403
9389
2662
8424
3922
4944
4343
5978
11796
1803
3490
3466
12350
15180
3697
10106
9541
10606
2653
8813
228
6978
1891
11931
15293
9032
10892
3751
14472
8168
12150
2649
10360
5602
1223
2847
12653
8830
10175
11675
4290
3307
14451
9492
869
11988
8862
3414
15332
1306
3313
5244
8607
6165
8832
11936
539
2149
9276
12560
3837
9134
12716
679
6480
5271
11240
15098
3168
16707
15818
4052
9310
7372
16531
9723
13887
1584
7703
9368
12705
10103
4924
3908
1709
11714
10785
10880
2966
1298
2157
4929
1407
11293
15073
3980
10285
8397
4115
9270
10482
12196
5161
47
8520
16586
11533
12645
16632
1883
7510
415
12547
44
8403
8055
2632
9098
2926
7895
5177
11248
4509
11002
1795
6996
6709
1980
11843
4676
7253
9649
319
8776
2862
5043
5097
8488
8716
16356
5098
7090
10392
7524
4130
1478
12727
13931
6
7466
14749
7884
13000
1857
15105
6423
8814
11242
7396
3352
2302
3479
15675
9557
4806
732
13581
4539
13467
269
14764
16856
4973
3435
5328
3637
1453
4201
2537
5930
6209
6656
1873
10958
5504
1772
937
10465
4356
8569
745
13183
4372
7613
2868
15791
1514
3984
9228
9454
14956
15339
14576
11940
781
3730
5747
2851
4943
10379
12055
8482
16427
13287
15905
4980
5557
11522
1998
12407
10629
11780
11117
1855
10033
15465
11128
2912
9766
10796
16192
16667
4567
3003
13420
12889
7965
516
1250
9292
2448
2051
8439
7033
6987
8204
11313
9163
11818
9412
480
729
6582
4613
8733
8619
14726
14987
6204
7910
6014
10851
2079
5073
3638
11697
7203
11244
16527
4111
2118
6235
9851
7987
8963
7038
16452
2386
9158
5134
11833
6378
1631
11337
1496
16060
1656
16723
3298
8784
5286
5997
4572
584
638
9844
10312
9834
10670
14803
5047
13339
8194
10449
13271
5598
950
4615
15727
1041
5493
13115
6534
10577
4712
12550
3119
11710
5811
6910
9446
8335
14759
16919
6975
16784
14607
11045
10935
11594
15294
2163
12599
9494
15380
540
12089
5277
13779
5227
11544
6193
13107
5577
1349
323
7569
2881
10393
10479
6380
1750
8758
6966
503
16972
3093
4254
7916
13214
6764
11601
2270
778
11447
3216
15078
14814
9854
9435
15354
12869
2425
8896
2335
11552
1702
1570
1039
2117
7993
14180
13340
4341
12140
1503
1617
251
12634
4496
16838
10415
3854
8725
8347
7555
7723
3011
2933
2689
14892
15644
11611
4911
15176
16781
16198
13532
11174
4939
14353
10698
5686
3855
3269
7196
6328
4562
6924
13927
10359
4365
11967
3271
13445
16734
10872
3754
13914
6101
3645
8474
10011
15161
10734
2814
9393
3640
2575
15605
15650
3789
12218
4591
3439
9102
15802
7447
7633
13321
15112
13172
6790
392
7320
8984
15991
12546
10139
9090
692
1605
11316
7212
2741
5289
3585
5794
15491
6013
12071
8691
8666
5627
4776
3725
14826
12142
5510
13118
4160
658
3207
11755
6768
9193
7470
881
2960
10031
8394
6306
14047
10237
8250
1897
4523
11402
6252
13687
2517
10284
9902
13330
13305
4065
6983
15983
1062
274
12442
10452
15578
3081
12379
3067
13995
9313
1241
2694
10937
11164
8598
14229
14310
3096
14458
7865
11847
5191
15912
381
7015
9995
3529
3954
12951
12192
2722
842
10925
10857
12534
1574
14810
15421
14162
4852
10704
11454
5605
3849
1199
7406
12333
15025
7946
3679
16172
2154
3786
1358
266
14441
16078
13706
15856
9761
4109
16824
3420
8532
11920
11085
3634
14128
8345
8812
2080
9078
11599
13379
11284
16416
1245
2758
9857
1459
3989
1554
13876
6071
4450
4037
4132
9
16064
117
11674
5216
6063
4113
2652
910
9207
16117
16507
9827
10146
13754
9929
12775
10823
4471
31
6759
6592
11921
6862
14347
4563
2493
11976
12993
7100
1540
9474
8851
3311
3763
3974
488
1931
7714
13293
15331
13087
9609
7755
9771
13651
3303
2521
16026
536
9890
14437
14175
4117
11472
15706
12467
16423
4047
6392
16662
15104
7503
7030
14455
10952
10007
5268
16246
3039
9988
2471
13318
7074
11983
2899
14849
6532
451
12256
6744
8708
12657
16516
5079
521
9994
6899
1666
5167
7353
3955
1735
13872
145
8
4417
16647
1215
8916
960
7535
8877
16688
9898
936
7452
3599
1408
2151
13487
4166
11918
834
7088
1520
8612
12982
14129
11370
7577
16851
8299
2201
3434
8088
11467
14402
13556
9020
2538
12011
1206
8694
8643
6821
4236
14838
5802
2202
11722
12757
15414
7167
14846
6743
3387
14227
13438
13079
7352
2259
5657
12795
15505
16329
14950
4895
13307
6652
8817
8256
5570
16961
5784
15929
12437
7771
13763
610
10550
15655
4501
15459
15049
9027
13670
14216
12363
832
3519
1488
6836
6257
14498
5952
11830
5800
16115
8717
2429
14006
14131
11347
14070
15914
5656
6848
8031
649
14418
5144
4546
3719
14057
8831
13899
16491
16365
9688
12287
8190
7514
5547
815
16234
10732
748
7651
15412
3502
6434
5945
10291
9740
10118
16911
13084
1144
7125
11792
2859
12272
13703
13323
1995
7986
15750
3450
9049
10297
11332
7627
11239
6417
7575
7245
16510
9592
8702
10922
14043
14659
16618
12659
886
5536
5927
11380
11712
6941
11545
13317
16863
3172
6145
4225
1263
5998
16382
8472
16196
11750
8205
11130
9210
8197
7205
2508
2358
4438
1756
9744
13632
2890
620
5583
9447
9106
4285
15310
13020
12790
12568
5801
13833
16630
6906
41
2140
15572
16093
5858
1235
2095
474
508
8570
12615
3082
4651
4711
4704
5460
15837
2625
11420
13168
3835
15477
12490
11562
395
9218
475
4932
3132
67
1741
152
4975
10773
12538
16256
1653
15576
160
7422
14286
5666
10539
4634
14396
12630
14922
9950
11757
9278
6064
2626
4507
11308
12163
10500
3545
1563
7762
11262
12463
1366
12002
11994
13878
13014
2592
11066
8356
9524
1606
13235
9905
8178
13077
7156
10501
1217
3215
8556
7523
11155
11412
6856
7550
6016
9023
2703
14211
16319
13042
5714
2569
9549
7924
6503
11954
8760
2241
13032
511
9070
3315
13345
8490
10261
15874
9784
16177
14584
13951
769
4391
11643
6649
7097
11575
14249
8129
13762
1140
7383
13612
13269
12075
4839
10797
8209
15387
13573
3593
8328
3280
10328
3147
4305
11853
15992
6369
534
11255
14574
3932
6062
6441
14604
6645
5825
4427
3090
14003
15827
10473
8592
5370
8973
12376
2457
4792
11049
15124
12255
92
13195
14481
7702
12530
10832
13023
8509
5852
12684
7878
10217
3383
6442
8267
11824
8098
9039
13501
2802
264
13239
8226
6345
7854
6151
11364
6451
2229
13988
558
1903
9738
7561
7527
3499
2522
414
5591
15609
525
15785
7590
6332
12203
11475
548
14706
14703
9945
16467
13898
10272
968
14791
12136
1268
217
111
5639
15200
4168
7711
4988
13585
1260
16385
16627
13350
15630
10404
11498
3863
9643
9922
4718
9108
11891
15933
3364
4529
8069
4087
4300
8184
9000
14940
9550
12972
9610
9411
9499
16774
16749
1814
2325
11556
7566
13579
6732
4755
11935
15896
15777
16102
3651
4654
14449
15059
6814
11791
10198
2316
12486
927
1180
15993
3695
10523
563
5413
16370
4825
6263
3525
4917
8434
4085
16543
8457
8150
11867
14264
1203
1551
3691
514
310
4665
9086
2698
7005
757
1179
8684
14377
10040
2184
8217
8272
9799
192
11343
13486
8614
6012
4533
918
2668
1258
6371
13277
13722
16726
16628
10407
14506
9900
4762
9141
6555
15041
8231
15116
9366
14359
11339
8626
1112
4758
16809
4953
2479
13930
655
14002
10944
6779
13030
8995
13474
11481
5915
9939
9849
4191
4436
7688
4864
16522
3591
10258
254
6132
6352
74
9246
11767
15054
8041
155
15624
14973
11852
650
4245
802
16641
10653
2396
14776
15832
12000
11234
849
4693
3325
6052
1536
13748
14896
14143
1775
6945
1443
8884
9002
2450
7475
15137
8605
7922
4977
15507
3424
4432
10847
3968
3283
1996
1181
7143
16428
8155
13444
2962
724
8978
10767
16096
9308
10894
13356
7782
4578
6704
3366
10028
980
13257
7638
3343
15891
8886
12661
10137
6878
5692
13669
10551
13156
9194
4106
5648
16409
16695
5594
7194
8942
8538
15982
8087
10255
1898
143
7869
2226
8537
12063
4921
112
816
14856
5019
11456
3148
12131
5095
4145
5661
5378
2015
13509
357
6615
13153
3181
12421
13267
1902
8274
5817
13371
3196
4050
15440
12903
1600
12090
4043
7251
10761
2727
7024
3408
16082
11331
8374
10665
2491
6714
1003
16674
376
365
6533
12027
6684
12872
11961
4853
12815
13912
238
12105
9750
393
7486
7067
10441
14880
14545
9978
3349
7120
2415
10205
2291
2869
13832
2183
7900
12366
5810
12579
14152
15072
3261
3402
1835
7785
1455
3659
10344
14399
10950
12060
12667
2012
5082
9450
11151
13737
3576
2819
13815
15920
10788
7656
13523
15359
10239
6296
11573
13531
11709
8221
14929
4774
3827
11303
6835
16208
3692
4189
2636
12268
855
938
6277
16566
12650
4942
9650
15614
4424
6184
7914
16895
16655
11869
3471
16168
3250
16985
11387
246
8400
8009
15376
4999
4876
15530
6813
5698
4015
5020
8215
14391
9631
9808
6936
2168
15962
3279
5782
399
13247
3301
10898
7340
4440
9568
12863
1093
12875
626
5891
15589
12406
4129
14648
1108
15194
10448
10491
4767
11528
14603
2750
3647
14926
7856
12235
14725
14685
2041
12484
3436
787
5146
15549
13918
13362
9406
7744
10395
13110
1236
8121
13311
7954
496
850
3120
12883
378
706
3084
10481
10997
4186
10229
3633
2584
2719
4330
8535
342
12211
13614
6617
6758
2001
3785
4716
1522
11289
122
11535
7385
10923
6946
183
8332
15189
8386
8713
14030
15927
15482
932
10718
14060
10178
3260
16795
14532
2821
12409
14593
1886
9593
8821
8654
2237
11539
7604
15677
16703
14123
740
438
9818
13504
13911
7584
12398
16539
9642
1463
1626
4626
16502
4345
8441
1500
12065
13342
15303
8837
4541
8555
3765
568
7237
109
10548
3834
4431
16804
15280
191
3975
9586
3317
16090
8787
16183
1329
7388
3278
10510
10600
11405
13551
12335
10411
6998
12715
13128
5166
13138
14935
3331
2681
15128
3760
7044
4182
12179
6342
9889
16230
15654
16836
3875
13829
606
7132
1026
8470
7971
11350
3669
10689
1737
13402
462
9653
4713
1177
8125
8145
4952
6117
12802
15885
16331
2789
7062
14153
14051
7780
14111
7068
13611
16257
1302
1048
7419
16941
15632
16709
15886
4478
9222
10798
9113
915
10900
3562
15197
8372
1767
14187
16606
11076
10829
15011
4739
10334
3099
14294
560
4679
9603
5678
2806
7675
14504
6917
12053
16696
13990
8201
5401
7548
14256
15872
15526
7248
1053
6895
13609
7614
6278
16730
14503
5314
13552
16133
4948
2987
7190
4261
7386
5448
13795
7231
2977
16938
16144
10536
9809
4642
9736
9785
6179
3551
14154
1186
1384
2148
9626
9312
14847
15560
7745
15660
6902
5604
1981
315
7118
2298
6416
7457
3941
4747
3547
15735
9234
12041
3062
5408
2427
8675
8519
9527
13223
13694
14843
6914
15582
2280
813
10016
89
16808
14281
16820
6761
6308
15617
3661
15880
5808
7221
11785
1978
2421
5128
1132
10244
14865
14560
15865
4593
13063
13905
7469
7049
1790
1458
9578
8783
15948
875
914
4819
8380
3698
6284
9583
358
13864
4644
12428
11374
12468
4299
10430
1348
3473
7492
14828
2646
11241
8475
13046
6746
11654
8695
14276
2145
2111
3583
13831
1547
8842
14422
8859
2038
16552
2916
15688
13012
11267
12559
2224
10810
3418
4788
14135
11394
14074
13189
10668
7113
10232
429
12064
3532
4580
13783
5886
9337
12694
8251
700
10199
1924
14416
10753
427
8780
9011
7241
13229
2693
7583
12317
2268
595
2251
3508
15957
12779
10060
13355
8207
16894
6440
14262
12548
1434
13813
6074
6754
13952
12141
6290
9277
13944
10786
7889
7223
16157
3149
12844
7767
11538
12768
12773
4451
11916
5768
16345
4847
409
1361
4470
16908
4608
2645
15032
9521
4392
16515
2186
2677
10841
10541
6159
7896
3622
16869
13560
14010
7349
9469
10640
11175
16663
5442
2293
10683
15519
4174
10965
1582
11844
12898
1946
7092
12323
3354
1135
8357
5091
2453
4901
8558
13983
9087
5067
10859
7271
11190
16204
14809
948
4647
8047
9815
911
14765
277
260
8173
7729
3814
4802
8180
5910
587
6388
7772
13844
6444
9807
6930
2255
14738
13869
14049
14572
14213
2529
6639
3035
7983
16194
4912
11577
16890
11580
9036
6256
13062
888
440
6349
5497
9767
648
14959
9370
5894
14337
5663
777
12221
2432
11207
8900
12239
10621
16472
10993
1565
13902
9335
7032
12562
3249
16398
12119
962
8544
2301
3017
9962
4257
14366
5427
2525
2507
12851
1091
5573
3305
5840
1966
1616
13479
10300
5921
4169
4297
8865
13982
8595
4074
3049
6208
6747
1678
9196
16789
12318
12334
4640
4200
15342
8789
16142
4741
11872
14775
3337
10264
12784
3947
637
9482
9375
5603
3787
10489
13460
5799
5646
13060
13312
13053
16665
11407
1912
829
16092
2527
12343
5022
4931
13695
3672
2528
12018
14490
13539
12056
13095
1006
6788
5637
1467
8823
7433
15108
6988
4081
11206
7289
16772
12410
722
5562
222
8904
5694
13867
7453
7284
13478
4632
9421
7317
7063
9508
588
10754
9397
7338
2289
3693
7041
2783
15847
9780
14647
5731
3568
9666
219
6139
2220
13724
12118
452
1367
1274
26
7515
15151
673
3272
11336
16848
2860
424
12935
14387
9440
12487
5514
13141
7198
2524
10648
2866
12780
8616
12251
5564
11923
1050
12120
14103
11108
11766
16324
8539
15516
11814
1373
13377
13242
7450
1484
14756
13196
16372
7001
9122
16259
7657
10611
765
8325
3597
13052
5537
13298
1793
7428
2664
8924
9052
8818
11189
16040
1078
5595
7719
6329
5860
12821
14433
1572
14341
8248
408
3736
7451
1389
13026
6479
1138
4846
7630
6030
1713
13103
13993
15295
5764
6148
11217
15653
12941
4736
16764
5848
11356
6891
5393
15264
10075
2139
11176
1072
8478
11070
69
15916
98
2288
12717
2937
1293
36
3957
14966
3700
10591
5018
16217
9012
6538
5053
16776
2752
7952
983
8024
16951
10023
7689
16786
1583
13939
11960
10275
2602
8313
9602
7175
411
10252
9867
15699
12283
3584
5621
9391
8697
4554
13466
7829
3595
16828
4062
6031
7007
14991
8889
10034
10634
11547
14109
10236
15148
12091
6238
6142
4873
1332
11259
14474
1265
12954
14592
721
4022
7139
3799
8442
13497
13284
7958
4497
10581
12188
15241
8104
1726
5983
4680
11644
10627
5404
5541
12691
2642
8377
2506
1207
3443
8086
5818
6302
7572
7484
6036
6841
759
8893
13211
179
2548
1163
7319
136
4288
8378
5890
6085
6636
814
4823
7246
6150
1677
8816
8379
11490
5380
1230
12419
10953
1925
11937
13595
54
9694
2597
16417
11341
527
23
14385
12455
12932
5429
16755
14836
7761
2382
15940
11505
15550
5662
14781
57
13856
13414
3095
13227
1130
1427
16176
9189
5555
4766
1425
16905
13058
11279
3180
9286
14877
10701
12450
7795
7119
8829
3385
3163
16812
12046
5608
928
13769
14851
13625
14164
14210
9612
1838
2331
7827
13169
12695
12690
12162
15029
16289
8608
6214
4071
3002
9503
5045
8553
6250
11280
1844
12430
11668
5023
10729
8510
800
4645
3291
2704
9967
10155
6466
13704
15740
15315
1262
9614
7737
3967
743
9656
2361
14346
10368
2393
2903
10778
10135
6005
13708
2571
14254
13135
2403
7685
9382
16418
4570
8525
10593
3362
12584
7054
16909
3887
6799
12503
1070
2011
10190
2651
8117
6161
8754
8305
11052
4102
8402
1703
13399
16750
3752
8074
9695
11895
978
7620
12848
1075
14138
895
366
15143
10560
8343
884
1381
6550
1307
13127
5966
10667
5885
12924
15351
1068
3883
3360
8930
15146
12365
2344
14348
8170
1549
1640
1114
7736
11228
5758
2106
13179
12725
12723
10189
4650
10218
9715
6224
8279
10149
7416
9776
1023
2988
241
16363
1364
14690
3524
1136
11232
5131
15888
14859
13968
6970
8477
14694
15686
16200
11727
16037
2942
10419
16359
5065
11507
12636
14037
515
16940
4914
5963
13639
1164
10154
12314
1501
15039
11104
9112
12707
5188
15228
11728
12877
2108
6857
1395
1452
5626
4969
7816
3204
5589
6402
5316
15094
9281
1076
7846
11813
12477
7439
5548
7738
14837
4064
15569
11486
13542
13540
15247
71
8941
14196
8330
9254
7989
2290
11399
16378
13481
10325
6245
3942
2553
7715
6478
2233
10601
8387
15352
2979
1111
9374
8613
1829
3151
15405
2222
14338
3292
14875
187
8381
7402
5520
4960
7872
4269
11078
16317
9448
10700
5649
9287
11859
11703
1330
8548
12608
13689
2006
1783
15799
5375
3715
10833
5560
9071
13002
10821
11123
16138
7249
11620
11964
5202
16950
1739
4783
13923
2019
11366
6021
1363
8659
14731
2931
709
4678
12191
16525
4858
9431
333
2359
5967
2355
7434
1977
5920
16222
15144
9915
10534
12320
804
14619
3805
8186
15419
3429
12642
2010
2907
3016
3007
6994
14936
16287
15760
5496
11297
2981
504
11051
10685
3764
14579
3377
11046
12983
12625
9709
3333
8158
15028
5465
11464
8751
1374
3190
16270
6853
12685
8962
10304
836
413
14471
5162
512
9110
16551
15367
10317
10249
4920
6817
16030
6842
7052
12911
2888
13352
16758
7834
3487
10345
10615
544
16012
5218
10736
629
15950
11917
7177
15316
4008
10547
6066
8465
10039
13619
5917
8466
790
5907
12017
15902
15904
12607
227
883
12626
11788
3994
2218
4237
14881
2695
6058
12798
13381
10057
8907
1499
16770
6092
12270
7845
7006
3431
4126
2997
11627
13050
17020
15649
9518
10860
4069
8912
5352
2846
16605
10046
6261
13241
553
281
12313
15909
6710
6578
10174
11004
9625
5618
10267
5779
613
8222
784
405
13380
5001
16638
13861
4188
5843
1926
15898
12273
303
14460
14830
8969
4243
8989
1419
9381
9848
130
6929
12647
9562
6109
7516
5090
13088
8022
5955
8035
16124
14748
7161
11527
7933
8671
13714
1664
9092
8902
15897
5873
3641
4765
12396
10196
11098
11879
9868
4247
15995
6745
7488
11191
4697
6719
1917
15081
14072
3447
14386
16216
15575
5016
4116
7040
16210
7653
2659
546
16948
4028
12778
10151
7274
15033
8606
354
1916
957
1382
5889
5953
8114
13789
1252
16982
2126
5281
1531
9708
4271
9217
2279
5118
14439
15343
12792
5849
4561
969
11676
14419
9105
12418
4692
14953
5309
12864
14985
16837
1150
9743
3033
4426
2686
4798
4390
8746
3419
7966
2590
8270
11907
1154
7905
16249
2828
970
14147
8786
3029
3649
11553
2130
14482
14937
2042
7377
4636
10709
2036
4787
6498
7181
9314
77
12052
8255
5054
11511
4127
11365
15963
8954
8867
3514
1417
9632
1351
14146
12086
12093
9488
1085
8652
14009
5635
6485
8306
4785
3961
5155
12498
12891
8981
785
6717
12346
12549
6206
15659
9378
7168
11011
15067
16868
13220
1077
8410
5157
8528
11129
8165
11548
2563
2589
5051
4512
16957
12480
14853
11667
11793
11014
16763
5107
9042
5382
16517
13839
8096
3277
14629
1168
15640
3770
11357
240
9016
11433
2039
16617
4646
7798
14190
9698
12980
8467
11213
11875
5256
9212
15669
11489
1504
13804
4592
5479
1577
3870
7148
9261
13007
15709
12901
13725
4284
10828
12528
16495
13676
13166
14857
1271
11588
9225
7812
14548
7888
1745
8228
14331
403
10817
9514
10224
633
14732
9552
16169
2027
12966
11893
7963
8388
7339
9547
9379
16999
7275
11800
8826
1036
8864
16175
12785
5870
12906
12485
8820
15873
2430
16305
10319
13966
4403
1284
16394
3236
6198
8043
3718
890
3728
11163
6251
11055
3182
7960
7101
15619
4405
13252
12263
2405
12103
286
5343
7115
15639
16682
10369
2755
9423
6056
10657
1776
7163
7096
7235
4295
672
6409
360
229
6122
7192
5317
9782
10352
16859
5148
10085
4532
8955
15793
5100
6721
10468
13123
870
2687
3548
4936
8362
7686
16170
1763
4967
14671
3993
3748
12051
12860
9300
9376
16238
5125
1527
5246
5315
8527
9351
15936
16103
6951
841
11386
10907
16407
10625
12824
14116
6363
15256
15307
16800
15314
15623
9409
14864
8421
15508
7072
13152
1874
7493
808
13314
7547
9545
1502
4315
5919
2745
6124
7379
2644
11598
13075
12711
12554
12929
13546
6575
5587
10108
16120
2790
14084
6601
533
11140
11210
15511
5567
10029
7058
646
2984
9641
11838
3983
4757
11772
4681
6310
1524
12515
12759
9477
10278
9637
6679
14013
12679
7229
15534
7899
13727
2865
4524
6647
15429
858
5184
11416
5099
5077
35
12172
15099
4498
2542
10418
11476
13827
16334
10533
11376
3996
10775
16619
3610
15277
1744
5754
15074
818
3409
6188
3703
12959
15629
14019
7411
3555
338
16735
3198
3069
16053
2514
14435
15943
3885
10323
14852
3888
10646
16545
5785
10915
8937
4428
5072
9536
5625
11503
15598
5923
7270
1316
16155
10159
3251
6234
4120
3921
1810
16974
14127
9619
2454
7478
16355
699
2031
9478
2879
1246
6272
11301
11622
11740
6671
12656
16996
6178
3265
7204
10596
10888
290
4153
16983
15528
14930
2047
8650
3642
12289
5856
2996
5381
7110
3327
2746
9307
15434
9467
16362
3783
1025
14265
2023
6433
9519
15169
12612
13873
16500
15224
5861
6669
13219
213
5164
14637
4639
11848
16021
10446
3676
8409
5303
10466
9638
3911
9664
5590
2318
15464
9531
9266
1267
15809
15085
7037
16445
3501
10367
2910
734
14032
7020
863
510
5080
8336
6218
11178
16943
4280
10461
3950
11629
5111
8947
10079
1569
1435
13677
1894
14534
5435
4239
9136
3523
400
7398
13427
8277
10557
2146
1118
3085
8804
3673
13083
12224
6267
328
15330
2842
7931
3187
2040
5777
8815
8083
2701
15955
355
7680
15193
2558
5450
5986
2470
16488
5332
7208
13744
12880
11028
15559
12380
12174
12726
10710
7048
15252
6279
8320
1429
6827
6620
10604
1441
3915
14218
14457
9231
8432
6612
11851
14358
7877
6524
11795
5293
10809
6688
3556
659
8661
16137
12720
3197
13197
16803
1176
13256
5050
4060
4838
4732
2223
2989
5943
567
8883
535
12491
1100
10490
6304
11221
13716
13279
8594
16336
10157
9176
1974
11196
6316
15234
2969
3478
5828
15036
16178
550
15647
7086
11225
4462
889
7089
15887
3838
823
12698
10622
6958
13534
3470
11836
11097
1017
13971
15384
4282
10632
13226
8459
14361
5320
773
2045
16659
10484
4334
8048
3605
13541
9618
10919
7913
9177
7395
15696
9328
5085
15235
10884
4301
2121
4303
3496
9933
3014
16753
15919
14393
3614
1646
4059
15258
12300
1625
13176
3208
10423
10018
8620
12020
3056
16276
1587
13994
9327
10024
11686
13111
10322
4548
2311
13606
2551
1121
6177
8259
9390
9203
16433
15302
9369
15826
1826
11500
7218
5068
11056
11369
8122
2875
3741
11646
5181
697
5052
846
3569
4190
7114
9089
1863
7121
9347
13849
16309
7201
677
9380
15217
5654
4409
7925
7467
8206
42
10296
14610
9094
1323
14961
13441
11971
9509
8383
5992
11904
9801
14024
10273
10324
5609
5964
8518
10740
16443
9124
12834
12712
16205
3859
2633
7473
4333
16047
3704
3489
3065
4872
221
10318
12990
8975
11200
141
1035
6992
11302
6573
9416
5257
3710
1228
839
15305
2198
10573
1490
13361
11404
10980
4841
75
6438
14059
8678
7907
13755
2159
10356
5579
14784
14806
3790
3553
99
10020
15271
3517
16415
7176
2122
12285
3533
9651
939
2469
1083
10844
337
15671
9526
1352
10723
16921
5152
7056
1777
14634
8235
4454
1679
15426
11111
11042
14304
4104
14804
10654
15190
13484
11550
14901
13071
14714
7150
12600
14952
6331
3981
597
11460
12050
13208
9611
9710
923
4029
3066
2103
9077
2766
8704
3010
15345
14677
11159
7472
5712
1748
1807
10763
16680
5533
12535
1178
2097
16342
14077
16237
15996
14733
9346
715
2760
391
9674
148
1224
2735
6404
7431
5558
8449
7022
5752
1449
9576
12497
12488
15045
7663
1007
12190
3013
16571
1654
14450
11899
1635
7917
3560
10858
15188
11591
14086
10432
12248
16360
14369
9275
1383
2582
12310
4107
14615
3762
8249
1950
2536
14200
10240
16128
15304
11295
13121
13576
8135
11256
12028
7948
3194
11986
6027
13627
1249
14332
9525
16719
14380
2815
1700
5354
1544
10496
1451
9224
6677
10722
1604
12045
7012
11205
11473
4036
10897
477
12922
7995
11761
16839
10687
11584
3949
14691
14320
3784
1042
4327
16100
14728
10416
6893
14083
14531
16640
3574
5403
13955
10926
321
16383
2071
9311
7863
13180
13025
1944
4938
11030
12760
15167
3101
14955
13403
16528
8408
6506
6344
7133
14909
16480
14307
5911
16720
3520
3038
15154
11993
15622
3731
4159
12245
14829
9989
7458
14777
830
1963
3341
7867
3623
5622
13932
13759
10583
11238
10916
8849
11969
3846
8721
617
1421
15166
2447
15012
6708
2392
10048
1752
7099
14170
16113
1005
4595
4215
5739
5962
14906
11799
15596
15088
5302
15860
13682
9083
12121
12564
7713
3117
1622
13073
2388
11082
15361
4754
4304
4408
2565
10421
10234
15306
10051
11595
7256
15690
10585
9116
4573
10099
6077
1848
7250
8648
14100
14995
14727
12112
7935
8322
6365
7390
15568
10567
5960
10083
17004
12034
13659
14805
9095
3455
13855
16000
9515
16714
14459
7838
10408
15833
13119
8756
7182
3247
10984
11075
6382
15404
2902
576
15855
8298
14020
2557
1319
3378
760
7932
11708
15538
9260
12359
5770
9925
3666
14028
9418
642
5207
5229
11715
12391
5597
2422
16242
10609
12832
15506
11572
2700
6075
15140
6888
9979
602
16
10469
10123
6008
13038
14680
8407
11717
5178
14167
13433
7622
11827
9338
12307
14878
14408
7259
16699
15853
4780
11024
6237
10846
467
8068
2492
14719
362
6718
5938
15107
3314
16504
9384
2832
10078
1498
5108
14769
16733
8179
3899
9444
10242
14740
7673
7988
11069
16107
3530
653
10885
16116
15276
10726
16221
10133
1028
5028
15970
5631
14766
15806
7717
10765
6536
2463
1196
5789
9001
4830
8052
10467
5566
10088
5418
15979
13320
10216
4883
11383
3615
3048
6599
1287
11938
7962
16413
10908
8266
2368
14068
15205
13863
6174
2256
1315
11984
1821
7075
6391
13188
6136
17006
11103
15769
996
2072
7909
16684
10874
2761
12888
428
14133
14270
8571
8392
11789
10268
711
8637
5106
14904
2809
3417
4871
9168
6293
15999
7769
11991
9146
11032
1161
15573
15540
10443
5342
9259
1297
10168
13941
7615
4246
14266
15529
15283
3211
11311
5954
9317
1969
15812
3459
12740
2414
8541
14469
10390
8777
680
675
7970
7596
3860
3685
3720
13936
5432
12989
3616
478
1238
3729
5901
7788
13929
15312
1877
11649
1866
4265
15444
5417
12590
8060
15275
1753
356
10063
11537
985
897
7200
12058
14467
12454
7951
16397
12573
1550
7841
8788
4340
10605
15627
9213
7619
5270
8412
4559
2254
8367
5008
5996
12909
8307
15697
11122
9577
13713
2603
7124
230
6309
8992
1402
13249
2384
9942
5729
12476
3600
9183
8066
12541
7726
4357
3579
6742
10849
16691
12281
1647
15628
5324
13511
2927
3539
1559
12129
383
2638
9026
11154
15000
3404
3142
11060
11054
6767
14533
8324
15156
11157
11819
2419
4511
5585
5330
15756
5226
12003
14151
893
9606
14870
3507
10972
11271
6458
13761
14886
16251
14986
14363
4674
6166
15406
7426
3456
2225
16777
7429
372
14527
10917
14160
16607
4587
12987
3527
14874
15862
12453
7028
14587
12126
1849
14413
2549
4194
4042
15601
9923
1021
12197
2895
8664
13130
8881
9937
13003
14772
16292
15338
15492
8719
14964
7814
4044
1818
13880
14989
15848
13204
7154
8208
13407
16563
11857
2588
10512
14841
106
3746
7725
13109
16071
5365
10413
5792
5519
16003
1532
8169
15196
9232
13837
3310
16678
1131
6321
624
14535
8172
8897
9472
14465
3913
16852
7082
12963
6130
1247
14318
3390
10607
14335
8836
15318
876
14507
15893
13781
287
3739
7078
2798
15705
38
7792
5176
13736
2959
11132
6004
13455
4530
3432
13655
4672
12368
10366
8878
5572
16903
14914
14269
11856
7497
3444
15851
7233
1197
16966
17002
9118
13367
16954
8996
4494
9237
12521
10826
14946
11304
16294
15178
3423
12004
2395
1529
16645
6687
13104
9394
10696
9460
4515
13258
15027
16275
2854
1049
14149
6061
6780
7837
9054
14939
14817
13574
10592
15555
13022
4447
16481
7085
7399
4844
5706
3111
14015
11558
6003
16508
14672
3294
4437
571
13185
14651
6783
8164
5066
11753
10814
15730
13617
14414
13935
12516
6641
6253
1586
11249
6453
1124
3224
1385
4148
8909
13480
14284
6477
347
1379
14925
8281
11160
2939
690
14050
7724
8495
12373
11277
864
9511
16010
2338
8965
12146
9534
3708
8253
4336
9871
5430
16253
5355
3663
11318
9072
12820
16036
4187
15397
10867
4994
9645
14798
12229
13514
15393
6484
13376
1609
10779
16119
16147
8290
9240
4461
13940
8512
12831
10001
3225
14033
388
972
10010
4706
7258
8956
11358
7142
16801
9046
6588
9886
14767
10290
11359
2142
2110
8724
8591
12164
7367
3635
6347
12992
7520
5415
2796
2930
2858
8628
5135
15201
9229
11841
6395
7162
10707
7354
4842
16476
12010
10426
15109
12113
8540
2303
4976
10947
6167
7262
2587
7612
15521
15932
2496
4313
16798
13157
15637
6769
10882
11463
9510
5569
9856
9404
12462
5185
9085
12856
6666
16158
16073
13255
14949
4885
10966
6283
10998
2520
16846
1575
13700
16592
13378
7564
499
1037
1183
6067
14052
9955
13957
3019
2941
7345
10941
16929
1440
7858
2998
9392
11583
11368
12194
1820
12173
2284
8271
1129
7979
16072
772
9014
4337
2757
15742
7310
13702
1513
5527
2972
11696
9668
8728
2065
14783
8002
4488
6944
12116
5509
8533
14921
11546
3587
13668
7358
13178
11860
14275
2089
956
16685
6982
13891
4075
1915
5122
1987
14884
8785
7544
6002
3566
11566
9109
1721
15557
4183
1804
16368
15373
2920
5243
13859
13440
11067
8391
3896
13544
9730
16794
2885
14491
12533
2347
2609
7366
16651
3625
8968
15242
2813
13924
6300
7936
6512
10572
820
13410
1675
7281
5470
11776
5507
12414
5725
8443
88
1416
13843
6786
14869
12416
6881
15700
8265
320
9789
15789
6414
10521
5665
8175
11794
7707
7255
12744
5361
7919
16958
3664
14484
5013
11724
2650
2495
13459
15694
14242
7953
6880
5736
9048
8097
2389
8032
8468
4420
8662
2050
9456
9076
15230
4584
14375
11187
6107
3613
8220
6192
16233
12043
16389
13600
15162
6134
6927
12347
9238
7887
15213
7844
12214
14417
4804
4535
1526
608
10208
3416
1639
7824
1692
7694
16478
3756
10930
5121
13768
12494
16826
8843
1539
8073
9629
5675
10876
1444
5238
9405
8770
14539
7757
10776
14199
6415
8931
10440
16041
16042
1921
3192
5175
4935
6115
8997
4930
11810
10230
10185
16785
2949
15788
15882
5339
16075
873
8106
2234
12728
3678
2857
14544
6981
14508
8131
4156
7793
15333
14322
12803
4805
138
16608
4010
14717
15152
6838
17008
15613
15652
15866
12581
8084
793
9241
4093
2898
2723
5655
11375
9884
16468
3571
10111
15958
3865
7699
16666
5606
299
11581
15879
14656
4293
15278
10543
3199
14397
14788
14120
218
7665
8967
5224
11382
15684
15621
28
2830
10715
9517
14965
3938
8070
154
14866
1399
16973
8970
8452
4386
5220
3734
16388
11247
14044
16813
272
12257
5027
11909
13784
5783
1393
9843
13294
15046
5623
3328
12345
10862
6099
5763
15565
15150
9265
4092
9043
8132
15587
15643
14360
2629
2665
3565
14688
14755
16671
15651
4006
4531
9647
2192
11781
8057
11975
16629
11837
593
5137
9684
14368
951
8261
6522
9703
10203
16886
16796
11934
16367
12527
15401
7573
4746
2600
13149
2946
11832
12397
9823
3071
9249
7135
9679
8730
12943
10047
14608
2816
6141
16048
3043
9957
2442
15317
4791
5203
2559
14442
1861
3370
86
13259
7817
14743
16408
5021
6627
14309
3018
3115
5145
1658
14025
3262
5743
14713
882
11469
665
12167
4320
14537
2791
3788
131
13280
14624
1064
1846
13684
5759
8562
12222
14855
13434
10424
16268
570
12520
11822
9855
3495
6205
5908
6877
8588
12868
16743
7759
12357
13465
6937
7605
13921
6449
2439
7145
1856
1895
15418
854
5391
14988
16281
16532
5049
3521
4571
12483
398
7720
7293
11094
11417
5453
4231
15539
16498
8376
15758
11906
15981
1862
13693
13310
449
10050
8352
12182
11578
11430
8085
13852
15901
3106
11992
12451
9357
14972
11105
10613
1552
16959
9535
6422
1667
8137
7825
1033
11120
2707
7066
16165
15713
8839
10329
6116
10112
3244
2128
1299
1780
1628
16541
5918
8579
16211
7628
4034
14696
12375
15562
3601
5940
15771
12771
591
11540
12702
13605
13741
15883
12611
5405
16007
11963
12874
421
2046
12566
10025
15473
13642
3578
6471
14410
2560
12231
2622
15953
16994
5489
16089
12215
12796
13710
3179
3140
7446
9178
13081
16898
14902
11203
15570
4782
10295
8166
1243
8359
5280
532
4845
7861
12401
5116
10035
2435
4671
10881
234
1011
9722
14666
14839
6597
15344
8953
13877
12006
16271
630
8054
999
5261
5841
11166
13406
14479
7617
10807
4460
7474
10294
13767
15117
12978
84
13106
4510
12254
14333
5262
4110
4063
10495
11446
3264
8453
10169
3604
16366
7160
14355
12532
11423
11385
12470
16473
11286
8994
11663
2078
4184
5407
4768
9413
8699
10948
11579
14570
2326
12565
7677
1300
8932
8039
267
15784
2510
11007
12839
7308
2562
6399
7342
12696
5459
11959
13315
15965
5633
14477
14553
7679
12111
634
16477
2711
12048
14754
582
11905
1869
12551
14591
14897
13316
10381
9763
13564
16139
4621
13260
5880
16466
3012
14744
737
3554
1269
2086
6757
4023
2320
7197
10375
3053
10924
12669
11038
9627
4903
3828
1096
12920
13630
2919
72
9318
7106
7640
9677
14747
10808
14011
7239
1778
16229
2244
14636
10750
312
1738
7890
5529
9564
12295
13092
14885
3393
15446
4396
1843
574
2175
2477
6454
7252
15754
7149
3381
3131
6554
11285
8288
13148
14556
5982
6326
10207
2511
11435
14297
15004
4342
3726
1019
15470
2595
6631
13970
15998
7783
11443
12066
6822
4196
10636
11268
198
3964
8243
5503
7623
16556
7217
16981
2608
11973
14802
11782
730
15130
738
14104
1725
15782
10077
6654
14551
1774
15934
1729
4600
1461
3809
7051
12697
5995
14981
10172
14811
5722
835
7371
1173
4660
9513
14601
16893
7496
981
15040
4616
6175
16182
10210
11298
1175
13097
11747
12383
4542
11691
16718
3295
9725
5199
10136
9837
9304
16918
16412
2817
5206
9660
45
1333
14069
6216
13580
16459
16692
13122
11745
9063
5615
7155
10528
14822
4589
13238
9507
1283
10431
601
13719
10870
12276
166
11005
6756
11418
13061
9428
13423
15122
16888
9059
13325
13174
1941
14832
6670
500
12420
10306
13922
8285
5522
6400
13268
10974
12047
2305
4103
12961
13522
1188
11081
1839
11170
11134
6244
1368
5807
349
12243
10100
8599
4915
6507
6547
10477
12828
2808
5113
216
2805
4820
3276
6112
2574
2982
6568
7210
13610
495
5411
3497
6210
7334
2630
10661
14081
14538
12651
5796
14071
2408
11977
9262
11706
1285
9297
12777
3518
9635
15658
6850
13151
9952
3367
340
12552
9561
15160
10686
16573
7753
5896
1875
8572
1081
12038
10927
15976
5379
6286
11020
3778
7370
15064
12386
10372
2748
15392
4659
9191
3228
9928
3806
5932
16381
14761
7016
16821
3823
16255
6311
803
2313
16694
15297
14516
1137
12813
7815
12524
1937
1573
7996
16542
15595
3176
3852
3092
9143
13198
4756
4446
9132
4979
6606
16970
8260
15779
6583
5512
16689
485
3413
7076
6386
9805
14344
7309
6486
1689
12543
10518
15220
51
16602
2976
1840
8679
12639
5311
13520
5410
5767
235
4775
9655
10171
12729
11409
12623
16899
5288
16284
4543
16302
15610
5501
1652
15657
15604
14181
9408
15375
8333
10507
4832
6153
16725
1414
16265
15532
6162
7302
1621
12072
9219
13582
13666
16580
3767
14261
2082
9648
13240
0
14910
3882
15753
16975
12267
4434
6050
1779
12138
433
15486
9362
15022
12358
5515
1392
11618
11734
1423
2123
7369
8517
2314
4377
9247
161
9980
3662
9293
11756
8775
12185
14383
3153
16358
15250
8683
5582
12668
5301
5436
12393
13493
5245
14398
15212
11509
65
13327
15656
16380
11987
15921
13289
13685
336
15903
9691
4361
8529
5778
11171
16077
2512
12207
8156
5878
6858
14492
14938
6247
9206
6776
13036
56
1346
14626
6273
16399
1369
15805
1801
3239
6801
12250
812
12793
10457
14263
12085
4851
1157
4072
7557
10206
14715
14206
1054
2423
10279
6474
5687
10362
3716
3948
3129
4308
4870
15510
9005
2770
12513
16872
13792
9894
15263
1710
15172
1004
7852
6748
12206
4406
15175
1424
704
4452
7813
16460
4553
2839
14055
7580
15433
13622
9050
9711
7611
12226
11881
16056
11525
5109
15918
13500
16642
5645
8063
9333
780
5495
6035
9437
1976
1796
7519
9885
4084
7836
13799
8567
10802
10861
11656
14401
10335
15396
5484
1
9910
2440
2141
4449
2620
11876
16296
9721
16035
15400
5104
4026
4205
10565
8375
16377
5326
16879
7893
16244
3392
9720
7195
1292
450
12128
5824
5083
16426
5376
7232
3701
10822
1472
8762
2497
14872
13628
11146
457
4795
14513
860
6508
4355
5974
11106
4906
12259
9096
3995
3867
2017
5956
16712
15265
12594
3141
1412
9120
8061
12704
13218
6129
12026
12673
8090
7093
5607
12139
8480
6313
8273
9781
1123
592
15974
3368
13746
8291
16635
788
14
10938
14567
11036
1731
6401
6523
6686
10187
11630
2169
13028
14581
16351
10681
3170
9438
3845
12135
9607
9588
8396
5816
6753
986
9386
11214
10163
8991
7934
6473
12153
15816
15636
2922
15057
7442
11144
7260
15531
16710
15447
16581
1785
3596
1240
14559
15273
5263
11488
5733
9702
4230
9154
7226
13285
4283
15673
2353
12750
9182
4784
12297
3886
967
9306
5463
6010
7553
283
16849
4709
16742
5285
10438
9533
8561
16768
9343
6243
1184
12525
16343
16297
11998
6962
9673
14915
16118
9969
2742
14023
7784
6727
252
14547
8460
1360
9015
12743
239
3080
1187
3177
13068
14305
3461
16514
7949
324
9184
4281
4425
9449
6299
15336
8126
3586
7392
1171
12189
4223
6398
16049
8276
7850
10425
15633
3723
13604
16835
5424
4890
382
15192
15925
8876
11787
7528
15321
16152
16357
5275
7678
11966
10067
9144
8993
11932
6111
6715
469
3335
9216
12274
6830
3309
12360
2273
6730
9895
7404
253
5462
5925
16132
13548
200
2412
15517
3617
3027
2849
6560
15798
12280
3802
10089
15013
7598
8109
16626
15301
13926
4605
6223
8030
5596
14105
12298
1515
5831
16989
15408
9817
13034
13554
12460
13113
9074
1403
1219
10682
9595
1860
9377
4477
3047
3379
1525
5102
5318
1632
12756
670
11880
15381
11585
7906
1685
6114
3332
14669
3832
9169
3878
14409
2696
1704
2973
16496
4384
7593
7327
5457
683
8577
7359
1511
2067
1117
6932
16673
16562
6465
16338
543
10399
752
13483
9475
10427
15835
5703
7069
245
15407
4318
6539
8419
14512
8928
7549
9114
10744
16513
770
2228
1345
1476
2299
12230
2174
5628
144
16705
4456
4158
11597
16114
9185
2104
9165
12252
12033
10921
14243
14552
9400
9775
3036
874
13010
1988
11415
9553
8645
2418
11100
8660
5755
14954
8082
3757
10588
5464
6739
3656
9768
12838
10410
2428
4564
4919
9803
7891
1836
16811
12035
13733
12492
10628
6693
9652
4601
3652
11131
15749
13871
15476
401
16201
11008
8329
1613
10401
7425
3241
542
16745
7682
487
5336
8189
6140
6229
1133
2917
10831
7490
8382
635
13382
7592
15755
8736
14676
15852
10955
2921
6231
13033
3611
10766
1694
275
7459
8565
7710
6358
14382
4048
7461
10387
3121
831
12209
2751
9704
11041
14499
688
987
14228
8185
4401
16299
5031
12809
16347
2500
2048
15110
60
11894
9841
2577
5574
14312
10825
8056
9879
12965
12247
12544
4066
15776
6711
2614
2775
2884
14530
14340
2365
278
13393
1701
11864
2754
1607
4927
10193
4581
202
8028
12474
1979
11576
5040
9672
4382
5929
7639
1588
7898
15187
14597
4137
8706
9495
16310
3061
11182
2781
9966
10909
3951
13950
9007
13749
3815
656
14625
4005
10082
15091
1280
6723
14277
13031
258
15453
11607
13787
1253
12601
13780
11455
14780
2784
5865
2725
1717
6259
5833
15007
208
947
11251
14483
12337
5300
945
3744
12923
16732
4656
6885
13718
14172
3811
1589
1957
11145
15608
11610
6829
16585
2774
3274
6518
4229
15236
9296
3353
10223
11764
13199
880
1832
2308
7943
7667
7460
3803
11731
5362
8720
4359
9964
1896
1714
3077
3515
6800
7684
3161
12286
9604
1165
16519
15683
3721
15229
6081
10751
6190
5398
10631
13346
7021
3483
1815
9615
2247
3184
9965
199
7847
2613
13634
12025
14947
12448
5004
11480
7875
1781
11216
16453
9813
7734
3761
14317
14702
6346
14993
10313
1152
14039
11662
7908
11600
4925
4826
2505
2797
10517
4214
6079
7360
11057
16897
11064
6603
13697
552
12833
1596
13306
11485
13117
2738
11858
5223
1450
9289
8390
13978
3552
4874
10231
5658
91
16937
318
7801
280
5364
1376
15978
3114
14723
8294
9985
15095
2076
1633
317
6851
476
14005
12352
5774
14145
10864
5409
6276
5180
2021
12301
4907
8841
1256
11517
15164
4000
2940
11790
15571
10454
9883
12403
10476
2467
15701
12110
9121
6024
3286
7403
13482
15371
6227
15775
460
11534
8640
12977
22
6029
11956
16250
12958
7670
2406
9718
11571
6521
6680
6905
2945
6623
15272
16860
3800
4467
2215
10132
4235
13555
1288
11149
5009
16559
8771
10464
3202
8171
6564
792
2043
9115
13942
11563
4899
6447
10044
1234
16534
16278
11253
10195
6125
14026
2729
8496
565
12643
15237
12181
14095
16337
14488
15185
8590
1356
8732
556
3709
12620
13027
6264
445
14589
8593
3945
4603
4161
3155
406
13251
10142
11152
13699
14524
12871
4122
8618
16986
10920
7227
3411
3973
9597
9904
5846
5616
3173
12339
6390
13599
15328
13661
16615
7740
5762
3480
13386
1645
11352
13322
1558
5385
10002
350
4878
2115
7179
1439
7538
147
4077
916
12374
1797
345
16993
2216
12847
8833
1310
1189
9865
1372
12786
4503
11613
15523
14888
12971
4033
13341
8423
6356
6657
2925
7693
13750
2533
16596
15424
8559
10868
16904
4221
3340
10327
16219
16330
16578
4157
13363
2445
9859
14056
3427
16321
3336
1672
10042
13192
16693
493
4698
16055
1226
113
1837
14000
10131
359
3906
12587
16560
12652
11621
4771
5394
13408
16832
16960
13078
2204
6942
5305
14796
10376
5434
5179
15890
10302
5477
16661
2601
15417
15358
11077
10540
3083
2906
14372
9788
5255
68
13945
767
14667
2005
15988
9563
5643
4538
7126
10838
2616
7742
459
2049
4332
12426
16791
9230
369
6055
6182
12576
12329
10532
16896
16482
4760
8687
13051
1683
1932
15079
7664
10979
430
6695
13248
10052
13712
13094
1301
15325
11604
5115
9457
16670
2252
10097
8554
7855
13965
15253
6985
5233
9291
1493
15513
810
7658
4985
5719
8923
4328
13024
625
1959
4855
9148
12241
13835
13090
11898
14957
1964
16226
13457
12598
9422
9887
9746
8422
13809
16572
3705
10783
6613
12330
6143
749
13752
1391
14096
6069
13711
6492
2349
2153
14176
3910
4786
2398
16247
2546
9977
16442
7778
13430
5325
16454
14613
11736
5612
6809
10363
6766
6065
5702
16406
2661
2127
9402
16650
8530
8701
14562
16224
6804
8254
12324
678
10641
11022
15676
14234
14585
12344
9022
5420
2190
1889
5795
447
12948
10110
12044
1474
3399
6236
3916
11306
16167
9455
10755
14255
7043
2180
13646
3713
16616
4253
247
6722
10676
5971
8364
16181
11188
14434
4764
14617
13475
6305
7768
15171
2459
8750
5136
7332
16266
1311
16497
3245
5720
4598
55
4667
5760
12016
10931
12964
214
7244
1599
8308
15170
12913
12303
11826
899
13536
8284
12279
6909
4100
314
16002
5279
14928
2676
4905
16420
10747
13624
14349
6156
10531
12014
2196
11602
5845
15922
10644
9599
6106
1590
2936
3670
13326
6699
10102
1975
3200
7375
14708
12019
14815
15053
12514
16878
2390
5726
3356
6337
7982
159
13040
3797
15382
7146
2173
1784
9685
8846
6648
16870
1528
1480
5264
5298
6282
13774
2564
9153
7571
2070
11812
12144
9233
3088
10684
78
14034
4204
15008
16843
2739
5172
16853
14313
12850
8429
12675
3185
15120
7417
5549
5036
3338
8757
6741
4492
16509
11587
14319
10397
15298
12988
12957
2550
5756
7880
305
8705
5242
1119
7808
6591
7570
11559
353
5119
8461
7586
4813
7831
9712
15494
16700
14314
3189
8258
15441
3100
3959
3627
5388
7286
821
6504
2029
15721
12306
3960
12917
15553
11320
12213
420
11133
859
8672
16068
1965
2164
432
4252
3644
12007
1733
879
16928
14606
11384
9622
14480
4491
15114
741
14974
15906
2928
5906
189
7752
3234
9972
1002
7608
11317
16376
9321
8101
2345
6967
16613
14185
12447
14962
580
13041
8601
9044
9179
10499
1445
434
1934
14061
11670
8917
5132
2762
10124
557
11996
15834
579
13057
941
2983
6869
2971
15708
11965
2572
2794
24
7091
11342
9953
9699
15134
10576
16931
4889
15061
13400
2449
15050
993
7652
3195
8481
16490
5947
10271
555
4268
4128
15800
2481
594
11735
10735
11968
4418
10049
15739
2162
16646
15715
492
7079
15289
12459
4544
15498
10805
1031
1191
34
6594
9363
9352
1489
964
15066
11058
6146
3042
14209
16916
1422
15034
446
6233
11908
11773
3492
11322
14456
2003
5211
125
7468
9226
16121
7017
8840
11855
10721
3026
3759
4441
15386
14029
11635
15850
10582
6354
14195
5454
10071
3293
10866
6581
3892
10358
1669
12739
15889
16624
2310
14598
16946
6203
6183
6320
3575
791
12325
2
6676
7454
9657
6121
15479
5513
5721
4423
10326
2008
10758
11720
904
2780
7546
11063
203
5348
11677
6565
9769
13142
1172
1415
1906
6082
14073
7616
2020
2221
6041
5399
463
5252
3074
16159
15967
11817
2531
9053
15594
11808
6572
10126
2211
205
4705
2740
11496
12039
6991
185
13112
2733
6348
15058
12512
4683
9598
8199
9751
11664
11275
442
5989
12336
13348
5308
14599
13890
13488
2248
2332
1999
3573
8828
8193
11236
5839
7650
4719
6160
9283
14486
6840
6920
569
7344
6596
4892
15662
9372
11769
7304
15723
12183
4860
7407
9665
2239
3297
14021
12928
5744
12208
16799
5826
16422
215
10508
16589
2929
7300
5292
10145
12237
3696
7964
16788
12387
16091
13678
16034
16625
15766
10780
13683
11778
14681
6894
811
2007
1852
12918
16819
3347
14169
9082
3098
1162
6505
11725
9921
9582
3603
396
1015
15445
3001
13747
2803
11168
3871
94
674
3438
5781
2573
12969
9119
3738
15119
7266
14432
108
13262
11763
5741
1295
10128
7157
11890
9832
878
12205
1927
16349
13096
14161
8584
15710
6622
9754
764
8827
13537
9529
11425
9479
2460
15186
9658
11634
3743
1833
1244
9731
14739
15821
8629
10570
5461
4902
13512
4527
15946
9528
4474
530
14827
1032
13728
2420
12572
11952
10545
8749
16199
8557
6501
6789
523
1649
1447
1204
16316
3780
9839
1740
4607
1094
14036
4727
2891
9901
10787
14977
9783
12108
10863
15520
1155
698
9539
16990
16922
13154
6427
9544
10688
2773
16220
11811
10713
7746
15468
6952
6133
6157
13398
13854
10959
7696
2490
7152
4962
10969
6702
2327
16315
5287
9537
12176
174
11638
10420
2772
8399
13667
13331
13563
9441
11693
14655
11531
11650
11095
14388
4682
14110
10672
15215
12970
10878
14089
10456
2724
12536
5156
3415
8395
1479
12369
10370
12806
3107
6491
509
7137
11199
10954
8890
604
10554
16729
2822
14315
16588
8957
11427
13892
14682
4715
15524
3694
8794
11288
13874
3426
7660
10012
15797
4154
5160
1594
3956
2679
2756
8934
2476
3258
7806
119
2074
10015
1765
15115
2199
1567
6336
573
13099
10549
13502
12338
6629
225
4057
16535
14575
13263
8116
11252
2570
9453
5373
11816
13846
2871
8796
9476
7981
15843
12481
4800
2129
83
2800
11222
1556
15579
13735
9004
13333
14246
7774
16439
2366
16499
2856
8690
6200
6740
13037
4348
242
12629
16874
9993
8094
12742
4534
16129
16880
10338
9810
15558
11161
13900
10904
15121
6043
12843
5029
11821
7721
4882
15478
4961
11381
17011
6728
7071
6080
15844
10708
15082
7325
7029
271
1888
8321
4630
966
11021
10281
4185
14628
16857
12495
11874
16633
14718
9145
14423
7061
2716
66
81
7642
11669
6425
11321
2513
7522
14126
4956
6315
4759
7542
3316
1340
9779
7361
14219
1237
929
6287
5791
931
7418
2886
10113
5740
15092
2309
9336
15048
8946
6091
2210
4487
14753
4108
12518
10301
12067
10771
3654
3561
8431
16656
9264
10030
14405
11524
13601
6706
6697
15681
2212
7764
16587
11273
7087
1257
15430
10680
7282
4263
7903
13160
2836
5151
9845
139
455
11334
4381
16814
16239
14697
3050
7928
15324
10712
15618
8686
657
9927
5705
14654
6123
16887
6472
7295
10191
16575
14882
7927
8269
14119
1512
6903
422
3306
8778
14374
16927
12260
8289
4222
15428
15744
2877
12703
1907
6189
10026
10396
9426
13910
1092
7643
5423
1012
14873
9135
5682
8411
7939
4818
15808
3263
14351
9250
12635
11388
16243
9204
9759
6976
2715
15908
7216
4088
3125
1276
5904
9906
6226
13008
6158
4993
9200
8835
1687
2056
15822
912
13635
16747
5877
5700
1433
5976
1101
6544
14082
13841
1533
7299
2852
9037
10091
16450
12807
14586
16203
4710
11877
6241
9717
2648
13588
7010
11431
1758
3403
4197
9060
7047
8638
14649
10070
103
2554
11514
6793
306
10472
13836
15102
12204
14653
15895
14302
14253
16074
5788
14158
9021
14668
771
14758
8803
10599
7324
4002
12693
2156
12854
9555
2206
13980
14982
12180
9747
9926
10660
11995
15209
5331
126
16746
14546
2685
8174
10165
13519
10480
10287
14259
15001
4012
5565
15142
615
10730
6852
16530
9947
5304
705
5968
8440
14800
4978
15807
15442
12842
10724
3592
12496
13405
10310
12641
1430
6651
16387
12433
2249
16704
1104
5041
1808
8064
735
10890
6642
15274
6500
14523
15868
4138
12986
7117
9829
5871
6694
2810
364
2712
7207
15389
5129
13797
262
6886
11878
15830
1518
9907
5812
12933
3619
1266
15845
11889
2261
5241
6110
15947
12804
13469
5222
1650
3977
8959
8908
8089
15299
14448
4748
8414
6624
7956
16306
2075
15132
8456
10834
4347
10460
97
48
1938
11614
5581
3934
8119
12767
16487
8237
16252
5169
14221
3037
16225
4180
12865
15583
15245
296
3282
6007
1986
1576
9554
10782
13193
7749
11198
16273
14378
1406
8001
3891
12955
8202
2416
14983
14517
5776
16180
15935
7184
746
3602
9899
11922
8642
10470
16503
9353
441
1153
13216
7594
13802
6489
4934
6901
13934
9919
16461
13390
12999
4790
2170
9793
6873
5124
8149
15820
13721
1086
4228
4528
2713
3795
2974
256
13450
1593
4324
10620
11079
13645
3451
828
9171
2844
1113
1109
9934
6457
547
15997
2905
9330
3900
7618
4560
3549
13530
2663
16866
13709
11512
16842
1788
14001
14426
3232
2374
10538
2674
13191
7621
14835
15547
14292
12617
11671
11016
6103
13145
4415
3116
1254
5232
15191
10409
13608
8446
15836
1308
989
6439
13690
11335
11653
15451
1542
12415
13035
6169
6268
2918
15738
9434
10148
12070
10835
16014
13265
3618
11421
908
14392
13171
11746
5745
8140
7990
6397
15751
13085
6199
3580
16524
3758
11379
8188
12677
11868
2801
2032
15435
15322
7819
16101
7545
11362
10827
10901
4670
16873
8712
4232
3240
15942
16823
16582
6032
2410
10795
11218
1691
7348
6362
3680
2093
5033
16877
12219
13155
2594
14230
12412
10107
9040
11183
6424
7055
15233
4526
15703
4833
3219
7601
168
9729
13468
10643
12292
4779
11530
9081
1008
16968
15931
5086
11453
8611
6570
4210
6384
13820
3550
12609
522
3940
9973
6387
8200
12975
12752
16609
9491
16773
3629
6729
16405
11281
13845
104
16576
5230
15939
7315
7730
3097
4339
6602
4192
1557
5780
4312
2509
10120
14248
1688
11980
12718
6470
16865
16322
11310
11665
6938
1923
7318
2112
13395
16087
16127
4522
10967
3747
15522
16097
10095
2678
15240
4219
11592
128
8264
12210
13788
15208
8244
5867
4590
3319
9243
13629
8646
8647
3428
12944
8153
5485
16386
15296
16962
11805
14085
1209
11732
10497
14179
13313
14376
7189
11018
10673
16631
8925
900
14627
6499
1939
1387
16354
4964
7356
4309
5563
3769
8152
2409
11915
2411
4547
796
15030
6246
12569
14407
935
1696
12012
10305
1811
6755
14736
16438
2329
1043
13009
70
16945
11721
8427
6915
15127
10471
4958
2262
15163
14443
12458
4171
3711
15222
13851
14916
14844
10186
15207
9429
12523
14893
15409
2295
998
5149
4576
11928
6549
3130
15961
11307
16553
12676
9288
8861
5838
15466
10054
7864
10074
8657
1566
1169
7479
5553
14521
367
11495
6281
10845
16883
15859
9166
206
2534
6626
25
4816
12431
10669
2873
11648
12873
11834
2824
10013
1800
2823
8673
7603
572
11900
12817
7758
13451
13691
892
4073
720
11050
5487
5875
13954
6968
10219
10745
4030
4696
12638
5347
1545
10080
3820
8809
9099
11345
9069
16260
1428
5532
386
9846
13963
1585
12076
3500
7602
2812
15309
11360
7897
5340
12351
14943
16045
7236
4796
4294
7551
1341
13067
7363
13173
9623
7541
1823
7754
919
15364
12082
8950
14871
343
13234
4751
8711
16855
10777
11141
3937
2195
5517
6973
1010
13578
209
8781
7997
9028
3052
3894
4463
8636
9920
9055
15719
5704
14226
12812
7243
12881
4836
5539
7103
15266
6818
8072
16269
6361
3045
1571
16739
8763
1160
14549
12290
7727
3175
1388
171
8665
3158
4362
10152
7704
10004
8340
9064
15374
8479
5568
2900
13448
12835
14975
13794
15402
5551
4627
6882
3926
1106
3657
10569
11739
13885
4199
11373
10422
1712
16043
12897
11494
2452
13937
15467
3476
10642
1949
10394
7529
3772
11849
13506
15790
15915
1103
15063
11989
13496
7695
10562
16917
12745
5912
13213
9269
15286
3355
10347
16722
14683
15
10266
6389
9280
14148
16361
9762
11972
5333
4500
13167
134
6176
3963
16436
5074
5786
4862
10990
3481
13618
1887
15080
11482
16506
16862
11348
621
6640
9797
12751
9273
3156
5647
7818
479
8920
263
14684
13808
58
7333
13976
5730
9569
5057
8108
3513
9309
13001
298
6960
16906
2099
13409
4076
10386
7127
10072
6867
2699
6586
3903
9325
16151
16435
1194
4663
16312
8337
2101
8233
6239
5058
15702
14500
8944
6668
5266
288
1534
12539
11913
15010
7708
4119
15005
13933
8744
3205
10649
11309
8346
2818
15804
1771
3812
6689
5214
1046
15716
9464
261
7287
7477
13547
6678
11355
7654
2267
8515
12582
12201
4376
9737
13562
15825
7530
2166
5809
13975
7532
10167
598
9770
1747
6054
8238
8044
6213
9088
1375
5711
15876
995
6232
8136
12081
14845
6490
4112
1828
2672
7789
6393
12663
14730
4835
17017
8262
6725
11873
12736
12858
2100
11762
13163
7941
11413
4594
8583
640
11950
1960
16464
10062
13973
9149
2340
14184
1491
2214
13133
13650
3862
16209
9918
1806
2028
7381
16143
4954
2323
2035
2769
15840
13436
5868
6144
15488
14658
16603
4894
6861
15680
8147
17012
10253
13575
5253
14308
9186
9123
16084
4744
6595
7046
14311
16595
7238
4479
4997
10204
13584
6096
15693
6197
16088
11449
4777
538
6164
8203
14643
14999
14064
7279
11666
15722
17013
16022
7187
5081
12381
3089
5239
9045
11274
13913
1751
8497
15781
466
9600
6587
13072
8303
16971
3881
16833
13131
4856
12946
9556
2730
12408
9654
15135
4688
16023
16130
14321
10939
1264
15509
15985
2519
4165
3154
9502
12655
16050
8105
1305
1947
1013
7728
6322
12057
16245
11823
10101
8130
7
1581
7947
2073
10065
483
16314
15448
13545
10651
12799
16657
4067
9596
3109
16757
12866
9223
15691
11223
9548
5546
4195
3157
2530
6098
13907
1362
15563
13956
6046
10282
7733
11219
9613
2706
3284
7322
4011
15858
10068
14400
1809
8489
5273
7687
11924
8723
13373
59
7209
16675
5600
1110
7487
1097
13334
661
4325
751
10453
4350
1470
8735
10568
1720
1555
3422
8797
10703
3104
9944
5060
8759
2777
14124
2673
578
905
14678
5718
2466
1951
5458
4992
5443
7967
13432
5322
3300
10153
3058
3357
7826
5545
12960
12293
1665
15857
11349
4955
375
6516
12837
11006
9765
2671
1128
15641
10276
3287
407
2621
15811
9138
16594
13029
1454
6073
4794
3952
12040
5979
11551
11487
2278
7902
4753
14177
3607
6370
15149
12405
6844
906
1022
15748
2399
12264
5367
5550
13602
13164
1681
5524
4733
6953
3979
9961
8958
346
10819
3848
8847
9486
4752
12341
4465
11029
2555
11655
2718
6295
9538
5899
5640
8384
10664
15403
4058
16098
8151
16135
5158
3953
8903
9864
7257
13243
3488
8034
2348
8162
6265
9690
16984
2655
5061
11699
13597
1623
9097
896
8698
5327
8124
4867
3285
2165
16505
4040
12747
8860
14670
14224
8905
5445
4549
4118
12811
2283
15362
14543
7763
10716
15780
16834
2062
11641
3671
13076
847
437
14296
10504
3391
5044
8949
15474
3218
10597
2732
2598
7506
5010
5823
4807
1115
6493
3123
15455
16687
7980
14705
6269
11951
10160
12378
15369
10043
13059
12161
5368
702
15535
13102
3918
2461
8191
10850
6585
5681
2138
7581
16333
8910
9997
4963
3145
12991
14093
4821
12996
2385
581
3511
14639
14571
13565
14558
10263
7766
8669
12827
10066
16008
2286
12212
3350
10269
7267
12148
628
16016
14295
5642
8311
9463
1464
15863
16484
11730
2807
10343
8430
15581
8454
5369
3506
6330
4207
10748
13701
9565
16591
6995
10350
11802
14290
11
13302
15679
11422
3665
11825
7915
866
799
9858
13296
6874
4402
11672
9334
13998
9155
10138
2684
9719
12392
11806
12461
8581
2932
14274
6674
3540
14389
3326
15661
12145
3818
16419
6738
6672
8985
3087
8433
16076
14750
12689
1304
14716
1827
15907
9018
10903
6907
10435
9992
4136
5278
10022
1830
6482
9700
5534
2708
10058
14130
2935
12005
4893
14063
925
10975
13535
14816
14699
14327
5384
15592
9282
10114
11657
7508
233
15204
12154
3567
13553
9100
6147
11933
12432
8858
7647
11887
5830
9274
12411
13681
11408
13909
14092
15383
15261
15842
8731
4612
10790
16402
8764
3103
13838
15954
1530
10571
7070
1347
5096
12967
12556
8825
7567
9298
6083
3650
9999
16978
7415
2217
1699
3046
8863
12031
9701
3227
4545
5543
6138
11723
6456
6908
13607
531
1890
15353
14640
5294
4444
3299
13977
5771
15323
6038
7985
4018
14630
7938
3223
6608
6832
7999
8853
11025
9863
8703
4695
11955
13807
8523
8806
11962
5321
15741
15685
9587
6260
1870
3612
1885
10251
13641
3768
7701
12508
14762
16501
9591
2372
9501
8218
13132
2683
16569
2246
14088
5192
9663
7131
1404
7849
10757
933
1120
8596
16058
11177
16565
7609
10127
5468
3839
13446
12818
5127
3203
2193
13
5466
11749
1871
5696
6097
16969
12322
3171
5593
1864
9880
6605
14090
6452
13791
13825
1876
13886
4789
12749
3346
8543
11086
840
9142
9211
9067
4669
15378
14137
3437
11861
10637
5260
4809
6053
2710
1166
351
9968
7637
1724
15097
16621
6215
16715
644
6956
3407
11012
10364
8935
11396
12200
12147
7027
9403
9800
789
4558
8972
5217
15218
12666
976
2618
12621
11555
1139
9329
3256
9008
12353
10055
15060
14724
1659
16109
14473
4577
2016
8286
6898
14722
1151
1636
6459
10340
15725
7098
676
4537
9364
8000
9882
1248
9764
4803
3824
13453
16325
14163
16698
2064
10995
2547
12278
14289
4143
5174
5883
13583
15399
2456
15930
8417
11250
14280
12077
5387
13770
3201
8617
9220
12166
7480
3453
6127
10951
3869
8575
12622
4086
2747
4817
16013
11465
4521
4556
1485
9504
12074
11354
6806
6528
2152
8857
10147
4750
9442
8927
3472
10566
15337
15567
4622
6496
1167
6665
6228
6172
7230
1324
6126
53
10516
12402
4344
3289
8415
12614
12225
6339
4289
16677
2370
11603
2675
2475
13949
8682
3463
284
12627
7624
12417
14554
10695
6551
16160
4208
2282
7870
14054
1598
3482
12997
13177
16469
13875
3745
7513
12395
8516
1134
17014
16232
15360
15772
8999
15231
1289
627
3221
6435
10981
7779
7706
2702
10988
12389
6846
8067
3749
8006
8641
10202
3152
173
14381
16126
10558
7821
12949
7843
1322
13387
7144
12022
10181
6100
12240
1063
15794
444
4097
15198
5455
3944
10728
8653
204
2924
16112
16783
13462
6713
7247
15714
16637
11184
15484
6289
942
15062
1882
12940
16841
4193
6323
7533
2690
12202
9912
4583
4742
10963
11243
2834
8739
4986
14215
15564
691
2532
14971
728
11958
10
12195
13739
15984
14751
11815
11015
1469
1350
15584
15284
6811
14737
16825
1024
4358
12907
15768
16891
9559
9575
5500
7329
3021
327
14136
4550
7224
87
9079
11143
10141
13906
12036
16584
11807
2087
3781
6173
3073
15056
11428
12029
5492
3853
3252
2063
6922
8046
12766
15431
7509
14917
2004
8718
5690
7035
3577
15695
8982
12362
9932
5345
10486
6428
13391
3655
6580
4203
9917
9732
2586
1505
11651
309
11777
1431
7430
12413
9436
15620
404
11136
16123
7134
16140
7380
7683
16179
10021
11089
5798
15829
10739
11179
5154
1411
14174
15070
2276
16303
14283
1670
6667
11949
2158
5829
13559
6749
13048
1370
2986
13623
7625
8045
6865
16067
4046
11493
13159
8282
16923
4311
747
15814
5903
14080
15864
11541
16410
7820
15717
16992
1614
8792
10977
14905
16430
3631
2968
14515
9826
8885
13055
1711
8888
13577
14139
4114
10791
5629
6372
12099
9551
13203
15348
7391
14468
12884
5163
13664
3433
5488
6219
4351
1126
13778
5228
16038
10564
7765
16998
3771
10854
15100
17024
1516
1918
5586
2236
3324
2407
13745
11181
566
3833
3144
10865
9970
5734
10143
14045
6997
14406
15611
5905
15823
2552
2307
15854
6301
268
9689
13992
243
7173
7809
7671
4310
2194
16564
5147
12102
3468
13018
909
9959
4123
10333
16327
12719
4926
16980
9445
16568
13499
9620
249
1993
12840
2191
14927
10575
8216
7595
9451
8774
6119
2083
7576
15251
7495
9835
12367
10911
2853
6847
10579
39
1580
9470
11001
742
1494
14325
302
5483
13221
631
2185
3512
10433
7147
4400
15951
6866
4714
4657
385
13358
9417
15515
9174
930
16031
8293
5506
14356
4998
3801
3503
12734
4799
16711
13454
5528
3970
8143
6545
14223
12753
2855
300
12456
6460
7579
9303
7136
15415
12776
12610
10999
11705
10742
13184
4078
8915
4609
9068
11037
4633
8389
15736
14863
13344
5221
11330
8492
11090
6540
5426
12578
8742
5282
11346
14272
5617
3609
10706
9982
6859
2501
14541
3396
3807
8633
15349
14231
8589
13439
5832
714
3534
16465
6383
3257
1761
1202
14860
14568
3935
10341
7222
3072
7326
11314
14330
8514
3930
9319
5446
5491
9633
6720
517
15737
12904
12316
8014
2105
10378
12227
13561
12127
13231
13726
5187
619
13253
662
2274
14282
16567
2793
4861
7141
10799
6553
4865
6619
10526
4486
7050
3931
29
11324
9787
16724
156
16751
8892
3486
16028
9748
1967
16393
5406
5749
10824
5559
12789
12930
11508
2896
15413
15586
2670
4244
15878
6802
6298
13139
5525
7973
1336
13476
14159
7164
4596
4843
13648
6828
9758
15664
3898
5389
9257
16185
8275
6128
16295
9671
2503
9170
8252
6376
5827
15113
11759
14700
9935
14833
14017
10843
9594
9634
5201
6854
6638
10265
16122
12078
10759
4020
273
14692
1359
9131
14996
15311
12049
10096
5667
12947
4264
3897
7214
5130
9617
5356
7775
1789
4096
7064
3102
8676
2433
2300
16546
5140
16915
4354
13894
14142
14840
15831
2782
5198
9850
17015
14960
10816
8192
11158
8879
1708
12895
8550
16323
5653
11692
9235
14186
1089
2599
13129
15416
12916
11299
14566
15111
4749
5707
16231
17010
11477
1901
3139
6408
7918
1492
8018
14066
9628
14711
9359
8033
12735
8580
12595
11269
2776
3923
10886
1762
7691
13047
2944
7481
5084
9147
15554
7835
10652
10961
3972
7585
1079
498
686
2018
12228
8315
4606
4728
5437
16654
7697
5003
1231
13396
6324
5143
12489
3991
8011
14334
4485
16600
1858
6797
12567
16810
4854
11846
370
10671
361
12794
5713
9139
12632
15320
15026
11093
14768
15329
9245
2451
7263
6307
13811
9820
3810
2044
6959
12540
7840
9242
7582
3068
9080
2874
15472
10444
13816
7842
16301
4555
10949
5142
14257
4249
8680
10045
52
14578
151
5699
4383
16752
6254
10694
5922
14354
10429
1786
1819
4566
8493
10248
16384
4039
2804
16236
8458
7440
14563
2963
9091
10743
518
3183
10238
15975
10679
15631
3238
5334
16806
7517
8845
5141
3936
7389
15195
5948
1084
13772
3254
12649
9487
5400
3829
2400
3375
49
4266
14493
16213
997
15497
5371
16949
15917
4717
6327
15512
15009
15021
13812
10439
11510
16015
7151
713
15648
13758
11738
4811
13308
11462
16279
9804
2811
11083
11590
8906
3688
11291
11351
7288
7661
9385
6763
15537
12143
5895
1185
4363
8511
7930
10437
3034
16414
13647
13883
15350
6855
10064
4217
16207
11681
6940
11884
1812
16779
8649
3544
3905
2373
16156
1205
1067
13472
7705
13215
15475
4814
14557
20
482
293
5835
12037
6864
15638
3646
6104
2768
12399
11470
12236
9126
11448
13245
4398
2394
5991
3118
8075
654
484
10879
163
6026
8339
2518
5133
9696
5383
10693
4035
10017
13093
9410
237
4991
541
6683
8800
13653
3535
2970
10871
5094
6733
6407
10405
9760
10298
13732
14251
11888
14421
16947
15469
4653
7607
16737
12332
15966
16105
14394
6039
1715
6432
8811
16062
210
13273
14117
6883
12998
9407
9073
13021
3707
8503
5898
4540
10098
9727
14707
13495
1065
10589
16953
5855
2337
7770
16083
1736
11944
12158
9316
14225
4291
4448
9861
10891
3469
4684
6535
607
9707
10996
1507
13842
2826
13593
3242
8795
16604
7445
9215
13517
8960
16540
14540
6011
8195
16611
3406
3188
13347
10140
15543
12434
903
8790
2947
9833
2317
8196
4579
4368
2315
7116
6879
416
11835
11372
16593
16052
15990
9156
10008
3722
12068
13594
1040
1728
852
4027
5797
14834
1743
16081
3169
6431
4588
12968
11845
4618
2623
9006
4206
12762
9285
7413
15391
14908
6513
16282
10200
5272
3775
8951
739
16332
13707
12282
9836
3235
7501
11135
15490
7942
9248
1627
6230
6825
14352
15884
12681
8656
5844
13101
1602
6022
1693
4827
8042
6707
7926
13372
6001
4721
15456
8940
1817
11673
1608
3312
13948
9430
992
4240
14202
10877
2304
7456
12165
15546
5034
486
1107
16164
3253
6791
9433
13473
13782
6072
13375
7848
95
7323
6445
9497
11631
2176
8498
16997
10714
3753
2882
982
6696
1638
11623
2961
13337
9164
4155
10455
6561
3057
7879
9162
14411
3389
16597
5323
11786
8211
16583
15432
2787
10623
8729
13508
11403
5854
14980
12710
390
5672
15202
10720
13419
16004
13275
3308
3893
10014
6611
11779
5542
9984
6087
6643
10115
5872
11882
9358
10820
15047
8971
15249
12588
16579
5650
13916
12631
13985
10182
682
13626
10598
11886
10964
8524
7955
5297
5990
6566
9986
11010
13146
16391
3322
1371
7102
7059
15042
1216
10006
8344
7003
5931
3563
3259
7283
1328
8450
4506
12304
6488
11437
6377
4251
2628
4082
14189
3126
15704
10580
1770
11000
5123
6871
845
16988
10391
9892
5988
7904
2660
5772
7269
3454
3266
4628
8610
6187
1973
16912
6912
289
12444
17016
4364
14984
2831
2219
10515
12394
2688
3160
6897
13368
4248
15020
13967
4677
9399
14098
2897
4812
16672
8246
8988
11809
1673
16298
669
16029
4275
7443
4464
1314
14958
13897
13515
15327
3060
7882
9323
16669
3005
2379
16741
12853
11459
16831
7974
14273
2480
13524
12763
848
10402
4068
9041
3484
5958
2887
6569
856
33
1958
16479
14204
758
5993
6385
1768
6168
6420
12478
13300
11162
16489
2978
12758
12109
10940
10522
3712
6621
8998
4216
12502
5987
7672
11040
12770
16782
2356
6890
10129
11209
3531
4490
16188
9202
7254
10524
13549
12700
7646
6964
13464
13303
8850
7008
16447
5360
12861
5024
7387
15068
15125
15720
8128
2458
2474
8768
8587
8348
5346
16512
5842
6068
4866
6312
16396
6632
4142
10109
2494
7790
5015
5876
15439
1066
16304
529
10542
2478
14106
453
10245
10069
11410
13343
14004
16492
15786
9687
12526
10525
4516
8161
2125
11276
6070
7568
4569
1290
220
11901
12505
3660
170
12326
5259
8874
5490
2084
14933
7589
4701
1537
2795
13370
12100
7438
12382
1962
9443
10752
10330
13295
8868
5619
2377
14712
1919
15525
1612
13114
14157
6271
6662
212
12023
12130
3051
10727
3542
5970
13292
4134
9542
2068
6426
4013
16263
1232
12083
13631
418
11929
12061
12054
5981
10183
14324
10076
16664
14079
4241
15665
1989
14236
14774
15018
6303
373
13126
12124
973
16320
5055
15069
15588
37
15139
7188
11742
5126
16448
9931
5936
14232
13324
9983
5766
11948
3270
6047
16554
12841
6481
9130
16871
1001
754
13422
5306
5469
6969
13644
1553
12686
4840
1792
339
2938
16340
15489
6815
11110
10463
9909
12797
9830
11612
14113
13385
10090
11450
7011
4149
127
13679
6787
7976
9825
7485
14300
3928
3386
2635
13974
10992
9896
7574
14134
7410
3365
13616
150
4525
12925
5985
867
14018
12761
6965
10493
1432
9716
15733
4373
3943
14453
15326
6018
872
9791
17001
16867
190
12783
11568
8232
3717
13979
4170
1303
10314
9192
4908
14427
16991
7796
4668
62
16311
11606
1850
3737
7645
16005
5069
3909
11237
8560
5196
13082
8181
2956
1734
13137
468
14350
3485
8358
13417
8668
6045
14053
6634
9958
10527
8341
11883
7662
93
8936
9117
10875
5864
14495
426
7901
3288
3877
15987
2631
10262
10162
1834
5159
4619
9322
10869
16195
4568
12699
11084
9948
10711
10971
1190
14693
3742
7421
5535
307
1457
5803
3872
9051
2245
10349
7543
7777
13413
5433
2610
16009
4316
16235
4891
3750
11478
3421
3621
11458
10973
14278
11871
10895
1668
13281
3559
16248
15803
16702
15123
13261
8869
10856
6009
8921
5773
17019
10520
14588
5965
3735
13603
6889
3321
12258
961
926
5000
3371
7676
5769
14674
11744
14720
276
15597
12425
4329
5341
5526
3850
4375
10781
5523
4260
4317
12942
2764
13065
14367
9913
8738
16307
3388
11102
3857
8438
4255
2705
8838
14198
1933
1595
7871
15556
9427
3339
7805
46
13490
16614
7992
958
3344
16518
4276
16648
3440
12805
10380
13953
13182
7554
1210
9033
10246
16511
13332
435
12271
7077
2993
14582
9753
16761
13056
14951
13652
4965
9811
12553
3793
4824
696
2205
16145
13043
16474
14235
7314
13276
4306
5746
9326
16847
11518
11617
1749
6716
1255
4638
717
10197
5757
9560
9870
15615
14721
8933
8350
14463
10447
2150
11694
1486
5476
2923
16214
733
15182
13729
10355
10608
5790
6863
15973
13803
8745
8639
2243
16166
5205
14820
11411
2272
14944
11442
12441
2363
3773
13442
11353
12466
14430
13881
9581
105
660
15810
12648
5761
5329
1145
11047
14646
11695
7444
15443
4090
10586
843
8499
3776
3825
325
14107
5386
8464
16341
5857
12876
8513
10027
13847
8349
7108
9996
4869
3212
3648
13064
6537
9724
8425
7512
2472
7140
8317
11519
16634
7018
12687
8819
12706
12013
12934
15457
13866
16538
11645
5578
12829
2137
9911
5624
10794
13753
12822
1471
963
5030
16935
1952
7822
11215
14291
10227
10610
3448
9681
14642
8134
9498
2666
3658
13225
16313
6149
3361
16925
394
124
6430
586
8405
3159
15574
6765
8546
9396
4708
7278
7084
5717
4702
5610
15980
12571
11953
16574
7940
2908
11142
651
14193
13429
5853
15871
11119
10084
2264
16977
13278
5063
1637
14948
4937
7393
14797
177
9589
16658
14345
2838
15765
9543
12890
11017
4585
15340
4267
14709
13004
6567
5441
5283
4769
16065
1409
2227
15437
3782
2714
13005
15480
6155
4995
13019
15496
10412
9522
7961
727
2835
1198
14165
5620
12887
5793
12658
6872
5267
3699
16326
6084
3186
2208
14569
14787
3840
3329
1398
12826
13715
172
11561
14101
554
5190
4094
8502
14156
16025
13740
322
6637
11862
4413
4371
2767
8177
11661
2482
4472
11220
96
12931
5204
716
3028
13237
5660
4163
9822
6934
11850
4514
4661
11043
750
8435
13908
12169
684
3866
3965
1707
5863
643
943
8810
9951
13250
5879
7648
13810
12062
7382
15938
13569
15698
15269
11211
8154
5584
1170
16892
6630
4009
491
15952
13696
3628
7505
12616
8212
11118
2258
9342
15346
11497
2404
12801
15894
9506
8263
6785
16020
8077
15183
4949
13209
13884
775
2367
16965
8353
12741
14675
1325
1122
6650
14825
14868
12125
1845
461
10956
13140
9151
4468
8159
1517
2955
15745
14862
16189
11389
4212
2561
10498
2464
7026
3528
8632
14941
2566
9680
15214
7397
4307
13824
3079
5481
4202
11945
8670
16039
2680
6646
11087
12857
13397
5425
5212
6887
4321
4887
2995
3564
2436
10836
7959
11554
3557
1201
9205
6288
7171
10377
9678
1722
8563
9821
13507
13351
9816
2669
11737
5836
11440
4970
16818
9572
11639
1841
334
7343
16283
15968
7507
8118
3031
14911
9558
16424
4989
1468
8013
13557
1942
12994
9520
8761
7178
8385
6411
6731
4910
9160
844
6086
4473
11153
13991
16470
16494
14404
6135
8025
8111
12593
16778
8369
12321
15423
13969
10957
1353
2567
8508
11567
14891
14301
6584
801
14890
7531
6487
5390
16590
4904
14907
14212
667
3985
1730
6297
4740
736
3856
7019
1208
412
7346
2336
9714
13672
15607
13568
10354
12633
5139
16024
3630
14963
11768
472
17022
379
1879
8242
15158
8624
2203
1029
2014
949
15674
3632
5975
3687
1080
5048
16549
822
12945
6703
14238
9030
5416
4211
4475
946
5359
13665
196
12291
11468
5695
1495
13175
14663
10293
15707
6950
4335
920
15602
5887
8484
12926
15031
559
4624
9838
8854
2362
4552
5670
11212
10574
1059
4602
10221
14821
7892
9439
5556
5235
9579
9101
7539
3582
6202
14217
3008
10899
8505
14446
5820
3475
12531
5075
10503
2124
1239
8005
3946
6762
8504
10209
13207
12440
4690
9873
13818
505
14390
11543
197
4323
10361
13136
16815
10638
16790
2731
14208
12664
5392
11034
13660
6784
7747
13840
639
16051
15288
14786
9741
8138
4338
2371
16421
15734
3323
609
14894
9819
5042
6464
7025
9675
5837
2177
8368
7722
3997
14555
12885
4536
12583
7511
5847
12845
7336
12660
5723
13224
12500
7929
9221
4517
6820
6633
1291
9047
5716
15493
4349
1195
9778
14734
10587
1401
3452
180
8500
4857
6939
14858
2397
10259
3342
9056
1787
17009
11224
5737
4133
13006
15616
7311
7832
8582
9532
64
4439
768
13230
15075
16995
2197
9546
10837
13814
9624
4262
16392
326
12596
11254
15103
10986
3677
2098
13366
16449
9567
1698
10659
5697
3912
4139
6923
11726
12482
6660
3816
10934
13288
2878
12672
16308
10663
13045
15246
1174
12774
6685
5652
14306
14328
13470
7042
2721
12261
13354
8139
10176
15945
9302
13044
6120
16184
2120
12708
14288
5669
622
439
10158
14097
8798
14782
9150
15487
10428
8015
10087
7355
9188
8977
1357
8943
2059
4443
10896
7331
7732
16401
21
15732
9798
2943
11099
7169
8634
9395
11760
11114
3041
12748
3255
15181
6875
6735
7104
6949
12355
5456
9831
11185
12385
2002
7014
3462
7328
2763
5592
11513
9268
12908
3902
3124
3494
5632
12080
16070
7107
5651
9954
10546
14452
8748
15861
13297
10719
710
16094
2576
10970
16570
1331
8115
5319
16676
9255
988
3987
16280
13705
8107
8406
5007
8631
2749
12187
15642
15813
8297
1674
11628
3373
16875
15165
1794
636
1294
12452
2334
12296
2778
6181
16457
7337
13865
8966
5046
4238
5349
12979
14339
149
11596
14293
9974
10960
5251
15422
15577
2052
16706
8974
9024
15718
13291
16620
133
3538
10692
6616
3400
15746
11264
9840
11688
8160
6659
6990
8373
14425
2487
7969
16061
8531
7060
1900
12159
8323
15003
2431
8856
3363
11733
2579
13264
1568
1992
6546
9847
3044
14240
3681
10617
13365
537
668
5247
8278
13817
4385
6262
3808
4404
6926
2054
10286
4394
9161
10812
7039
4256
14969
11586
14058
4399
6593
8040
15606
16375
4808
9891
16769
16967
12823
5486
16805
2901
16944
6476
10121
15969
2024
12311
1592
12008
4724
11925
8062
1615
13516
5498
16690
8737
10331
1601
12563
11226
11107
301
12479
10277
7794
15787
1020
10173
12791
1354
14924
6673
12730
15892
3505
9107
6808
12995
9181
2624
12244
11687
13901
5914
14605
8287
12724
6579
11885
12782
14879
14770
11758
14757
6543
12509
7045
10201
14831
2999
14016
10445
14536
12962
14664
13181
6221
6542
11445
1798
4720
3914
12171
2641
4729
7476
2455
5571
4666
1591
3457
4070
9914
14316
3594
9401
9774
10374
16550
861
14823
10991
2611
8318
16955
11633
14565
2894
1466
14191
11947
16451
436
3296
15065
14742
13989
1088
5478
4004
9197
12974
11363
14065
14746
7153
16736
1705
13080
4974
603
12577
8437
2840
16793
4407
11208
11329
10552
4722
2483
5276
12900
5208
14741
12921
14978
15792
6364
12570
1105
2734
2189
14078
4687
15977
9159
3380
6529
8229
13489
12764
6870
2444
1483
3966
5580
13621
3504
15385
13805
807
695
8300
7130
1936
7272
8918
1055
13572
10385
14444
4433
10483
9877
16095
7921
5473
11529
12680
471
7330
10144
12855
6892
14792
12155
43
9930
5
11471
7681
8623
14041
16228
6826
11312
4815
2037
6691
2545
8547
7185
9195
13806
12714
16910
9258
4445
11608
10037
14220
9869
10933
7525
1477
5834
11574
1657
3822
11632
15729
5231
11434
4551
12087
6154
17018
6794
1159
10351
8769
8494
10161
11378
1338
3895
7384
14883
9693
6462
16759
10768
184
5897
4518
13928
16187
7674
12849
12519
8667
15335
11245
14237
12646
9853
10337
11483
12938
1755
7807
15551
11593
8604
12956
5258
13492
877
8866
3537
14644
6577
13411
13086
1227
7629
5171
776
10382
14779
8919
16728
13270
3059
14173
6653
6088
13461
16708
12501
1634
14550
8597
4178
14760
12852
13374
7296
4041
3925
14899
6191
6726
7606
4971
14528
8148
3653
16262
3401
689
9465
2799
1125
13503
10373
14205
6947
12781
8979
6374
8416
16913
1971
7563
9017
11748
1342
14923
4868
4738
14542
6373
2867
2697
13232
4481
16924
13688
1831
3398
13615
402
2462
11820
1073
954
11570
12522
14807
13353
2473
9127
10492
7587
15052
2489
2786
3372
6255
164
9621
1682
107
4658
14602
921
15503
13510
10388
10770
7471
10478
8327
16272
489
1746
1060
1343
5850
5614
11828
12597
3024
817
4781
13150
4675
3086
5193
11774
5038
6023
16558
8247
10032
12234
1620
2992
265
4131
14773
224
13860
1824
5250
85
13796
5511
2728
10731
10932
2240
497
12939
10212
13671
7556
9987
2131
5765
12175
6860
13190
12892
2957
10192
15268
10005
1377
1327
7264
16987
2643
868
2136
7436
6180
380
4218
5862
9361
6610
15366
12384
16668
10840
13775
11278
14529
9263
15514
1473
9420
8338
1000
8715
5973
2759
865
12233
15368
11896
12575
3191
16086
2090
2975
2785
14203
10311
1506
5742
8071
9739
4897
12953
8393
11150
16212
9670
14934
8398
5909
3345
16717
7240
7303
14942
12507
2434
11338
11294
3128
4664
744
14233
8017
15541
13299
1014
16738
8078
6429
2033
2342
16440
14102
9065
7129
12253
15292
4685
16471
6222
10414
5939
11290
4459
2845
13673
16348
8342
5518
14357
12870
924
10978
16526
294
13246
10220
5035
15006
10873
8872
15612
13742
1149
5210
15334
8983
3054
7378
7739
774
15118
853
2296
13158
13830
3032
17003
2953
11970
5093
3075
12604
16066
12772
6412
3924
8183
5881
6405
2499
9373
12277
11116
4141
8663
13254
2155
13654
7362
1619
5295
8566
6837
7211
15357
1380
9075
4686
6781
2615
11474
4296
195
13266
16713
10056
9473
3094
984
8986
1865
4987
13972
7166
1881
7540
7294
15341
11564
14794
10556
10674
16942
4617
12438
725
16108
4801
8911
7186
6318
3397
2114
2876
9713
2872
11197
1519
4990
8602
6948
2026
9187
14812
15670
3690
6020
13384
16767
13421
13848
16864
2391
6778
5032
12302
8710
4947
3174
4051
10342
3275
27
4213
352
5957
15388
11033
2143
4298
11180
12952
8693
2765
6367
9354
14573
11520
11754
9009
10842
4913
885
11019
4981
7634
632
6750
797
10760
10519
4502
4274
1147
14182
7811
12731
11713
12471
16352
10332
10772
285
2861
15232
11156
14428
16141
6436
1853
9875
3689
13943
15370
3522
6600
2743
1456
2321
6421
16191
2213
14695
12388
1098
10738
13903
2058
5977
5934
4287
10928
3491
10117
10902
1437
6211
11031
9908
371
16840
10166
3890
8100
7534
4378
201
3217
5480
5902
8095
664
8779
6701
12349
16760
6242
4457
6571
15846
2053
15260
6195
7626
2375
1782
6274
14489
11398
2330
2271
10584
13756
794
4504
15159
15881
6325
1339
9462
16787
50
16174
181
5659
2250
10307
11257
11229
6712
14745
8545
701
13124
9991
13960
4778
10702
12602
4346
15450
14475
3724
12504
16261
8051
9924
7716
3477
9489
10905
3464
7424
14771
3268
11186
1948
14801
7862
7499
6051
5265
2402
15796
6105
12217
4879
10690
13383
4016
16369
5900
11615
2617
7957
12114
76
6724
14342
8549
6552
10346
12465
2596
8312
12266
14502
5636
5396
11784
8805
824
3030
101
7998
5715
3821
15044
6782
9198
14447
15055
12024
4933
13162
4923
1400
5110
10130
7199
14813
1277
10733
15239
16727
7464
1270
6037
313
7123
9227
13202
5377
3445
5937
526
4049
8058
11866
10839
14250
11521
4458
7215
7552
1482
16400
11741
14298
8080
14247
