11802
16465
8953
4293
5148
7817
2954
6480
4091
16719
9658
17019
16965
13569
14174
15624
1530
12371
13268
8049
7270
14588
3844
3407
9228
11982
16781
9234
6962
9965
11237
9924
15658
7348
7069
6625
11945
11994
13365
42
16393
14499
14784
10048
9383
5652
12909
13064
14401
1319
1428
10111
14398
7591
15175
12554
9334
6818
16202
4756
9350
8462
11820
1621
7589
6234
3886
13880
7900
11021
7238
14194
479
13171
7040
6728
864
281
13875
5294
11505
5124
7966
8503
11497
14728
10480
7695
9826
3867
9600
3943
439
9103
4458
16787
10390
339
13639
7744
4107
10294
8053
4084
16762
5753
11843
114
11851
8270
9515
9310
14923
15966
11869
13406
6462
16277
16464
10533
261
11970
7104
181
7892
12868
1682
12019
6106
10086
15834
12662
736
11641
15984
8193
3921
9690
12056
9192
1679
10657
16997
14871
9868
5159
4136
6101
15739
6794
6373
7856
16656
8299
8304
6803
9721
6967
231
5027
8180
1946
6366
10649
6138
16744
14385
4877
4050
9143
8743
194
11082
4791
5498
5841
1114
4640
6098
8479
1539
11669
7518
452
15891
12352
1357
8101
564
6088
16304
4398
11888
16311
4344
8948
8794
9370
14836
14058
10793
6194
4263
5414
4679
16145
5178
14785
5340
5970
14674
993
11204
4702
13893
16874
207
13011
7189
8609
8716
9781
12059
16578
16354
14538
4818
13577
3929
954
9402
14440
14822
3753
6712
8582
7678
16344
11745
6959
12140
1932
15233
12666
10389
85
6340
13607
11680
11179
12468
651
11355
10158
5358
6257
11617
9511
11482
15114
5810
6045
5537
5750
11274
5399
9666
11593
14502
8875
4834
6546
124
8879
5270
7478
8253
4445
965
10276
14842
1541
7055
11348
4242
11826
15133
3794
11910
325
1732
7953
4949
10082
11521
6867
14954
14729
7722
15428
5803
8225
10420
12381
9518
3693
11394
7798
3349
3603
12860
76
9255
11667
8484
8764
4518
4218
14413
3808
5168
13943
703
6970
12065
11686
12541
10677
395
3985
54
5934
6680
4605
6603
14950
11015
3818
16885
3381
4591
12455
15052
940
12100
16685
9513
16567
4974
6892
9303
203
11870
5213
6900
1690
5286
13210
9716
6246
11847
1634
7244
14037
10309
13139
8576
9503
11176
3879
6841
16362
16315
16451
846
7317
1209
16753
10837
9925
12136
13347
8146
7660
12741
13514
1081
9490
14480
5361
6315
4062
4684
16481
12220
15470
6391
6921
2032
11289
7726
16441
12836
15270
7864
6986
9580
5757
11832
10147
6660
10536
1150
9429
10820
13679
4341
12305
552
9352
15791
11161
5860
12247
1197
13050
15028
311
545
10976
11445
11842
9398
9851
11502
14757
7507
1156
12728
11085
8934
7849
13861
13634
5208
6039
3238
2932
16906
745
15950
4908
1663
4996
5482
16427
12425
4593
13955
6374
16507
10940
11816
16407
11427
792
7120
7438
8325
6006
8003
12879
2871
11806
1375
8679
5947
10952
9928
5685
13630
7889
8728
10713
9471
10760
3336
10854
5207
5816
36
6155
1007
9774
107
6198
891
1109
10561
1061
16501
15829
7667
1584
2956
7751
15214
8605
288
11590
5468
6446
303
784
16170
13141
11756
13377
14764
7534
13280
10655
4227
14526
11012
1633
6428
13275
10889
14883
770
200
15818
11695
13119
16936
16532
16381
13095
5812
15383
7855
8350
12678
561
7463
12132
293
8962
8669
13026
6547
5060
8240
6080
4820
1517
221
4784
530
13043
15002
5624
16046
9524
8396
11582
1883
4106
289
8967
7824
7009
7416
15651
3976
11132
10624
16132
9861
13949
16334
5690
14528
14132
11935
14290
3478
14850
6605
521
7584
4272
6608
7360
11250
14690
11247
4189
4602
16832
15676
9813
7407
7457
5173
7863
12592
16720
15253
7434
14700
12264
3986
12447
6591
12669
16123
10150
7570
6201
4987
14136
4421
9466
7015
12489
4
11813
4039
9435
15303
12960
7514
1056
14670
16186
9588
7762
13120
6982
13483
7242
13900
6801
14493
13231
198
5982
11751
1083
9467
11790
3846
14995
1885
11777
16689
6952
14881
13780
6855
15795
9447
1759
12901
6945
11875
15764
4712
4332
8126
1632
13959
5160
556
11892
481
9959
873
229
4171
15918
1180
6620
6672
4690
7332
13855
9948
9049
13872
5919
12587
10202
6456
5132
11533
12115
226
11535
12971
3796
7553
10676
8357
6069
11877
14783
5627
1387
5521
16741
14053
1356
12238
1084
10440
6551
927
12013
14410
7107
10346
1503
11004
9660
7897
9424
4287
7654
2858
14844
12176
6752
1678
6427
1899
13682
11736
3765
1139
10892
5993
9492
245
10496
10652
7443
10570
3661
15835
16039
14610
14059
10149
12444
14740
11398
6191
11574
8189
9599
11965
16343
657
9631
10684
15868
6227
6887
4269
6
5350
8999
14696
3423
3729
6805
11874
1085
11443
15903
12074
14008
8718
9058
5275
2966
533
12083
9107
7187
16239
13852
4363
7178
7658
8491
10764
15560
4404
7315
6135
5504
12233
6055
83
6501
12399
11007
16162
12692
9787
6911
11102
14296
9752
9736
9830
11504
14958
12758
6181
15364
12271
12981
4133
4030
7289
12559
834
1022
883
7587
9326
9113
3980
15842
8529
10379
8614
3217
8925
10551
7350
10757
8138
12773
9319
1059
1334
5792
8339
817
14976
5412
8513
5382
12239
1312
13548
16949
15412
7177
15314
6639
13183
4655
5223
684
8787
12165
8870
8487
9139
8873
7116
13400
15274
6012
2797
13550
10888
3385
12043
5250
15712
15281
1026
15140
10007
15775
343
15432
10285
1829
10164
13293
6991
14168
5958
3756
11552
3677
6232
13160
14315
15533
898
14082
13767
8293
10021
3822
9119
10669
11546
5646
12920
5833
10821
8162
6100
1188
3626
6276
12523
4290
9373
614
14441
12249
15907
5745
10011
9570
4447
15497
10912
3819
13575
91
11018
14256
11852
5299
9558
428
9175
1132
3505
10054
1661
6356
337
10722
9727
10719
16368
15327
4116
16932
14254
8623
608
14216
14422
8843
15421
11188
6913
5241
13065
9990
13747
5465
7097
11563
14364
11666
8183
10805
8618
624
1500
15832
9850
3485
4522
9802
15021
12726
6684
5937
6736
350
7523
11573
346
15335
5666
3891
11060
14468
276
8209
15798
4930
15582
322
15945
14689
932
4283
3143
69
5524
16212
6023
9157
6941
5552
16474
6116
6785
9220
7078
7639
3703
5242
1923
8642
404
7389
14514
5598
15100
9078
12390
11279
15703
13701
15309
1469
3880
16773
4666
16642
15603
13350
14666
1978
15631
6406
73
4796
8055
10359
815
11449
14233
13557
8893
10255
7962
3443
656
15801
6779
3289
8254
4004
9970
16749
190
10464
8501
16301
758
1920
4672
8625
16495
5469
15340
5007
10941
3157
10907
4478
7823
15526
5222
16607
15376
14940
5901
359
10904
4678
11260
7561
10382
9626
400
741
331
11967
9012
15951
5293
6281
10958
5119
14874
1182
16119
14089
831
896
4535
13453
15860
6042
15060
16462
5256
583
15970
8585
5861
11857
15126
5084
12072
15596
3848
13010
74
9277
10404
5095
11320
11120
12477
8001
11101
742
13421
1036
15308
9097
4649
11334
2921
4000
5113
8412
16633
15037
12849
6581
16479
12687
9997
12708
977
10575
6646
1810
10661
7560
15613
12688
41
8993
5239
9883
7197
1968
6764
15733
4403
14061
7834
11648
11783
14705
3892
13937
3994
16399
16008
15061
9353
721
3978
7938
13712
9193
3121
115
7516
8114
11707
13910
1824
16395
12168
11674
8674
15025
6521
8858
10834
405
6383
5063
8485
19
14445
16552
13892
1324
6533
13243
10886
15371
8511
14488
14196
14006
6935
6666
12571
11228
4938
16890
4868
16808
15279
7375
3778
6899
11369
11716
12334
14865
7303
16994
15689
9702
8820
3805
8475
118
1613
15197
9795
14912
8100
11960
14648
547
5746
7061
1162
7985
13764
14859
4754
1435
14105
408
5199
3806
5763
10566
5672
3731
9328
3834
10040
3701
16278
4525
2841
7619
13636
7674
5398
551
13229
9485
12211
10043
12433
13946
1916
8415
8981
4771
9101
16979
6350
4559
16884
12347
6840
8447
13341
1485
7408
13205
15161
11618
6710
3807
12775
7142
168
5479
7425
11144
9628
15969
4305
9701
5451
12995
11810
14363
5850
6399
1717
10050
9404
6648
13816
11038
12575
14272
4023
7282
4155
12984
9932
7574
12292
8939
4579
12761
16104
7418
16514
5952
10374
16158
14282
6472
16248
6600
5171
158
5827
16635
8121
14726
6802
1571
13994
1878
16297
12874
6567
4423
14292
13762
15675
14157
8490
15729
12745
3502
14177
5371
15311
16092
9715
8883
3133
687
12990
4174
14733
8367
8229
597
13997
14486
14066
7781
15552
8675
16199
15128
12007
12416
13382
11607
12823
6798
9411
6288
16137
8201
10217
13960
951
7606
5822
12118
16757
15671
13442
10012
14643
714
16793
6553
10547
8982
4465
16789
16526
8297
6552
11379
4914
16836
1331
12813
4920
13659
1643
14004
14858
4070
6236
14471
5653
10057
7992
7156
3904
16011
11805
12053
15963
5354
5302
8360
10870
8439
3166
11703
10577
10613
13923
967
14063
1350
15121
6397
1438
12805
12206
1716
14169
7372
14589
13986
4100
9243
10482
13001
12660
15896
8995
11232
15349
11380
15751
15501
6301
5911
14523
11412
3523
16437
1072
3738
536
8862
11488
6160
1827
11647
7887
13223
10582
12122
7482
9737
5713
16903
15392
11663
15023
13161
15425
7575
14701
1051
15313
7070
16852
1344
15360
6507
16309
488
11558
6910
13225
11057
7548
10262
10688
1862
7860
3331
570
8459
7876
7803
8868
3175
15537
12284
413
8136
7247
14973
16503
10277
3432
10326
12562
6627
2927
1769
689
9743
15786
10103
674
15005
9385
10948
10768
16518
13232
580
15137
14576
14702
9419
14379
13702
15203
10363
1370
15257
4736
13530
3059
8789
9064
9647
12026
3060
187
4085
7035
4220
13256
7355
13757
16382
16290
11124
15697
9084
1652
10640
5656
14179
4892
15447
11920
8375
14777
4588
985
13344
13371
12537
7673
12776
16942
11671
11399
14040
8321
12250
12546
2974
12463
8167
10920
6849
9274
14384
7692
1371
4872
7033
13851
904
14792
12181
10729
16048
5511
7370
15134
11631
6119
13562
10980
7917
6925
7
8592
4313
4795
1561
13871
2795
4426
12959
3912
13032
6629
12421
12035
15091
11925
1102
15406
14115
5265
12998
7768
15467
5633
7218
14476
8638
14262
16033
6430
15260
9167
3596
5045
13021
12524
8767
5426
13695
13452
15380
14322
9060
13610
11534
10552
6901
8061
6879
12865
12366
7037
6222
6400
13799
14597
12659
348
13476
1119
13889
13812
12171
4826
14731
16130
2855
13794
806
6957
14550
4179
8478
15793
12569
1048
13098
12859
943
774
1313
166
7685
9911
1850
7551
14324
8473
8234
7950
14755
4644
7671
12409
5194
3933
10691
9506
12949
11646
10670
11498
1992
14633
10352
11976
14928
2952
3761
15280
4376
8587
10660
10358
4061
9194
16846
11367
4064
13733
7624
6674
8800
13178
1516
8629
6683
6186
878
1929
12552
1383
3595
1039
9674
14005
16359
11917
10355
14097
8788
9771
8471
5677
14536
7266
11164
6465
11710
482
1164
4282
4567
6933
11585
11971
14760
6086
4012
6221
5494
5597
13829
6655
9636
494
7655
14748
12682
13934
13502
1444
7818
861
5315
15089
13380
5458
6524
8931
3514
10341
12638
3169
1618
16035
5272
16322
16860
16774
1918
6329
6451
186
10209
8984
14455
15837
7088
8235
11494
11825
13333
15240
15915
15869
3900
414
7894
4998
510
15752
14529
1805
9902
9718
8151
6780
8613
7942
12646
13738
10429
4929
3196
7401
6011
4677
4192
1841
4434
6062
6317
6124
7158
9456
14250
14738
11731
11578
12185
13411
9735
1028
10172
4958
9784
5857
11304
1396
6858
9391
4160
14265
4887
116
16571
16893
10700
15152
11517
12471
781
4316
14625
15363
13776
1979
12921
16742
12161
7840
15339
13023
14340
7307
537
9973
4772
12401
12183
15125
10800
1060
236
12450
6826
12143
12167
16471
15990
5518
14018
10462
14428
6094
14718
8603
6597
9116
12644
13972
9767
6273
11712
7174
15575
11470
7147
13792
8247
6263
509
3155
6216
4008
12599
15079
8070
7241
6327
8120
13177
16038
12507
6414
9420
14423
11098
12476
3767
146
16624
1744
7467
15888
7220
8831
12673
12544
6681
4937
10565
16647
4485
6979
6130
16140
9118
8102
15176
7333
645
5797
6783
11656
7366
14460
2843
14743
10336
8432
12955
12624
13274
15704
11718
14078
16012
14826
3380
13870
12091
13040
5436
15130
12054
10986
9172
196
8509
7668
13328
415
4922
8571
504
3895
14347
8541
4968
7051
4944
8717
4178
5439
10739
5072
9131
2825
14841
15594
13760
15293
12303
0
12265
11131
5720
11152
15653
7740
6239
15235
7286
13392
838
14209
15422
7141
606
9120
16425
9889
9825
648
3770
12531
10272
4436
5099
7785
15127
14892
15265
6796
1884
5678
3678
10221
4749
14968
4852
7981
6413
9026
10763
7279
5510
7635
7696
4469
10808
14984
12916
57
12462
4425
9201
6993
11763
4918
12630
7390
8329
358
10705
6342
10231
16312
12731
12364
11240
13770
15662
11814
1055
11934
9695
5881
11753
13818
8970
15423
8519
6262
10741
7718
5217
8222
4665
7458
7073
4614
15639
15282
13526
17006
8223
9048
4354
11853
16223
9860
7260
3820
3658
15513
4201
4720
3315
16529
3992
4654
1070
3924
9098
6670
14091
16077
16798
5445
8276
16804
10723
3494
12354
3887
11991
112
6832
10538
15122
1880
7038
4847
14604
13356
8759
16847
16405
4164
9297
4214
14150
9366
4021
11216
6229
10567
1868
2842
15241
1581
5019
15799
14187
7847
15254
13717
3766
2938
4969
526
7749
15389
1145
7778
8135
5775
7924
8769
10971
9563
15605
13559
1127
10383
16454
8866
11567
17020
6054
1684
1786
4289
5667
6437
13697
16284
7754
12042
12647
13723
256
1554
6150
2894
9971
11483
340
9930
12803
50
10647
6606
11949
10485
14575
5739
12472
13075
5327
4033
3714
7662
1989
8661
5525
14288
7365
13887
594
13560
6114
16397
4835
5146
216
8703
16983
10978
10467
6676
16953
13966
13228
14902
15080
12197
14068
9989
9963
11818
6733
7983
15207
9872
11383
9880
7094
14220
15807
12134
14373
8940
16180
4850
4475
10773
5309
11321
153
6381
17011
11141
6429
1332
673
11691
8444
386
6322
772
1889
14017
10451
13000
7716
13283
14111
6298
9788
13182
14857
11564
8081
3775
11281
4255
14904
16923
6940
11515
15973
5157
7193
6417
13036
16833
6628
16438
813
15713
8871
11740
8932
1846
661
9092
8106
6243
1683
6043
5432
9205
16841
16889
11418
1727
1701
14232
446
8810
8521
8147
5772
9907
3598
15456
5268
7948
7936
11026
6274
16850
4529
5287
7014
13294
578
6596
6613
7321
16134
10295
3909
14191
14156
11324
16795
586
14818
6067
4668
6339
8214
1133
9528
756
12807
775
5855
9994
16794
15790
1919
6537
14240
11284
16383
7103
16907
9734
5780
5418
4774
1393
955
15572
15827
14128
5289
4369
11186
1811
8979
11760
600
12547
7205
238
1997
9449
1094
5806
4931
11032
16203
15012
12187
12374
3876
15266
11598
3744
9670
5460
12041
10664
12418
15366
6760
14167
14855
787
14562
15118
11604
16646
1434
12119
3256
1229
15535
655
13690
13807
4867
11153
290
6965
8926
8662
5962
5640
16940
7982
7809
11776
15068
14816
16912
12379
14833
16670
12357
15851
10975
6081
15630
14465
15893
12481
9912
15617
1358
92
11581
12528
15221
762
1124
13078
8783
11384
1206
11770
15169
12388
5783
15719
1423
14835
11048
10243
788
10648
12263
5581
9796
10214
4473
15754
11436
8648
5575
7394
10024
9869
1749
7213
7963
12487
4074
14275
7544
10686
14817
10143
16709
9564
15150
11615
4692
9969
11169
9207
7743
14378
5245
11165
8790
6009
11301
4833
11845
1599
12017
9903
6936
16147
15331
1908
15322
14075
13592
13921
7810
10475
13434
8157
5941
12215
14769
13518
9242
6286
15438
5400
9822
7865
3538
9622
10303
8429
15457
9602
6527
12492
12138
10540
14767
275
6005
5141
5710
12873
16611
15115
10092
8316
4433
16882
16576
14367
12821
7895
15334
10906
7641
8217
13903
16864
4739
8027
16095
11442
11347
8904
14644
5731
4402
3093
14013
13248
12162
3742
13487
15394
14003
8836
1380
16554
13847
10789
4454
282
7347
287
16610
10992
9805
16947
3959
6944
11083
10593
16844
9179
14556
15006
16696
15843
15929
14099
11803
16317
14102
14766
8704
7903
7426
7926
16185
4599
12180
4683
8724
4651
15344
15163
7281
16328
3356
10859
6049
11472
9335
13563
899
9414
650
6583
9406
5231
10626
8373
12931
13761
10081
7737
10865
12496
10009
8734
10646
8936
4345
10060
13367
13278
10742
11411
12722
3111
6946
11835
10528
12985
1913
3377
5156
6444
12163
5517
6711
15319
10893
10360
15559
9336
8822
12572
14207
11080
3725
8619
10126
4700
5163
6992
9371
6299
15872
15082
10653
15749
15534
16723
12542
15187
6423
14181
8279
3018
7262
9874
9345
13624
12799
6018
13175
9170
10509
11878
14135
13244
12841
16477
364
3964
1018
4844
5324
858
1314
6394
15772
11871
6662
16325
860
8238
16735
12628
6053
13915
11602
8837
11290
14249
15695
8664
1395
1136
4119
5353
10438
4631
15043
6498
12437
12307
12346
11952
6496
4946
5568
14319
17015
6756
15876
3630
15810
5150
14771
10066
6799
16116
6682
16380
16933
13962
16946
10902
14140
11721
5082
13722
7686
15148
13587
7527
4981
13846
7568
12322
16549
8370
16993
8898
16681
6745
16715
8658
13121
15180
3234
11653
10960
14189
16129
3966
14211
7907
7018
14313
10097
5939
13863
8427
4768
8887
16387
3902
9267
9623
11899
926
1560
6512
1818
13570
5968
323
9203
8775
7828
14848
15886
6034
11211
13732
16139
16943
16404
15826
8525
6523
8127
15652
11752
12826
10493
11396
13735
373
6242
11999
13325
8320
10491
10114
9055
6788
7572
12974
11511
5211
4358
8682
11422
8954
12199
5606
6922
544
851
15919
16511
5145
14389
14616
11342
15016
3869
12153
10061
14206
1047
6052
14108
5844
5641
12806
13472
10751
1875
11193
6153
13439
9794
3689
4090
15758
15519
8072
9021
9514
3974
8685
11409
148
14451
9401
14568
4988
7872
4361
4334
15491
10939
13898
4589
9653
14327
5406
5978
3835
11335
6504
4650
14970
15234
1134
14495
11789
7902
9527
13902
4519
8808
8017
13277
16868
8907
6631
12386
11950
16253
16281
8290
9664
9009
13154
12824
6894
13798
10213
3638
16045
5535
9132
12133
14549
4919
14266
14007
11175
511
8533
13532
6923
6550
13665
9792
7728
5411
130
292
11944
15556
16855
8481
8839
299
427
16375
5380
10299
7708
5869
9125
13824
8387
8880
1240
15103
8265
16201
14727
5370
8504
12837
6817
11956
9337
4080
15453
12519
12655
10267
8307
4903
13661
14527
7628
1748
5625
4686
15436
12088
13088
5567
104
315
13645
3826
5215
12888
15672
5603
13510
16536
3938
12218
4710
3955
12098
4373
12033
393
12810
13091
10391
13901
1720
16708
1623
12173
5377
6450
4167
12604
998
9507
12543
9342
10831
9309
7825
10590
16632
15325
16258
8401
11834
14582
10160
14484
8695
10671
7199
9087
12658
10165
12495
13312
5584
5913
10935
7772
4066
1597
4689
1291
12380
5407
5848
14014
15961
1110
8697
16113
9183
8
8385
13904
5190
5164
3460
7080
13894
15395
4561
8405
4315
6168
397
12591
6078
12426
7246
6032
3148
12236
14634
4180
5301
10833
4705
14577
16366
11024
3618
10292
6905
1617
13022
16463
14273
5464
12027
16975
177
15530
16146
5577
14362
5343
12766
10430
9422
1002
6866
11757
662
1990
9893
16650
9904
16797
908
11292
14267
11129
16765
13905
10481
46
4505
11130
4787
15510
12839
12259
15647
5388
4094
5438
12855
14592
4075
16809
7124
12365
7393
14662
5655
5136
13926
15753
16950
6824
10852
6164
5080
9379
14925
44
15614
8711
7461
2931
13192
9169
3218
10600
14637
5832
7472
4729
1781
13506
10991
13481
8990
16746
11926
14260
5829
5013
9964
9556
15957
15489
6421
11610
12508
1029
1121
5522
6275
15472
12112
4237
10349
3793
5086
7690
16435
11479
9441
16216
6096
9138
4740
14192
1696
12080
8413
7565
9062
5580
15999
4745
10711
7715
7217
3939
5933
15026
6089
11704
8359
10216
9949
6079
10913
6971
4610
7867
11500
1698
7326
4711
9668
98
5630
12877
16264
6687
12275
7148
1662
6731
14626
10173
9797
16879
13685
5158
14419
16449
6314
626
1235
11995
10618
16209
9548
11528
8872
10863
2946
16051
10133
4410
9635
14306
10070
3205
5747
13931
4577
12847
12564
208
9534
8074
15616
16169
410
11276
11143
8261
16280
14332
10683
11214
10623
15821
11739
13301
1950
9520
10230
14289
4277
10026
3988
538
2800
3859
1201
8211
14372
2851
9678
5854
12363
715
9688
6545
13339
12683
1429
12068
16863
7086
8933
15621
4041
14434
11359
9638
8951
16346
13295
16722
3947
7320
5926
1259
9913
517
7263
3222
4325
14893
3415
12311
15147
7444
3077
7968
12117
5481
15643
7137
6199
16369
12891
8964
8886
649
14416
15094
14045
5041
1966
12011
16840
15756
7252
8546
11923
16636
10905
4653
3890
13319
3961
1570
1942
13162
13808
8848
4049
769
4259
6520
13650
10927
4158
11495
8271
11184
6566
12424
3782
8876
8929
7750
12422
15342
12681
12403
13108
6669
6862
9051
12001
10407
174
5152
195
260
9803
3067
12898
12890
7151
13534
3285
12279
6772
11064
16954
13878
9538
3945
14508
16027
1035
3442
5417
5442
11840
11905
13195
14429
4538
1866
16568
9286
10233
3168
12156
11310
5058
10486
8644
16378
3149
7330
5801
9284
12631
8406
13414
6415
16992
13212
4197
4558
1351
8336
1948
14708
760
213
7235
13646
11808
12665
13737
10399
6279
10674
383
14801
15032
13246
14829
10938
15276
16785
11381
16929
10008
15633
4783
9127
12090
13664
12103
11683
5784
9853
3396
8649
5565
10116
15989
9754
13433
12299
6319
10510
6576
5483
10836
15332
9612
1264
7344
12724
16677
6961
7276
3752
8572
13621
16018
15923
7921
6766
4755
9287
7773
16100
9347
6694
7704
8365
16717
9445
7128
4219
5712
13330
744
8770
125
569
15514
8467
10367
9159
11889
13830
13326
12214
6109
4424
13611
16080
10643
10067
13310
8448
12833
6254
5497
12032
8905
12228
12166
12332
14761
6313
13696
11148
14234
1680
13450
1576
14931
5508
12573
15759
9824
5264
122
16091
8947
11951
13908
9605
10973
11317
6408
11390
10029
4953
5260
6511
4855
1642
13002
9694
14358
10673
139
9464
9828
7121
6309
8457
8040
8556
16319
1224
13876
11218
4687
1838
12583
4069
12787
14617
1804
9884
13466
6994
5374
16233
5349
13186
7832
7601
12871
433
9475
13448
9687
1754
13684
6513
15038
10525
15701
9684
392
12078
8042
10023
8878
13914
11767
15304
5740
16961
10753
14657
8335
15640
4667
11395
3870
8777
15387
14565
1392
15323
16718
9910
8654
13941
5888
12790
14126
4342
14446
14815
13759
4555
7611
9472
9130
968
10754
5973
1207
11513
10170
5191
9428
15740
9982
9434
3709
1465
475
15743
5902
6070
15173
1998
5422
179
16535
16143
14225
7756
4331
14203
13749
13394
12287
16895
133
12146
13920
6738
3888
11998
13368
6110
9264
1911
12961
1982
5707
6827
13018
1608
9773
1349
3008
14155
13041
1262
11319
9517
16122
10169
596
3281
15694
8846
572
15723
15706
10257
3624
7422
949
15277
8141
15415
6529
12698
5767
1939
8260
4645
9293
6883
7533
4382
9439
9197
7621
4422
14125
15385
10848
13230
11002
16740
7746
840
14016
518
10943
11309
12486
15846
13470
8442
12175
11677
11914
7941
7049
11903
10667
12010
9468
5312
14034
8919
13454
352
8652
12217
16579
9165
11688
16244
6139
9537
15532
14860
8708
8455
4040
5105
5870
9229
9430
1360
10884
11879
15958
992
1591
7228
11477
1063
5839
4663
225
4387
11480
1671
8248
9852
15069
9017
13417
1044
7219
16182
15822
7430
3406
10508
11986
5893
10211
13813
7023
7251
14972
9801
5273
9935
10348
9495
4020
1144
4671
7796
14390
8987
7576
3777
807
7612
6223
9266
5574
14682
11108
4641
12101
356
14799
14417
12164
11467
39
11866
1082
9018
13743
11538
8398
1241
12556
15599
5657
7398
6066
10832
963
3645
1031
11759
7820
15054
9876
7504
3786
5000
12188
4452
7845
10416
11029
11339
11801
15029
16862
3547
10620
11550
9897
11645
16064
11122
7268
5840
8140
13316
16329
16902
12713
9686
10203
13284
14245
7622
1157
9967
9483
6218
16585
132
5177
14882
4335
913
9500
4606
5366
9477
278
5814
14712
9591
7787
16727
5634
14913
7368
11034
1008
11163
8676
13708
11393
13332
6267
12081
5186
16099
13489
13625
5448
12809
16114
12549
10246
9460
4027
16251
16931
15592
11103
5615
5029
7087
6615
4732
431
15992
1739
15445
11568
12049
8018
11804
4807
3827
10756
4881
672
6407
416
12973
11540
7833
6117
16564
8667
1359
7160
4037
8148
300
567
14357
14852
15579
12721
9079
4748
16426
11194
11005
13648
909
12887
5532
14986
7857
12749
17017
6479
16331
12778
16682
13028
8604
12485
16820
15600
1587
5249
5502
8760
3837
16736
1017
11300
8014
13135
9810
9042
7328
11227
16743
13622
8755
4385
13614
3928
15887
6656
10792
9450
3477
9509
8737
7005
13881
15978
10616
1612
8547
10522
10545
10900
7432
16910
13478
7495
10139
16237
15242
1867
15787
15204
14309
13385
9002
691
2964
5519
8068
6645
14311
4615
3042
6720
10736
11045
5679
14548
7074
9667
16125
1763
8894
7349
12003
55
11375
1419
9289
989
7532
5434
6877
9652
5257
6610
16386
7319
9225
8278
6651
4586
798
4904
888
6592
12684
11086
11340
5668
13196
9444
14993
8300
16761
6896
9182
8216
15446
4562
5165
6622
7556
12511
16608
1766
8028
5943
1956
67
1842
945
7126
12191
15320
16586
15063
9510
223
5133
16524
11713
9579
6235
455
11659
11050
8023
12851
6338
15003
11746
4129
5461
16171
1890
1089
3823
16010
3609
14334
10436
14695
5604
11662
8369
14636
9835
13751
16030
1586
8960
6051
6247
7100
10210
8002
11968
9693
15628
10310
12786
4939
10817
16928
7337
15358
4620
16602
9909
9091
11401
16886
1578
7784
12597
128
117
956
4208
9016
5583
12420
6420
5450
16157
1695
12438
10697
14725
14808
14567
6599
6601
928
10450
7175
15247
16108
22
8578
13929
1013
4321
5966
2868
4111
9866
4531
7688
14366
7878
11019
6320
9329
6426
6732
5310
1596
4375
14261
15736
13979
10184
16142
8539
7309
10573
5
12925
13419
16373
13004
16486
8257
12050
10666
11637
6768
13118
9891
11239
7310
14321
15190
2860
13835
4130
11343
13496
6907
9282
7956
7630
14342
11928
11486
4408
13840
5882
5724
14414
10089
15471
12717
12588
12295
11772
11464
11733
11135
4539
10333
15504
7700
3942
7861
4524
1009
11189
13085
12439
13169
9559
4241
15691
4470
7485
4095
1557
9343
4025
15727
15828
10662
1211
9236
4912
9148
6723
3710
15938
1190
6716
13899
13461
15935
15413
16972
13675
9806
8110
34
4240
5259
16673
16987
11620
1418
422
11360
8963
14752
8646
8232
10248
10894
4900
14598
10417
9068
6912
13753
16293
4371
12341
4411
15287
6750
5661
14118
7334
11356
7248
13567
301
3889
16587
7102
12613
10181
5688
14963
14176
10795
9508
16314
557
8119
7313
16082
12060
16459
176
12128
5526
12739
58
7748
10446
9953
9606
4576
10979
10122
6634
13771
3340
242
10576
8921
16356
6438
14487
5089
16806
1311
12504
10610
6955
15779
10077
14350
15985
10300
16721
819
6143
3839
14872
15411
9991
4005
12085
10347
522
6435
3842
7092
14497
9791
9086
10530
14501
1038
16168
8552
5243
5791
7908
9613
13424
15762
13644
16520
863
5858
3186
961
5166
5016
11741
796
9488
12719
7669
16698
7358
16724
5756
8105
15435
16388
16652
5644
12754
10663
10099
6307
11456
14756
14863
9892
10529
295
4238
8015
144
15725
12900
11872
4013
15249
4696
7316
15074
14956
7959
1664
14601
15370
7563
6355
1472
4809
3868
11160
10247
4501
13420
6305
13721
6813
13797
5387
4782
15741
15192
12641
5544
7301
4770
7793
9260
3946
6978
13273
15609
10499
15268
706
13825
11665
11730
10351
7469
14832
14659
8842
13515
6333
10855
152
15369
10171
1219
14543
5527
11062
6621
11844
12856
9783
11919
13360
9218
1713
11841
10738
16695
1510
10049
8497
7180
12774
3906
6004
11037
11887
16488
6449
267
9917
6115
9778
10312
5127
1668
6705
14504
14197
13395
4463
10339
16208
14793
901
12170
573
2001
1412
15548
8506
12625
77
6857
6473
11527
15356
16279
15517
15000
12730
8693
11904
1466
13836
8184
298
5682
5355
948
8206
5167
14845
4775
4885
9976
14062
11797
9306
16686
1726
5501
7618
10167
14165
24
5053
11171
1299
785
9446
12029
16810
13537
14217
12514
14175
13694
10835
12550
14660
5590
7693
1487
5292
9858
15307
6163
7566
7176
10919
5421
15372
11761
5347
14202
9761
10473
5842
660
16455
9320
7322
13913
13397
11896
5817
15574
9661
9154
14368
15312
13815
5154
5894
9174
284
16090
12951
9722
14639
15942
6497
4301
4657
6865
7520
445
10560
15448
9732
16927
654
14371
12844
15058
9237
3662
15865
4096
16597
7843
16539
435
5321
8537
11985
13512
8314
320
6419
15696
5799
6938
16758
8651
14985
1894
13547
7993
14055
10469
8160
8025
9173
13157
13174
7500
7885
8955
13469
11071
4273
816
16040
1215
9066
9158
6127
1281
16111
13763
5932
11690
16361
7670
9951
6108
3232
13427
4890
1738
5068
14856
981
5277
9006
384
7335
8465
1772
7306
14435
10350
10053
1793
10332
394
6371
10428
10427
5232
6908
7540
8813
3998
4428
10458
7896
10090
13601
15824
14533
16179
10944
14222
9939
14831
14083
14038
113
6882
12740
12980
6668
5280
12253
16000
11862
11630
6667
16865
14545
12106
4357
5471
11023
11296
14252
4780
6906
7490
10639
5916
16190
6842
12434
11099
9418
40
6351
5039
32
9887
4231
3905
15557
15626
501
13049
11318
11682
13588
1032
10287
5185
7410
15490
28
2017
16546
3853
10781
7858
1318
7079
13971
5396
15217
15093
7298
10844
16110
9766
10095
8735
1260
14999
5474
12417
15119
9376
4266
4210
5665
5454
16133
378
8725
12757
16429
14717
15665
16016
4805
712
9135
6493
1922
5618
6880
16674
12561
12505
15678
4978
12595
3990
4975
7311
2995
14251
6594
6619
7905
13671
15917
9013
8117
7702
16236
7271
15883
6459
7707
15760
10205
16584
9129
10608
70
16483
15500
7468
11256
15709
15143
15129
45
9036
7680
1346
11958
14122
14622
1191
7476
10376
12936
14470
15262
5094
16984
10818
10803
5613
4222
1882
449
5612
750
5373
4368
4831
14781
4734
9083
6915
12349
12701
822
8241
6377
4391
5473
10802
9357
8361
14540
4595
192
16915
470
9453
6557
4495
5555
11709
15563
16154
10432
5403
5957
7234
2837
5230
12127
3749
3973
5415
1686
13565
13109
5044
12771
3611
4752
13637
12520
14459
6162
10689
1271
16878
16081
12521
10812
6828
14080
15377
8182
7029
5031
10079
9019
9987
6466
15669
12576
4002
10732
14911
4194
7170
5182
7477
7765
7136
14329
11374
12685
1019
1659
10032
15106
11701
16760
4537
6544
16710
16391
9974
16582
911
7631
9733
11762
832
12104
12850
14778
12918
10392
13501
1252
5357
7397
5885
1143
9918
13844
11294
15067
16019
16025
5331
14301
16453
5905
15213
6950
3920
4759
1337
11209
3697
16156
11913
12769
7893
4432
10153
8059
15912
7991
16960
10571
14804
8845
1266
7706
1316
15899
3952
205
13788
14665
8219
13227
11993
5372
9646
16896
10788
16769
11027
11737
8518
10273
5596
13373
10030
12432
8362
4731
13513
5859
7790
8914
11454
7806
12634
5015
149
9952
16376
10405
7362
10798
15908
14336
5126
6278
10041
6215
9014
16969
6612
12428
10425
4985
8313
11961
11658
2039
10586
16909
5607
9608
12048
12242
849
12928
5673
5443
12184
1381
12598
10318
1033
4769
6851
14605
11619
4418
10415
7032
1614
12308
8179
3944
13245
12474
4182
5695
5723
1062
7988
8869
11438
14380
1403
4674
5623
13104
4794
16691
12942
5754
12429
14795
5161
11113
8394
10293
9834
8309
13306
4105
9168
12652
8402
3521
12723
3572
5198
14244
1243
6481
9923
11525
16627
15231
8133
6013
16230
14393
4573
15047
1944
12642
15971
12932
10957
6718
13620
11570
12304
11089
8368
9747
3953
497
4079
14051
13725
10178
5023
7287
6390
10113
16353
15797
7064
13290
11827
2929
7464
11408
16638
7852
5940
14688
16177
11333
8771
4966
6440
1598
8291
13025
3476
14934
5336
6483
6113
14112
51
10771
16974
15357
15898
10142
5297
7280
15817
7837
7257
1709
9549
1636
3817
16467
4941
10198
16751
246
10987
10555
16948
10595
4162
15238
15622
14586
15483
8699
6019
13016
12534
10631
12822
8168
16835
14375
15538
7522
11937
7578
8910
907
11311
6253
10131
8007
87
13241
13572
10955
5683
11458
9278
8144
13782
10755
16651
3007
6208
16952
8256
16831
8901
14751
13484
5378
7932
6230
609
9224
5240
3903
10278
1292
12002
1507
16565
11457
848
15734
9966
6425
13252
13615
9757
12280
18
1265
13606
1574
999
1509
60
9707
7338
16120
4406
14298
13363
10558
15944
11785
9603
8581
5898
5601
10531
16637
15911
11295
8835
16450
11501
7154
7531
14090
7233
4405
16422
8809
8579
3814
119
15977
9573
5631
644
12055
5671
14685
5197
6261
14759
5252
729
1388
12348
8950
8174
7913
9316
13494
11326
11855
6926
11492
10490
14448
14360
16594
5766
6734
14381
5744
6145
9268
4530
3965
7096
9008
16958
10118
13714
10842
6395
13618
16702
12602
3625
15627
16009
13874
6774
4659
9457
16094
3124
9569
3860
5866
10362
11614
10925
4170
14805
16591
16413
10342
11414
669
1293
4460
13221
15925
5751
10827
8826
7275
12938
915
12957
1938
5576
8889
8208
14578
9400
16228
14996
1297
9634
11596
15077
4055
12273
8633
13073
3957
10058
15558
10603
5271
8041
8594
3643
5755
13677
11787
8269
14873
263
5155
7162
16220
16845
1641
13072
9199
13739
4821
7143
13521
16599
3552
6954
793
9954
6331
10876
6844
7709
14546
11655
12443
15321
1138
10282
13014
7951
5969
996
4682
4609
5639
986
16523
336
835
16023
9561
6471
4977
12052
10990
16291
10283
15700
1076
11807
10506
9900
5402
13653
16365
10260
12406
11063
1622
11244
7760
1470
10091
9863
10183
14439
15623
5405
16442
7105
1254
16851
643
12360
6245
4933
5954
10963
13106
16327
326
6325
10746
12355
10063
7764
7016
14355
13298
10776
15473
16641
6833
15720
11668
13136
13250
13605
9656
11514
4125
9582
5279
6505
4860
7231
10770
9364
1305
7345
991
16460
1415
15035
16962
15932
10369
905
11953
6343
12893
4917
15571
16321
4633
8154
157
1947
5225
15417
12277
7261
6809
9046
16419
15804
15745
11609
8526
1879
11417
9213
13236
7844
9037
6035
10585
4746
16274
16363
10442
6650
8496
13300
14921
5796
15610
11496
8096
12460
12483
6789
6730
16664
13492
11897
15479
11624
5743
6815
7353
8859
9311
14002
13928
8622
12300
16318
4494
11955
6517
5670
16107
1840
15931
11047
16603
9498
2971
8469
15598
5394
4886
8748
6161
4932
13357
15153
224
5462
9552
9270
13272
8047
499
12611
4213
14851
7269
13728
7274
13019
11430
13235
15338
16001
6886
13576
4444
1158
7406
9992
10249
4007
13292
10809
8095
11565
16572
11798
7890
8470
16160
6174
5945
6448
15302
5334
6928
8272
492
12972
5183
1745
16827
797
16688
13680
6303
14509
15585
9632
8178
7396
7386
16415
12979
14978
13517
7567
8977
6893
4161
11987
11231
16097
6041
13609
8111
12102
4864
1723
4042
8612
12939
11116
4249
14464
9921
4854
6541
10862
4733
5721
15766
14138
2973
7409
14184
7829
365
14093
690
8959
11134
6692
7659
5675
9283
9832
6697
9711
13522
17016
10715
5553
12261
14542
4592
398
16859
9679
5478
13145
4351
12423
10866
15463
12204
4112
13600
10539
3479
13374
5804
1385
12755
12293
10594
1705
14133
10932
987
14208
9029
13623
7937
16538
15920
8108
15553
2856
4926
6810
13199
14447
6259
15875
4014
4151
11553
16805
15020
16015
10843
3069
4057
1372
12784
8937
4200
10826
12169
13698
7278
1499
5330
15252
14609
585
10983
6412
442
5878
15836
16690
1170
5896
7081
8310
923
15355
4150
982
16226
7152
8431
8122
13480
474
8915
15542
1067
12196
10253
6072
11117
13077
4199
12312
8433
5985
4738
5823
7118
12
1086
4468
7614
15873
8916
5079
15699
16245
4323
7577
12179
9050
8390
14456
11503
14096
13431
15528
13729
15088
4168
150
10824
7259
12232
13449
7822
894
13335
7651
7048
5550
7474
9227
6312
7204
15646
13678
3158
4898
8949
4462
14647
17012
3437
13710
156
47
1489
13379
3781
7538
5389
10235
8608
80
10858
1242
14418
6671
11420
412
5509
4986
9831
6759
6443
4396
1482
7229
17003
16609
13376
906
4971
1514
4056
9114
4148
14820
9348
5467
9730
5851
9251
13869
15861
607
14719
15516
16754
5549
401
605
12545
5895
10028
7920
6972
10873
9247
7462
15039
4508
4206
6372
7906
9219
6022
11011
9703
4441
10162
4901
15959
4954
13156
13281
5930
8453
9765
14351
4552
13744
9894
8345
3972
16076
15503
7050
4983
1478
4543
16790
15991
1476
1730
15668
10197
15858
12062
7539
6468
15649
7452
9057
16484
3371
4317
7945
9494
93
7600
16995
1249
857
11837
5736
5929
14092
11894
8378
10521
9259
10051
16181
4924
5838
15664
5830
14507
8564
3053
16700
13536
1247
13927
1589
13781
4694
9523
5005
4443
14246
15728
13553
4927
1791
12733
9590
15685
3286
4639
7209
10974
14606
13074
4980
11636
14711
10013
11192
7435
589
4845
9075
2007
13674
5356
16167
16079
12889
16630
4467
1855
11139
10864
10120
16231
1100
6290
9614
230
6401
3032
5036
1365
10324
8083
306
15583
7547
11676
14039
4165
13338
11404
6793
14937
2
15248
33
9146
12876
9914
4280
11915
9011
3252
9223
13629
4340
7470
8486
15707
10338
6640
4913
4982
16205
5192
16963
4442
16337
15960
4943
12831
12934
16323
14001
13343
10384
6503
9298
14737
13314
7549
4564
4212
11996
6492
16020
7123
4226
15998
14134
16819
15952
12967
8766
9161
14944
885
138
14180
13054
12408
14374
10242
13590
8388
12321
15955
13539
11014
12400
7002
555
4493
13337
3951
14967
14399
12518
16919
14195
3283
14866
4154
1011
8780
16517
9041
14975
11684
6046
7111
10815
8663
16726
4139
11954
15823
13044
15584
14048
403
459
7831
8499
9533
16255
6336
7421
7373
15168
10199
668
13658
837
10065
4072
12123
8505
14264
8850
9984
11361
12015
11526
12962
3907
6147
8420
13957
4948
9764
11711
1865
1432
14530
577
12516
9937
3130
4256
7979
642
6763
10513
847
11580
12585
8523
16508
140
9088
15393
4343
7657
13973
4048
7723
17001
381
4630
4245
4281
5614
5367
12093
10288
6837
13060
11725
8815
12977
8069
12209
10720
11233
10502
4076
15117
15155
938
8452
4813
11809
17008
14885
4234
6564
15451
12479
16559
14906
6987
588
15290
13964
16222
9768
724
3260
240
15244
13133
9798
15466
13416
5491
14539
10200
16042
7710
3878
16957
13034
7130
3188
8597
7091
5680
15848
7480
15892
3459
5431
4082
12510
9077
14924
582
9410
8086
4713
345
11588
10650
10072
14186
13490
9574
15499
14259
86
13053
10890
11742
9567
10291
9700
3804
16830
14415
14894
8998
7517
11460
319
16085
8158
14278
13202
10234
8371
7886
496
8130
1856
10914
8639
16159
7530
4304
333
14109
11613
5229
4253
13598
1901
16390
8857
11109
10759
5391
10678
15812
4725
4456
8355
5738
9295
7297
14183
7853
1409
8449
16476
15780
10949
4934
1135
13574
11657
3095
5818
12036
4635
16396
5210
9842
11735
12329
3809
15936
5282
12862
4598
8311
14982
4024
1431
6846
10208
7210
6607
11908
15414
16694
10589
15509
9543
5435
16165
5660
9867
15405
11939
6202
3967
824
4979
6387
3080
12313
805
1646
11126
491
11778
8009
16639
11948
890
8236
3872
309
12137
12532
7738
7077
4693
3582
16196
366
7489
3914
1068
10562
10804
4388
14875
6015
6751
13324
3950
8549
11257
8451
5261
14303
15654
592
12061
11906
13131
9979
134
13092
11431
7727
9651
11489
9372
6579
5319
5903
14010
10899
11936
13142
9838
6675
11058
15711
4724
12427
10947
10418
9575
4528
4446
11569
6382
15062
16299
8287
15895
14218
14365
65
6816
15492
9412
9855
12340
14011
10239
6240
13188
16604
12640
3908
14574
10305
9790
8621
946
3768
11821
8891
1411
379
16287
6902
8187
16657
8553
12004
10244
6464
15710
1066
14227
9443
9140
4557
8976
922
5513
16262
4490
16783
14144
10945
5329
13586
9461
7506
15066
11215
10519
10084
11774
9525
1058
10748
11473
16629
5110
3335
5566
13048
1269
4147
1113
1339
937
10767
4394
13027
5760
534
3258
10772
11750
9916
7664
13168
12316
11606
4399
12697
4374
10129
8980
13313
11764
1338
11255
13282
11859
16121
8739
9539
16644
8199
3864
5770
13451
4699
16660
7839
8488
7826
14732
5635
921
12047
8888
3874
9719
16153
6542
13346
7644
6724
11509
11042
12982
7295
16342
8923
12622
14394
5586
8738
1873
16052
8306
11364
13595
7318
5227
16144
14159
3830
11314
4706
3332
9230
16628
4578
13458
8776
16712
13150
7904
6555
8673
13520
5395
6016
15455
1953
11397
14469
10851
693
8636
5591
8374
6136
14787
12396
13641
16738
15655
13305
11448
15987
9799
6203
10254
7579
10297
10981
15800
13750
10868
4965
11594
12910
10495
4744
12732
13217
3327
8502
4648
6157
9644
10251
12457
7814
13219
14990
13727
12548
5977
4800
7106
8829
11350
12116
14997
7812
10998
5689
4757
15708
15994
14667
14033
16461
12160
8575
16784
11432
14257
8205
12262
628
8263
8450
15008
330
9115
14790
5283
5554
7453
3983
6122
12637
13775
15031
5560
388
1877
239
10970
4312
1362
8109
9649
354
5714
8884
9325
14861
265
10410
11811
15792
15927
3616
4673
15722
8227
1607
8802
7314
10368
5662
3532
10261
13299
15459
16444
4350
8492
13488
16725
13656
9324
7117
5397
485
12670
9134
15184
12491
13134
6786
90
1025
12350
6701
13579
9675
5900
16887
4236
13047
6369
1967
8030
423
12580
15972
11715
13826
5212
879
6025
6346
15450
7647
16088
16227
4326
6825
8935
764
10841
4911
12935
12051
7388
12539
5003
7305
519
5266
9717
10329
8029
14673
13066
7653
438
9452
15285
14513
15529
14302
6973
6563
12941
11271
10658
7232
14786
565
4542
11481
7816
4950
5836
5991
3773
9080
7909
15219
12255
16254
5571
15112
15789
6568
7698
5440
11088
11195
6642
7733
7423
7492
10505
4778
16406
3486
16456
5965
854
8645
9738
584
13101
6105
7691
13820
1222
7392
13264
12811
12141
6665
251
13020
1733
13309
12267
14205
16103
11410
11773
4188
13388
7585
3754
8512
3023
10733
7661
6618
16423
7486
7503
11069
8343
4195
14903
934
6003
9340
175
4526
11049
16818
6388
13321
7063
3276
1422
1498
3982
15096
7638
16400
9339
4011
2876
1205
402
10307
10946
4905
4994
6211
9782
9437
3917
5480
8230
12976
12696
81
6919
6930
1928
8218
14110
4140
7735
3748
16891
1528
11587
1844
3811
10465
11491
1106
5648
9519
7930
13045
10371
15452
5669
16543
5856
8817
3591
6637
12999
1282
10448
8849
10762
7497
12186
10102
14500
16083
17000
9212
7972
7802
5030
9331
10994
4499
5515
14692
7466
11201
3029
12668
13013
16024
8825
6530
14698
16229
12983
4626
4314
4822
14235
6942
7836
11308
9819
12792
4536
4810
6638
159
5004
14029
6698
13061
13089
8384
4859
828
16531
9074
9610
12945
1893
15084
7604
5609
9901
4799
15889
12978
3528
14060
10966
8421
7672
10548
14271
3350
13673
5466
13768
10313
9589
7683
8407
14583
14430
317
17014
10388
5075
95
14200
6248
4181
13862
14341
15183
12441
16521
11854
9996
1302
6743
10146
5262
15007
9504
6189
14694
4224
9486
15724
12121
7508
12182
443
5697
13163
15805
11771
10829
15635
3588
13117
12493
16598
11035
8196
10381
12603
4254
13632
5890
7405
4584
5140
11738
5891
1872
15165
9643
8021
11441
2989
5733
12883
13285
6514
16776
11468
11170
1373
15820
14917
6884
5472
9940
16198
9417
10398
11125
12843
14991
16308
6280
382
6431
3894
5274
12627
12617
14947
13336
14044
6647
11632
12779
5887
12130
280
16755
8628
12084
8791
13681
8678
10377
16678
10716
13948
4861
8968
8611
11755
7633
3577
4016
5802
8616
4815
8275
7168
7171
13359
84
13270
9204
4565
13591
1041
9240
9793
363
13308
16990
5067
8909
11882
14612
11541
6917
9354
7593
4297
9292
11022
10744
7776
6762
6548
593
12653
3762
12858
611
6861
16070
9473
3622
12120
1098
4806
4827
16654
5811
13977
13181
3913
7112
7970
16777
11661
4623
15809
7915
528
14143
16968
7632
12484
13509
11918
355
5769
6148
5650
10245
7502
13128
978
9934
6020
15269
9536
10921
10175
10402
895
6084
10220
6146
13777
94
7044
25
1568
4390
16352
297
10909
6490
14553
13460
10931
5789
1789
10730
10856
5051
5984
6328
7838
4176
15855
4417
16136
1616
14113
12058
13989
11623
13741
1189
9615
13791
8380
14966
14847
12473
4209
6175
13114
14253
1181
16941
6359
6103
13769
6024
14247
10766
11922
13409
12327
7224
5701
1287
14046
14518
6859
7288
4632
11072
16883
4142
4709
4028
8573
7665
12772
7719
68
13599
3850
6090
12567
7155
11357
8785
10421
12475
15796
8750
11974
13868
6871
16013
9469
6791
8393
12370
15612
5392
15705
16593
12693
11485
5642
4397
15716
13755
4270
7383
14563
14939
12842
16044
4816
7214
639
11571
5645
8624
10537
334
8595
3419
14031
10396
11579
14551
9746
13585
10929
9491
1925
12129
14926
3865
4921
3435
9377
4722
12767
5995
5346
13222
10256
5221
3798
9382
3958
7400
539
14310
527
15362
2930
1077
15258
1212
15289
10274
11678
14405
11700
15181
7226
14525
13147
622
6747
6677
11368
14707
8301
3922
16828
5026
4962
15408
12419
5175
15409
8792
12212
3102
15352
1970
9474
6715
5759
8620
7976
9327
14190
347
16658
7222
12324
7808
12145
5543
8090
5923
8713
16799
6722
10591
9821
4936
8088
16996
15619
13029
1907
15132
5691
8563
13224
6995
5512
13146
8589
476
5967
4258
12177
4128
16057
15256
15773
10228
9956
5363
9147
204
16605
3750
5807
1473
11829
15607
12142
12557
8841
2959
9594
9387
4907
6207
360
4143
444
1366
15341
11166
16631
4726
10119
4370
3113
14376
4765
5106
13778
5728
1983
1566
11720
9455
13975
16394
16006
4902
9378
13493
4741
9526
11382
137
6118
5992
8363
9983
12845
13654
11865
14307
1004
13438
11159
10962
1016
11794
9024
15536
4137
5496
13037
761
7093
5886
10107
9572
914
4476
5244
1071
11591
217
9195
4235
7361
543
10168
15690
7801
16920
11975
9312
7403
3841
9659
10031
9276
7191
11626
7000
13017
6495
8890
10915
15581
15098
7382
12392
779
15434
12954
14098
2793
10176
1105
5278
11833
7616
15666
14945
11575
11873
12442
12986
3791
13956
258
1577
5533
12746
9010
13969
5425
7645
15947
453
12958
4781
12219
1014
10227
11312
6332
14983
4708
11307
16489
1046
12328
8666
4515
3898
15852
15462
3565
11225
3799
11900
8689
3504
16985
9438
3475
5879
14704
8286
9040
7994
9102
29
1699
12393
5444
8266
13932
13185
1042
380
16303
9596
14349
14918
9554
16752
4959
10447
16452
13655
3784
16707
12342
8008
285
698
8795
9109
10366
735
457
6727
6179
8528
14953
10627
10896
1441
14047
14277
7157
1069
14943
12276
10774
6792
13279
13821
13204
14142
9454
2815
10110
8596
7980
8747
11823
10761
10993
632
8797
14377
16537
10240
5322
4523
12480
12650
13381
10193
11323
7977
15680
8922
197
546
154
4498
5820
7336
10316
4915
700
14630
15442
357
15904
6904
15937
11305
4051
3916
11133
10271
13437
1120
15199
5383
7054
8348
5737
5255
14654
6898
13783
12095
3230
3037
16714
818
6739
14889
15464
8267
5563
11181
12639
11510
10002
13127
1467
13642
11560
10869
9478
14212
9
868
6209
13772
13796
13125
5316
6405
7186
214
13440
4751
11612
16017
3581
11555
2002
9261
15083
15050
10492
14503
7354
14825
12384
7021
12553
11437
12377
13819
10188
16306
14463
9188
10956
11084
3698
5429
16914
11769
9484
13398
13500
966
13153
9933
16911
13850
12956
1202
7933
12021
7351
12285
16527
13730
15544
8338
6602
10587
10895
16313
6031
1864
14803
15487
9816
1479
6409
4817
13123
4482
14147
16857
7779
16853
1099
4264
6848
12689
4798
5762
4662
9000
14198
14106
10275
11543
2801
8480
14600
5975
11506
2004
1691
1402
6753
8077
5798
3537
4486
13353
7253
5534
5486
375
11187
7059
8749
6214
6573
11183
5488
4185
7967
10556
4925
16869
12213
1153
10926
7546
4879
9141
6661
1382
3467
15849
11664
7851
14094
5774
5024
12202
14706
16161
7212
16007
7615
10982
13276
7753
4157
1199
6250
10541
11067
7090
16970
11867
14758
6729
3536
4695
10535
13063
16210
14276
15570
8534
6344
4483
13504
681
3776
1931
6310
6778
12301
14086
6943
16506
15976
335
11780
12735
9817
14823
11162
11000
10157
13809
8383
3881
16661
16355
16966
6082
8460
1118
5128
14686
16074
14103
12880
1960
8756
16768
13795
6029
8249
3348
6690
1104
936
7216
16385
13538
3612
8700
11471
1427
12333
15200
13386
16235
4489
3009
11453
4191
12045
15407
7736
4964
16349
10241
15477
5587
10580
7537
243
11264
9836
8099
8865
12337
4549
12446
12243
1122
15078
9627
11584
16600
14747
14052
12039
14770
3180
13467
11373
12933
12736
9739
10117
5547
13580
3431
11106
11446
9776
7159
14807
15030
16358
9031
4556
10435
13239
16669
8500
10444
10642
8176
7085
10006
15877
3849
10503
13597
172
8045
16148
15292
4086
13425
12269
10659
14640
5419
7807
15291
12205
13287
8082
399
12229
1814
15778
7879
9314
13945
10696
7603
16109
9360
13505
15586
11068
12319
887
726
9089
9144
6182
12389
16493
571
16999
15224
11649
7780
43
4790
11625
14736
10930
6403
4888
12466
4386
10286
13999
11147
10572
426
7200
1015
11269
3862
15478
4571
14337
8210
1080
16544
13756
9296
14599
8294
9531
12234
7605
4172
14297
6856
5579
15602
3991
15
6964
7649
4479
1820
4951
3759
7543
15330
14041
12226
3389
10206
1043
4296
8784
14291
14564
12290
8435
14162
7557
16434
1353
14095
14057
8551
5708
14773
6293
13832
6937
3128
6980
10638
4135
9463
16073
15216
12445
12818
13857
14920
6947
13947
14473
16563
10225
10387
16241
5375
9423
7471
10151
11532
11600
1949
11717
4372
4461
12448
7012
11378
8097
9839
4776
12969
7882
15353
11988
581
6030
12734
9682
9812
9728
11462
646
9323
490
9978
11616
8856
13811
11092
6260
16916
4367
14884
8852
15055
1300
14491
10911
14824
11782
9252
6077
7291
4017
974
13006
6226
516
14064
14149
9436
3531
10790
14219
8854
12198
5049
11433
843
13879
5960
14287
12522
15853
15968
1456
8545
9189
8524
4243
15830
11930
7617
1194
3249
1952
3359
10364
13924
8039
11138
6765
15431
16812
4575
11459
11376
188
4976
4991
10707
12500
3795
14356
12464
3667
5557
3265
7367
10452
11076
10401
13884
15735
13657
3279
7250
16292
6532
4701
6478
12105
15460
12223
10782
9583
16259
15141
11959
515
14676
10822
4728
489
13255
541
6874
222
14152
10951
6455
12834
15902
1050
15420
559
2941
9571
16445
14834
9082
6404
10611
15615
14901
4407
6706
8031
16683
7374
11702
13058
16843
15109
5253
15949
8752
13361
1505
228
5681
5781
13348
7352
5935
7163
4973
9691
14709
16332
958
10698
6033
15243
3503
16093
13441
4006
8323
8038
14279
15113
11329
10961
1284
1959
9198
5170
12997
4412
127
6002
3483
5847
5233
15897
972
553
9142
7339
4115
16475
7417
16778
16542
16504
15636
13988
5341
6996
15343
10656
5452
5873
16086
344
13933
16692
7108
6536
10825
10010
8036
13993
407
13516
9321
15819
7381
3812
13415
9958
7990
13320
16172
11512
4307
11079
16951
8173
5523
1746
630
14308
12606
12536
15645
5047
5149
897
71
12991
5593
10641
620
14478
1857
16866
12952
520
8688
633
13865
1602
7646
6044
7428
9847
10559
5785
6470
4067
6617
210
15844
142
12079
11670
979
13713
4257
13351
11033
16041
9231
542
14412
12753
4252
14560
6649
9985
7384
14959
15186
13786
14697
12240
5459
13155
10810
7862
2832
11405
5727
13180
7703
4660
16187
6652
11249
6064
4045
7974
6266
6839
6075
4311
1275
15384
16466
871
5236
5437
3321
14270
9972
7030
3621
916
9338
11933
3619
16499
12402
4019
7192
5447
12729
11943
4239
6311
1125
4487
7934
11551
14359
8190
3712
11912
671
13990
11331
9713
10953
15670
15480
6348
7944
10156
4895
1902
7483
15847
9302
16163
1630
8997
7946
8816
14483
6418
13804
10816
16871
12368
11687
1788
16194
5704
14658
13848
11428
16621
15230
8906
11775
11128
13038
14335
6491
8726
7957
155
10047
13709
6323
16339
10882
16581
16059
7184
16705
11046
15396
16899
4491
9479
8237
372
12632
15264
7742
1010
10018
8885
9025
8805
3925
731
15388
6948
1628
8094
1895
6133
5477
7127
4843
9100
7734
8124
13866
11282
3979
13917
15806
430
10471
1780
338
719
10069
8632
8975
11989
12005
16800
14210
14678
5416
4229
3813
13071
5946
8927
9532
11673
6611
193
14603
641
4803
14870
8686
5706
15090
10901
16825
14450
14424
9578
14223
8434
16620
7169
10161
1220
15562
9720
8483
15305
8694
6402
12914
1859
15318
5247
8303
10219
1474
5569
10523
16458
10182
15014
11059
4532
13689
14580
7454
11729
5298
10612
4286
13843
8659
10479
11439
9818
13951
7402
11093
6256
163
10076
11927
5664
12281
9281
12812
1270
8812
10453
13408
16854
4587
16273
1792
8986
15856
10000
10478
12431
16900
11180
16150
14485
7642
7899
3745
8851
13475
960
11719
3810
14023
13468
7082
6693
13216
9150
15714
321
11149
10885
1394
5531
5699
12497
13758
15738
13070
13455
5042
7058
4126
13113
13860
8824
12894
10457
5339
15986
8912
10718
1052
6696
8474
5602
7582
4811
9128
1146
11054
4961
16509
10463
4145
14941
15124
13184
8032
15611
7870
7451
16412
4616
7552
5971
16676
14263
13390
8765
4271
7677
15930
5193
9677
16533
10317
4166
5267
14293
4457
3564
881
14681
9655
1887
6463
9947
15105
13486
8482
6870
14994
16266
9313
109
4078
13558
7792
1962
11016
12114
16978
9235
12490
16653
10409
5014
13418
12793
10258
5617
10703
14930
10769
307
14735
15982
13672
8052
5028
9630
10568
1852
5364
16782
7684
9988
12282
6264
1374
10185
12087
5021
1715
1
5703
15146
13837
14646
234
14880
16551
7939
4604
15045
944
13067
8417
13364
10311
6154
11316
10361
12586
9598
8806
10968
9269
8192
9001
5404
14323
1285
9047
15693
9222
7581
8212
13877
5251
6804
12034
6038
9459
10441
14687
5883
5059
16098
11006
12294
6048
10630
4246
8252
8762
10148
15102
15166
910
7196
12714
4003
980
4856
10681
1910
3977
7285
11836
9413
9505
13423
4942
3937
5018
9931
7258
11278
13823
5998
9692
14749
14684
5002
14806
12864
852
11946
16333
743
13159
10959
14281
9191
4514
8166
9624
11675
6500
5360
10574
874
15488
5011
7813
12383
7794
933
11490
7786
4789
4298
14237
9618
15496
8118
6321
13802
10356
9669
14238
9317
13508
16470
3147
12912
7925
7122
6128
493
9305
3199
4409
1819
13173
16443
10128
14426
16131
13005
5776
11094
16037
3439
734
13130
5009
4416
15577
12596
7513
4506
4300
8366
14572
13831
12906
8195
746
8768
1915
8153
16457
16876
5600
13752
13213
9397
9875
13961
16614
4228
16014
15250
15001
9846
4275
14492
3999
4547
11358
4621
15747
15591
4477
1812
9908
11182
1826
1808
14454
12513
10607
16102
6017
13803
3792
11217
15541
5786
12044
8399
3825
16195
666
7429
4750
3550
11475
1140
679
9106
7866
9070
5104
14519
11884
4560
694
4870
1994
4955
12993
14650
4611
16174
7188
12367
143
14919
11236
13507
8677
7324
13457
6830
8228
5365
11008
780
7166
8142
16728
8226
7995
16888
1593
4972
1718
11793
5351
15507
7411
16213
12230
9535
13096
16540
1154
14117
12353
11907
8683
10517
5408
11520
12558
4838
13715
3779
13584
13446
16389
3800
1935
5718
13372
9862
939
9346
13315
1806
11123
8719
8635
7138
11203
8991
9190
9226
8853
16924
202
514
10861
6158
7245
10596
5137
1245
5846
13391
11556
8781
1152
9375
6349
4169
15650
6969
10635
14935
10189
7493
10672
9662
11400
16894
1536
14579
6477
6091
4159
7747
4233
14623
12482
9318
7875
7770
15737
2902
13311
4647
15410
11017
14316
10343
14890
1116
14846
15194
15555
8022
9502
15750
1315
3666
13970
9833
15546
4837
13980
14074
8319
16485
4884
1103
463
1317
4504
9221
13401
1386
11425
16732
7007
14472
12376
15162
14537
237
6272
16706
12414
10950
4862
16298
3600
1129
7203
15565
8128
802
15595
5777
12950
10136
8395
7379
1941
302
10682
10532
7524
6362
9814
7636
12817
5081
14032
14506
473
16711
4221
11140
670
8707
111
15811
13704
11508
10695
10527
12089
11213
13699
12944
3997
12028
9288
13954
420
10321
12857
12405
7022
8672
15324
1217
3579
12410
4073
6368
16401
14949
5551
14330
11643
5475
12937
15511
16117
9753
377
14547
15401
16478
15508
10727
5456
16472
12908
5485
4038
7010
11800
14602
17018
15382
7923
411
9300
3529
6595
15468
1688
2033
8531
5108
15104
6554
8436
14730
13491
9611
15189
16062
3824
16128
16672
5795
619
10224
11983
8510
5381
16242
361
12645
10942
15620
14477
14331
14927
12172
6516
161
11895
13687
14744
15359
12835
16497
12412
10022
3899
15263
5295
14802
9388
12283
14397
3463
5505
5611
16901
15295
13541
8684
4134
8895
13754
9166
16775
4637
5996
2013
5819
12012
5335
2026
14154
15397
13124
10651
6565
4848
391
7717
5997
15222
14838
7098
14409
11353
7227
14305
6059
7346
16589
11253
15232
4583
10015
15604
10025
5863
9043
3050
16252
5659
48
8468
14213
257
5092
13942
13790
14214
5085
4675
1090
10223
14796
15131
16973
1704
434
3857
11245
304
14339
9980
7237
9271
9878
9865
13318
7459
5734
3003
15437
4284
9394
6920
13214
6061
16124
14461
8289
652
14020
6196
14649
8163
16592
13080
8727
13706
4957
15474
10062
15561
5040
5910
8911
6353
16305
9641
12241
14868
14386
9245
11685
6571
11354
15390
5909
7511
5219
6068
919
10190
8489
9544
9214
279
4138
12063
7637
695
10542
14713
14443
5808
9981
96
6360
5179
5622
12635
5043
5686
11911
12014
6572
12530
14942
13304
13582
4492
11328
10796
14624
11728
4947
7613
10413
16178
8535
1006
7789
5693
4438
9854
16433
13833
5201
12210
6975
13412
821
15656
5226
10477
255
4894
1283
14026
5638
167
667
14812
6775
6951
10549
15149
8233
1414
5413
1193
892
5441
11146
10709
3386
9683
4984
7854
15365
5263
16566
3789
13116
9368
7066
14594
9126
14680
6755
8231
9555
8540
13720
6658
100
7815
13839
14444
15085
12896
4437
811
1233
6590
3831
13936
4429
13349
7277
16959
14864
9729
10511
825
7732
15040
6185
16892
7955
6442
6577
17009
10017
7006
7415
4680
10489
6847
11136
16348
16547
199
15123
10385
4071
4596
13930
15179
5904
8799
15111
11726
4451
13668
5936
14914
676
13430
10554
9386
15056
4336
12338
12970
3797
16590
16326
12126
12086
1961
10085
12525
5307
10497
1290
5980
1703
5379
10878
10044
4083
16643
13907
16440
15988
6219
9557
9489
7918
13626
16031
1861
274
16072
1724
12097
9650
13208
9843
13176
7947
11940
8152
16663
16283
6934
3318
10334
12643
13667
4909
9003
16135
12802
7414
6604
5674
5963
12266
4897
8617
5540
12838
6131
13288
52
14750
9541
4265
1237
5281
9587
12869
235
11929
14438
4123
3623
12174
15550
5778
5556
13081
13358
110
5176
6890
8774
4060
13266
8569
8751
16473
6212
15965
4569
5907
9709
6988
14724
6895
6983
5118
14876
15458
6107
6184
7761
14664
4715
13200
13323
16780
14797
9005
5908
7528
14427
4634
8423
12203
11957
10073
14258
1430
5542
11423
11174
13919
7973
8438
10665
8472
8037
16335
8828
6897
6083
450
63
171
10019
9929
12636
8818
5906
286
12815
5732
15454
6384
14561
8992
13785
11158
10918
8155
16934
6758
7554
8969
4294
349
16519
14395
12783
10330
11891
1658
4627
7592
11073
10874
13583
13445
4324
7133
4723
5187
9943
10323
5195
13369
1185
248
634
1179
9712
11744
11597
8574
14318
10617
10675
12676
523
1523
15815
16680
8268
9004
495
11627
6102
15905
4753
16068
4088
6296
13378
12904
3926
131
6398
16112
15702
845
8172
931
13179
10690
16786
15578
13944
4364
16617
4714
1761
12467
5344
10101
56
9007
16416
13643
5717
11765
14888
16679
9178
9365
6561
5647
6188
7364
15939
10035
13867
4863
12867
99
11351
4453
8207
10174
7312
3412
9885
6063
16502
3969
15589
6167
16986
10965
14998
10098
5588
6241
12664
1278
16550
1629
1527
2031
1854
11850
1267
8089
8741
9433
252
16302
8092
7008
13428
11127
13456
6636
6659
11830
5953
16856
6685
16935
4032
15673
16601
5572
11111
14453
11799
269
9993
16667
15748
8382
14675
10752
13362
15218
14025
8746
11385
4510
3632
8715
11266
7927
872
8170
180
7071
8761
14948
10734
503
12702
7714
6549
7290
16338
16922
191
9906
14741
8346
5876
7569
4097
10557
10731
313
13724
579
12535
3893
14591
13647
6352
3801
7877
13444
11860
8156
16184
15160
318
11191
11714
16764
14510
5254
10806
14081
15139
4624
1172
5698
13198
15777
8332
1800
12654
14035
3803
701
11199
9944
6771
10717
13402
13660
4327
12618
7475
14231
14632
10526
97
8938
11145
12252
8116
328
16944
12710
7385
12325
3863
16430
9905
4990
14400
13435
11440
9663
12222
11639
461
610
9529
10236
12046
6137
12278
1592
16289
16561
590
9522
8020
5248
941
6854
12158
9451
12623
14392
9625
16296
12378
7146
16573
11886
3125
12488
14992
15440
1604
15071
6422
10055
14559
8900
6361
8164
876
9920
10476
14977
12411
12413
13873
486
7431
4380
7648
11465
13604
4597
9762
11325
12018
3949
1930
12404
11947
12096
1049
16849
4338
10056
75
8389
16716
13827
4186
1023
10928
12076
8428
254
14899
10977
12527
12246
9052
11635
4773
7898
3665
8391
8517
5931
5595
12454
12298
5545
6588
14830
5989
16649
12031
9096
15296
10380
10785
11259
10064
10195
16151
10105
17013
1934
13242
1149
53
11963
10546
8004
64
16175
13201
9356
16270
747
15785
8863
6821
14964
16622
12452
4760
49
9837
4384
9065
8064
3911
3757
5692
8538
8548
11104
9672
4122
12968
4871
7024
9359
7140
16998
10393
13882
637
13190
14691
13012
10936
14988
5636
5538
7341
15771
6538
7283
385
11839
5033
11640
4707
13544
9807
3948
12268
9785
7634
12712
13247
15208
6452
9748
12913
9432
14420
8258
13859
7173
1231
10724
12020
8601
9362
11451
8327
14720
9927
13240
918
6389
10424
8125
5884
16316
11185
9633
15879
4669
7419
9053
10507
9421
7679
16234
6192
11523
7215
7491
8956
7880
13939
1404
1773
1758
11155
16238
6757
5800
4553
1226
12190
14891
11815
10014
2988
14573
4910
3897
8048
13987
8972
10636
14887
7850
15484
10633
6714
4217
8577
3769
9597
13967
13464
10328
6060
11561
13525
5616
15439
12499
12814
8169
5914
9121
5057
7916
12996
3290
6990
14631
16310
5401
8557
8251
10860
11461
11542
5499
602
1869
804
3545
12929
10474
14221
15494
15894
15009
9759
1637
15157
6071
1093
7323
14383
79
12192
5203
12866
5234
14283
6454
12854
16420
1112
5214
10370
10550
2012
7623
8143
8897
16945
8019
1551
16410
467
15506
15940
11796
367
11226
6487
16612
15857
14593
16263
5188
7529
6998
16595
6889
10112
12615
8945
3351
15684
9355
10846
15864
7424
14955
11268
6050
3245
8671
10115
11708
15245
5056
14980
14228
12686
11696
6156
1825
9827
7961
17
12947
4109
11522
5237
12620
13662
12633
7327
11942
4215
13396
14317
6318
10325
13676
9367
16737
1924
11572
12461
10071
6036
11893
14015
4612
15053
13925
3512
5716
11349
12663
14215
14715
5921
6845
15909
9886
6065
11087
3941
5629
3755
14396
10403
5228
7145
38
5735
13805
3329
16250
10123
8730
6958
1294
8742
7510
15765
4114
14951
6643
11699
10141
6436
6695
16439
16004
11633
11221
9601
16666
11864
7952
9657
14613
13640
12699
120
14677
16028
9621
9772
11403
15391
8318
5062
11246
1544
6000
12108
9253
8159
14524
8586
12563
16418
5719
8063
5111
8536
616
16665
631
5765
15564
8337
8508
5520
6396
16505
7329
3871
5427
7564
14229
3838
11749
5955
10460
1354
4849
14653
9389
13940
8419
1288
10422
9676
6460
12385
1286
9299
617
12200
5964
11346
9521
4743
121
7775
16379
12372
6441
10301
7721
15145
9369
3682
14120
11370
12256
5687
12827
10437
1147
10320
1556
13107
8404
15444
11267
201
5562
14932
10867
947
13100
11238
5332
15910
8073
7525
16432
9642
6807
11091
4546
3236
15660
659
15687
129
5070
15297
8543
789
6974
12064
7663
13740
15629
5809
554
13888
5066
14328
7095
15136
9845
11291
15041
9941
9898
9639
6754
14611
5694
8349
15980
8107
11285
12568
7555
6864
16351
9215
7512
5944
15632
12207
15272
469
4309
5054
6283
14753
13806
12339
12330
5276
4899
13561
3064
9496
147
16155
11313
3433
9285
5536
13296
14146
5782
6104
11693
10579
512
4117
6485
11157
16675
8171
4146
135
11051
8957
14789
4362
5651
8204
12795
11980
13731
6354
14494
7089
9671
4763
6526
10853
15914
5546
3126
7795
3790
8409
8498
10887
15403
1053
1449
16067
5748
14101
16431
15172
9714
9654
3923
2035
10408
1653
7308
16374
13352
11817
4802
13197
82
3540
7505
14898
1003
9073
10454
4099
11261
9962
6335
16307
8570
13589
10395
13965
9998
16049
16336
11013
10995
13498
11529
10192
10619
15767
7113
11603
6924
6562
4031
11142
9233
11608
7739
4642
7999
13166
9946
14853
14763
10466
14274
10308
16939
11681
6252
11078
6782
506
456
218
6385
2823
15151
12656
4267
11849
10132
12738
10080
7292
16648
7599
15523
9330
12948
16447
6632
12356
13635
4262
11672
5091
15116
3452
1258
6289
12763
4381
7031
5096
4360
7607
1933
3427
11962
9542
14511
14558
14910
1073
2000
1782
10679
13535
15097
13291
12594
15381
8832
14300
4940
9879
2961
15493
11223
8244
7929
11061
14067
866
12791
6835
635
6378
5112
3785
10967
12690
5771
8150
8354
3873
9882
9023
11747
15661
6873
17024
1442
12470
16061
14534
6284
273
4792
9699
7699
15926
12512
14284
16861
15962
540
13573
12331
14490
7805
9085
8864
12649
13909
4541
9779
16813
4378
7017
15769
16183
3416
15441
15974
10807
4439
3993
13384
12224
8050
14960
10215
6151
15018
6183
3274
7236
14635
12092
4132
15273
16089
4814
6834
7682
1341
5979
13057
11758
9248
4205
1656
15569
8322
14496
8298
4435
9840
9163
13652
16824
8590
16341
5052
6570
16118
8430
8245
10687
5103
11251
11402
15275
15278
710
14160
8814
7841
14620
10226
15840
13982
15092
424
10910
3984
16002
10335
6777
6099
16858
1322
15803
7004
11909
8494
959
14188
10472
7294
10801
10163
12503
10515
4502
5573
8175
4534
1603
16377
10434
8630
13413
7132
6966
3856
16640
5503
13593
3370
5922
4455
178
8687
9448
12387
16867
15524
3575
4001
15721
1519
10204
3836
9755
11389
16898
15267
10124
15878
11229
8331
3170
1399
3989
4869
15367
16424
12148
10871
7377
6380
12629
12667
7249
4527
9725
15416
12361
8224
16981
6609
12110
7681
1187
14022
4127
995
16729
6580
4466
795
1751
5069
4292
12344
12407
13716
15223
5139
8093
16580
15042
12706
7380
14722
16904
15048
9592
6737
13784
9442
1097
8026
9425
658
14421
8351
13148
12808
11768
13140
4618
4889
11219
7043
11651
6195
7729
4883
15717
15867
1755
12695
6614
7076
9067
6878
15374
13613
12780
253
7208
14088
4459
10140
12451
11599
16032
13734
9034
10487
4698
14027
4607
11779
15845
12861
5449
11366
1030
13187
13787
4842
14627
10692
1234
8005
8262
16662
7456
16084
9202
10083
13387
11020
9246
1142
9184
4329
1650
1348
5880
4187
332
1054
6868
16881
4247
16541
6767
13748
11791
11981
10093
13069
6515
1548
11241
14193
11595
11198
10034
17005
7521
1491
5585
7139
5986
16224
14204
6171
3369
10135
14907
6228
1848
12828
6172
12395
4928
9577
15429
4330
1012
15294
4767
1963
9341
7072
15502
6534
6812
5077
13845
8994
9238
14886
16428
1092
1327
165
182
11177
4261
16200
6345
720
15228
6914
15746
8877
1450
7782
16276
3954
5852
16026
370
15201
16003
12590
8599
6424
3016
11885
3787
6820
12057
1605
6458
10264
5938
6860
9344
1954
15072
10569
9272
5143
4480
8315
4865
23
12195
11650
4356
7949
16436
4661
12291
10543
7998
7150
16515
16811
13366
11531
4427
5008
5749
10039
6689
16821
4144
7062
15095
6210
15677
12006
3277
10725
8464
12315
464
4825
5090
6076
37
5981
9358
15644
11824
15590
16034
14897
13552
12147
7293
5620
14981
5102
11692
16173
1555
8706
6623
9576
4036
14587
8134
10461
16763
16908
10296
14163
15597
6795
105
14780
1454
8721
6111
7484
7041
7164
11077
11732
9844
5345
16917
8215
12886
14798
3456
7558
4098
12747
4379
8441
16345
5114
16817
10046
3771
5122
16214
5206
6702
9877
763
7239
16106
1673
7984
8191
432
4704
8057
11009
14043
15286
7439
14809
11270
15469
6308
11969
16256
11252
10004
14437
4450
4808
14669
13383
7935
15036
13193
12323
12607
1256
16206
12711
16221
6170
13745
5433
6144
8798
13194
10743
13663
829
14107
7440
6953
6719
10644
8324
9108
16826
185
9232
4046
13302
9986
15761
15683
15956
10263
10917
4223
5116
8946
16392
15953
7755
14172
10106
6410
5476
312
8811
4430
16480
13253
72
1251
310
6918
6630
5352
5305
11876
16926
8763
11298
9975
6376
5385
8896
15300
16766
3299
16053
5296
6582
12335
15757
12915
12902
15593
7759
13172
16265
6176
11898
11100
6519
9028
3085
7713
7580
5074
8807
10345
10186
7821
5862
14346
8177
12008
13354
13736
15485
1579
11190
15259
5097
2016
8065
9145
9568
12705
8305
14909
4044
6416
6028
4874
529
15641
1214
12584
16733
12609
12302
3509
13596
4762
13608
8034
3261
6703
5942
5288
11243
15934
562
16767
5010
10847
5323
563
4103
233
11386
935
9740
5649
13686
7387
5492
3780
1685
6721
17010
3963
8012
5813
6213
8091
9112
7562
7777
2919
9153
6891
14348
13473
6302
12094
16022
16370
5834
10786
10455
13465
10544
6204
1776
4563
830
1639
12923
8139
1728
13262
5218
5093
7110
9308
16880
15540
549
16839
4346
13529
4945
1492
6586
14516
12289
6287
7433
1945
4797
8333
14458
16803
3533
8610
12720
6393
13068
5925
859
16021
7928
8098
4823
16703
728
1494
3338
5017
7666
13
16796
16246
15317
14466
6939
15351
145
9211
13897
16574
16980
6850
12189
10144
2835
3608
15108
13087
16005
10121
10075
12875
9926
13008
10145
4131
15521
4540
12201
329
13670
232
7460
9584
14552
16618
5561
160
15400
5048
12436
1420
11341
9708
9186
9105
4670
8567
88
5948
16482
16063
12375
6432
11
14170
9961
8744
9769
6152
14933
16360
13984
9124
9407
5291
3962
4204
508
4156
8838
26
16791
13883
462
16606
16553
7225
3829
4656
9117
8668
8515
3828
14326
7442
15933
8732
376
3970
15634
11167
14839
7302
5761
14119
12770
3934
8356
11003
994
16087
9848
8352
6341
5134
6787
6237
4141
11838
7149
5087
15261
10483
6790
14139
2005
4878
14961
3508
14854
10443
11173
7804
12589
9044
13407
10037
8372
4052
13030
3631
15681
15237
1853
13935
4068
13137
10280
11196
8705
12930
13257
7371
13042
7545
14716
1784
13543
9665
15512
9216
15618
10222
17004
6560
8060
6518
7602
14070
3763
11499
15167
4401
13099
9780
11766
1481
14050
8426
244
13055
3931
10830
10431
16055
12765
13443
13533
7065
12657
13345
5484
7859
16731
13952
9122
14869
5983
16801
12394
12579
3883
2030
8655
14137
11628
7135
3700
5046
10074
4804
8341
4658
9273
5220
12885
11589
3996
11222
12566
8983
6475
603
8588
9208
14645
13841
6326
11743
11660
9187
8965
13405
14121
867
10875
10654
16938
15476
8952
212
5107
12922
1021
324
11748
15430
14479
575
11881
4516
9063
11566
15967
9393
6282
12987
2978
8860
957
12911
14515
14837
10602
13251
6085
1225
5825
723
13742
3915
14076
16569
16556
10289
11474
1677
6268
13765
1906
16814
13097
7134
4857
7445
5726
13991
5463
14042
7299
1074
13554
9244
277
15337
16047
15866
12601
548
15424
3108
13079
10196
7099
8532
14661
8974
10238
5035
10375
5949
4970
2870
3847
16286
14969
5142
5961
11484
5342
2824
448
15543
13286
9392
3855
10784
4022
4851
5853
10386
3045
12919
16211
8559
11924
16842
13143
11121
7265
14679
13885
13616
14843
9731
6653
5831
6295
7272
13093
9239
14361
4295
4509
11075
374
460
10449
12124
8221
4643
6709
15378
16713
11377
5722
13422
9458
16192
856
3918
8643
7161
7788
12748
6073
12903
12073
12762
13403
7922
16522
15659
6559
7202
11605
6197
16534
15794
531
12453
11544
1518
12700
14123
16421
6735
8903
14827
678
7013
640
10605
14153
4065
16372
1253
7501
12157
8566
2951
13110
9516
10501
7573
3672
11629
11978
16176
8186
2024
13389
3764
12257
9249
8966
14028
483
13261
5311
14672
15486
9763
692
3882
11545
13853
465
13556
8312
5205
8054
15874
9399
14084
418
103
10078
16772
3382
16730
9829
4474
5773
12509
11280
14489
10839
12801
15890
13719
13220
4819
9685
1722
8561
6092
14862
4582
16616
8296
11622
268
8833
10265
437
4110
4500
4703
4152
16634
13531
10365
13703
12135
9950
5290
4554
7190
5897
1921
11416
1020
1670
3
5976
4198
9039
14151
6375
6749
16166
14012
10315
4175
11831
4383
4081
1912
13258
9995
6968
12994
11537
16575
8285
10581
3571
8681
13052
14433
12881
11407
10615
15017
1600
4761
6704
13151
13463
11450
9110
13165
4603
16247
10779
441
8942
8440
12737
11916
13718
406
4118
3930
4415
12870
8129
9332
12286
9171
16189
1535
15346
4163
5338
4688
10838
1483
8213
8971
7045
10706
6433
16267
5864
13978
9363
5529
11283
12430
10439
9290
102
11415
15774
1037
15964
6981
7020
15220
14877
8277
10104
15354
1501
7446
6292
14642
7255
15863
11112
6026
15881
4400
6664
15271
1778
3802
10693
8650
11734
16468
7026
1937
12882
10737
5269
270
6258
702
14425
3927
767
8112
15373
6467
11327
10794
4601
11028
16232
9162
11586
314
4737
14768
11435
16115
6717
12943
15698
768
14085
9890
1558
15033
12082
305
9749
5032
7447
7183
10721
14734
7741
13226
7874
9349
4967
1161
14663
7769
4992
5787
15545
10042
14521
4617
8280
6932
10964
1096
9033
15825
14230
6469
9999
10096
1706
10924
675
15198
8283
10903
6269
8006
3968
12675
3692
8326
3936
14531
929
4520
14295
15315
5050
5828
7883
6931
4747
16225
976
6178
14242
12139
5621
15101
11786
12111
10814
14628
574
8580
1376
11055
12895
8443
10850
9431
183
8437
8376
8456
10125
12718
14
6673
9895
5506
7689
1564
14236
10563
12764
5700
8202
3254
6132
1024
8670
809
4777
9390
16257
12151
6457
1239
7498
10988
12924
16492
6506
9280
7487
11861
5071
997
10194
15206
2901
15522
7494
12926
16126
1537
316
5912
8665
1303
162
9566
30
4153
13895
4472
14867
9617
14158
13669
9581
12465
7594
13218
4449
5605
11362
6808
11507
3884
10877
10201
5559
14166
12478
10645
3546
13568
12235
12878
11562
15768
9465
688
11371
16837
15566
4279
9071
14333
6347
5202
810
6556
15841
16734
8044
8902
9291
11107
7304
8943
5038
11880
6337
6508
7369
16300
4594
12716
10357
15941
11822
13191
1321
8358
13985
9210
4347
15142
16498
6700
15426
15854
6439
15202
8729
4302
11235
11863
623
8334
10154
7609
9315
9604
11338
6220
31
1208
11601
9870
3501
4328
3975
15730
5684
6021
10629
9217
1667
5125
16739
4893
15674
5384
9426
10880
5868
7724
8347
5779
14065
15227
15087
16693
10534
13511
8973
15379
2957
14585
11081
5564
16525
5541
12533
15567
12570
13132
16875
6806
6270
11788
16101
4043
5594
8996
15375
16596
8527
10783
15922
7712
16295
6074
6811
3488
10314
15587
8458
13793
4448
11039
8463
5123
12992
11705
10514
8745
13404
14765
6177
14407
8647
8782
14436
4177
10934
4413
663
10898
4183
14148
11621
15679
14979
11727
7060
211
5599
13126
1065
12397
12030
15059
6584
8908
15838
12892
6929
14896
6291
11053
15667
11941
7198
4608
12373
12768
5065
9462
4507
3716
2880
1250
5001
13035
525
6657
13612
4420
3772
9705
9035
12244
12743
7481
10750
16588
4858
6699
13842
15015
4232
13523
4960
15715
16921
7694
13546
1797
16815
12964
16096
11493
13046
12608
8584
8132
11652
8944
12440
4481
12751
14520
4393
3910
13886
1169
4989
598
390
15515
14794
16615
16500
11220
468
6872
11391
625
7969
3534
7891
7056
11463
4533
353
14671
5696
12107
7221
8377
10187
2042
5570
7971
12358
12846
6087
5794
524
9056
4184
7331
440
7763
8084
15246
11202
7652
11151
10177
6120
14608
7996
10270
8722
6306
7449
10059
11419
14403
12927
10606
13711
9133
15196
14541
2038
15996
5144
12529
3639
6255
9698
5189
6644
13814
15288
16191
9136
10704
4613
14299
10714
14370
12756
12251
6370
16848
653
13963
16036
16557
3858
9770
16771
15348
11990
5457
1064
13447
13084
13152
5376
7267
7986
558
10840
12691
4120
3699
4010
12459
12551
727
8282
12415
505
9726
10134
16925
5872
9265
12600
12351
5592
9960
4392
1816
11332
8123
8736
14354
14782
15361
16750
15870
14512
13617
498
9384
3901
14615
15682
4274
15732
1897
12274
12825
15871
6173
5950
13856
5386
9689
7711
11846
9723
35
106
11973
9823
341
1971
4590
13076
4581
4622
16138
5849
13891
4203
13267
13039
1227
4652
16558
11754
10152
5889
11293
12872
12560
10212
10791
6769
3137
8606
16697
11363
10701
6121
14900
8288
5548
4196
14693
15885
8757
6180
15019
15461
14130
7254
6989
10354
953
14431
10604
15333
799
20
9081
7597
12449
9440
4513
5725
1045
13683
7583
7911
5184
8250
16219
10433
15329
7827
9741
5064
11277
13083
9547
9957
6037
3181
10306
9645
11056
9427
7800
8988
13254
15046
1943
7047
15549
12320
1377
14475
8692
8281
8198
12037
1410
13237
6093
14030
7625
16141
11634
15554
5109
11200
6244
12782
1484
6535
3266
5333
4521
1563
5151
9015
14000
4193
13549
7115
5530
164
13998
14569
12398
6434
11118
10179
6008
1896
11547
14814
7943
6392
12742
16967
16105
14071
7675
16701
10625
11066
10498
7101
11548
11036
12113
13485
4319
10191
15064
14772
12680
170
4785
5741
5837
12022
9476
7960
16350
12677
12565
7207
8555
3347
1443
7752
4716
13688
12391
8542
6334
8978
12152
15034
16770
9745
1232
14141
7194
7084
6445
7640
8793
13459
15191
9710
8145
14788
17022
12848
15209
10302
4758
12626
7799
15946
6742
8273
13111
3323
1511
10068
5663
9815
7912
15979
10702
264
1115
8560
14408
11224
14338
9396
417
15044
13206
8920
5308
16747
9160
206
10598
8386
10849
9054
7378
6814
6522
1837
466
5951
1452
15347
1999
14325
11964
4882
16207
4353
3932
15086
12752
271
11336
369
7036
9185
16275
10504
6125
13817
13581
16197
12515
7153
11723
5061
6461
6569
13426
12000
14452
15171
4717
15808
12258
16071
7206
6238
8823
11272
5768
9680
15010
13024
12785
9374
8425
4697
4047
3401
4015
13976
14813
15901
15212
7627
3987
5098
5709
14449
15993
5453
10250
6386
11868
283
1340
14173
15943
5987
15427
14965
11387
2009
9038
5181
15588
6977
10933
1524
11554
1471
13105
12178
14432
1131
6165
5088
14402
89
368
1213
4251
15193
8593
9696
8035
6112
10290
3235
6963
973
1731
13271
5455
1079
4511
5742
15900
15075
9820
5348
11178
15188
16562
9968
3650
7195
4619
15576
4880
4278
16668
10520
4628
16756
1001
5135
10353
11322
1421
189
6984
13234
4029
8917
13269
7596
10881
11856
5821
1198
5209
13707
8477
5390
4676
5420
6129
4551
12648
14072
5130
11110
14974
16268
5626
14280
4216
7931
7240
11097
4248
11476
9045
6679
7479
409
8302
10997
16937
8690
11044
7343
327
7356
7399
9094
15049
11156
16490
7131
5313
6819
17002
6141
5034
16271
12661
7997
14776
15110
11972
10857
12336
10999
14703
5927
5409
15833
126
10268
12270
11031
10
11992
1230
1075
16545
4906
15776
8660
7273
12109
9415
1828
704
14908
9512
14087
12502
4727
6494
3469
16204
2977
14382
14745
9196
11518
6741
4636
14116
11478
6097
13631
6654
7884
6707
13399
9403
1117
7223
8075
6831
7300
5632
3981
1644
9620
4113
13524
8565
4026
5874
9020
12309
8461
184
5012
14009
12023
13340
477
13189
6447
16528
13633
14651
12260
6641
6558
1648
2936
11388
15328
8834
15608
13822
13082
13094
5815
13479
14100
12149
472
16294
16834
4276
10828
9408
14391
7559
5129
10879
3833
6540
6773
532
15692
16516
16367
6265
6853
6708
5730
900
2950
13370
1091
9095
7730
5083
3683
7437
3861
78
4916
6624
15813
4018
11722
15884
6251
13700
7586
9152
9032
708
15505
9381
15076
7042
6875
14989
4093
14268
6159
8243
5238
16491
749
1141
8657
9977
12578
6525
11207
10777
1108
14294
5147
5843
9899
16149
5138
8010
11536
12317
6499
9493
12216
8507
16152
11828
12582
11030
5495
15921
14641
13303
14946
7046
3940
10765
1397
9919
5514
4202
1796
12621
1336
1831
5073
4503
13555
7057
9206
12024
14532
13854
576
15601
7395
3919
5328
10597
12069
8161
12651
8051
8640
11070
820
12540
4766
5320
15226
1635
3117
9258
14821
3024
4963
13007
7745
15350
10284
11795
15164
14124
560
11792
10680
3652
733
10027
13627
10985
13911
6502
1898
15882
16659
4359
12863
10378
151
15386
4339
7526
16905
15913
429
5578
9800
1101
11254
13102
13297
7783
8085
10259
5022
10423
1057
1480
1768
636
108
12727
4841
16577
14079
11040
15368
10033
14629
10016
6126
4124
12703
5835
15642
1624
12070
12555
7455
4225
7001
308
4742
6916
14201
13436
10412
4207
15906
601
9859
6797
9551
4846
6688
5200
12369
12798
5918
9856
1964
10989
16530
11576
1088
4211
759
12288
7610
13540
6142
16759
9499
12306
8600
484
10001
9922
14721
11344
7499
15726
4830
15211
5793
9706
10778
6486
12744
4512
10745
10588
14239
13692
8424
478
10845
11119
7011
6357
1529
15831
11306
3971
9593
136
8342
7656
13983
566
11516
13233
1708
7731
15781
7181
12777
8562
5988
14171
12794
15638
7296
11642
7588
10923
13238
8076
11549
10872
14554
14723
15924
8626
5318
3760
11966
12963
16548
16829
