11183
3436
11461
3330
3465
3545
15495
1195
1144
15
3954
12222
13967
6065
12558
2411
15723
16512
5411
11655
352
16215
6151
5190
14372
3825
16364
2769
15263
16702
940
4808
12867
10709
9627
452
2668
15476
16706
11475
2289
7411
4011
12618
8779
5084
13392
4003
1696
3919
11518
16310
154
8814
3001
11967
3202
4945
5720
15933
11332
7506
12427
2296
5931
7780
65
231
13905
14572
7603
15598
9386
5398
13100
6416
13403
5977
765
3929
3823
15785
8728
724
13596
4551
15070
354
5501
6465
13243
11013
10931
12389
16606
13820
2544
14922
3724
2331
16935
5176
8960
1939
3327
16049
2982
6254
12160
6431
550
683
15076
15730
6622
1777
6886
14484
14594
10227
11484
14428
13088
3291
13425
3988
11988
7794
761
4672
10499
6853
169
13462
16531
5901
11274
11031
7995
15596
15223
14978
10337
4093
11280
3189
6616
12873
1480
15243
7626
15574
2576
6160
11633
11032
14989
3326
10577
3870
11304
16010
13738
13834
6606
5545
6236
7108
6645
138
11112
6514
7379
14234
14067
14768
4898
11927
15729
6653
3425
7057
15583
12454
11645
1691
15718
12667
5971
2084
15633
10858
7984
83
474
12142
6837
15377
15350
9568
2219
5614
15893
15701
15579
725
2275
3951
14260
1629
12430
678
656
7516
12720
12791
8531
335
15925
4023
2239
4357
14494
12075
8833
7277
11809
487
11925
14893
14853
1021
12876
16450
8826
15410
11637
11161
6435
719
14947
16398
11500
5262
15980
2417
14058
10869
4733
15905
14132
78
16174
15134
11647
15637
11590
2835
4347
12029
12447
10317
1180
3676
1607
10589
2546
6413
11156
4009
6006
2231
3571
5693
5423
5462
13849
6547
3794
1950
16232
10761
5015
16810
14249
728
10959
7059
16870
5396
12414
1141
14693
15772
17018
6316
4652
12352
7041
16616
12507
3442
11800
2358
3815
15818
4198
16277
16902
13830
2652
270
3806
13040
7204
660
14582
16910
16782
5858
4680
10971
5585
7953
6333
11445
4099
4038
11241
15202
16230
7459
7968
16173
8759
4739
7566
15661
15362
16973
6440
1687
12024
4726
781
5944
6756
11542
14349
12276
12788
6523
12291
14089
5385
16621
16631
4087
13111
6521
3977
7287
5862
16168
11907
5225
13364
1267
13699
3213
13296
13770
5973
11395
4076
15441
1048
13338
16794
4638
15739
5332
2418
14381
1045
3322
336
10008
7620
1019
5289
4676
15926
15813
17022
926
13736
3201
12297
4987
11401
11080
10297
2627
8885
4378
16469
13558
4578
5344
14832
6306
1364
4417
6849
4309
15089
7185
15936
15934
1055
7627
4862
13062
5723
12230
6104
6305
6601
5357
5220
13860
8261
5933
11244
15526
3384
7476
749
4724
999
13759
12214
1138
3031
5702
5435
12608
16775
399
15430
11739
6997
8719
5597
11921
10238
10452
2175
15847
4221
4410
7757
16832
14323
12052
7383
1451
10762
14477
12039
7387
1959
11924
3372
2897
14154
10791
391
13262
16628
14496
7702
6498
14627
1669
7946
7675
1685
11822
14315
3147
15479
13209
10917
11520
1187
13781
14657
10203
845
12027
13963
4617
6456
13270
3021
16433
3437
5287
12358
15567
12274
16489
5744
6071
6805
3901
16909
5960
1385
13995
6066
1322
961
1852
1359
13818
3037
2724
6437
5616
13072
15393
8062
1043
5704
14029
15432
11482
14419
7210
3470
7581
12656
10728
2750
16157
12465
15027
14257
13779
16480
4555
1827
6679
943
5843
16637
16371
5856
10109
4062
13398
6981
2115
12164
14734
16690
14997
1858
6000
16898
3589
1122
7324
13704
15561
13651
12139
4488
5951
12270
11312
12550
14577
11398
1722
6918
7587
15500
127
2554
11454
10535
1849
14356
168
2105
2273
5682
2186
11726
4422
16713
3579
11084
5071
717
15489
16422
2121
3620
15425
6
12581
610
122
15457
6422
5523
11955
16649
193
1804
11334
1626
12965
13430
434
15568
13360
16991
13665
12114
5155
13491
2504
15094
11755
16997
2518
420
589
529
15235
14367
3879
15597
14863
4816
15266
3096
13720
15505
4656
2139
16554
3532
16907
1908
11932
11118
6865
11525
8839
2389
720
2480
3766
5199
11863
16886
5255
1134
1726
12210
2161
6427
8916
10034
5538
16336
5208
4604
8424
12546
15616
11385
2931
12631
14441
274
6228
404
5937
16880
16108
5253
13591
6848
12487
12623
13278
11976
1918
14658
11277
6842
2902
1960
4084
1017
5278
4047
11433
8942
2737
7847
16584
4667
3468
14028
3052
13466
11556
281
15581
16358
7735
2815
2414
2938
16855
3856
12630
6927
7009
7707
4425
16169
860
8918
965
2313
13414
5511
959
1326
3163
12271
13380
16131
13654
15020
12912
8183
8026
692
5417
4781
10703
2439
12738
14654
16420
7872
3140
11566
3375
15726
570
12780
14725
12764
4625
13191
13277
1338
6802
1822
4955
723
7727
1534
3130
3304
1526
11180
13710
5834
7097
15929
13383
3332
7244
11078
5026
12369
1941
15220
16576
13474
11165
6672
4988
8356
11630
13891
5033
12752
13041
16208
14373
1758
2396
2127
6182
159
695
12974
3105
8516
12073
12497
10440
12336
2401
16439
15706
3603
15267
15826
9875
8240
11159
5550
632
2976
13397
4558
3997
15658
8242
5110
1072
6988
15689
11140
16632
15497
1744
935
10835
12832
4235
14396
15589
15805
12957
15434
13714
3446
5771
5923
2080
10531
7069
132
4321
15433
7264
6844
11130
4095
12761
13492
15545
14153
7576
7237
6739
2211
3808
6060
10662
10427
4899
2988
5470
341
3742
7870
14506
7112
11235
10204
6181
4069
2529
1659
5712
3948
3871
14127
15797
1098
10702
13870
785
3134
6750
8807
2960
7486
13780
6221
6264
16129
10933
5422
3750
15612
4630
3884
496
16530
3627
307
1356
16964
11355
235
5243
13249
16270
4234
12053
14576
2909
3729
13051
6359
15952
14670
4524
9149
3669
11719
4018
3600
10979
8852
3274
12179
1254
5896
120
1660
1915
1329
9638
8548
12229
519
17009
5804
12018
6385
9718
15412
4996
11135
10794
3240
5521
10685
2957
16352
12172
16123
4823
5607
16641
11362
1833
12301
2596
1690
4642
6969
89
15426
15644
15511
13938
5405
13805
11400
6987
8330
16678
13301
1813
13312
7610
3978
3964
13059
16625
14612
6943
5271
8905
8934
1710
13448
7259
700
6697
15246
6459
13325
6372
4859
1117
10783
11627
16050
12415
366
7139
13856
74
9397
4228
803
5304
6308
2697
5242
13911
15535
1645
12657
1395
13273
6010
252
12193
10399
4356
14351
7188
8307
4348
6634
12341
6907
7797
12370
2973
5086
1140
16301
4599
5363
14503
2048
14193
14913
4941
6855
16196
16780
3749
196
5762
4513
3476
6964
2274
11512
8061
11601
11198
4904
34
13319
7733
9632
3811
12354
7248
6536
556
167
13612
4937
14122
5348
14081
3973
9630
15268
8956
1201
12393
14885
2648
13333
1716
16141
480
11606
7643
14526
6936
16362
11100
9719
2371
15995
6684
14301
6003
11409
15171
16970
6959
11222
1274
15429
7102
1566
10629
681
892
3548
3813
3733
1734
14722
5492
16231
16529
10688
988
6714
3424
2819
110
4834
12795
4016
4777
1568
4267
1224
7611
11142
11053
2282
15543
7928
12971
7589
16039
1635
16436
7572
12525
13166
16274
636
10963
910
14478
9753
9539
7639
7013
4803
4943
4013
11998
4366
2918
2309
3711
10743
958
6501
8044
16430
1225
9883
10674
4509
16269
10994
8146
6921
13189
12886
15063
15009
108
791
14867
14501
7902
1290
13528
14543
13659
2615
7470
937
6812
13943
4581
9437
14276
15549
16861
13015
8007
7751
16346
16734
8704
6903
9616
12349
11978
3544
2155
12745
12441
12422
7661
15463
876
3628
12541
15387
2415
8041
13461
11249
8070
11548
6843
2078
2607
2907
13324
11169
8989
11229
8598
809
6272
11085
4989
6789
11860
5648
7153
12707
928
8248
15360
13657
9733
6260
10932
5399
106
13168
7083
15844
4778
10882
16650
11614
16365
2357
14334
16854
6054
8966
11836
3227
8665
7670
13627
14593
6718
15109
2776
16642
7274
13016
2236
4905
2166
12863
3998
9737
309
13372
4172
849
12299
2149
8016
14465
15199
16868
12673
13395
12785
16586
7281
11382
2917
4585
6376
160
11480
8037
3814
11649
4135
14023
14418
1584
12585
7143
15353
16234
16978
3511
15841
3462
150
12198
15773
524
1944
6733
3842
11908
1863
4811
6030
7521
15800
14357
15448
11213
12902
4798
5024
13158
5250
6818
772
10648
13124
16464
16317
11547
7077
12887
3935
545
11741
6693
13537
12872
5127
15755
884
7721
8908
3362
11423
1314
2342
3438
3008
13264
3015
4505
7300
5338
212
13034
15152
13239
12293
5540
14665
2959
2445
16679
1651
2629
6847
3797
1861
881
16381
13540
991
14424
3540
14120
11536
16032
915
14414
4939
4568
4814
2475
8142
2118
15640
13133
4268
7198
7725
5426
4241
16537
7438
237
7282
5803
15788
2260
12245
11824
12212
13419
6529
16338
11827
16640
1090
16300
7645
3452
3868
2779
10051
4614
12452
4730
8962
4892
13135
13712
9745
8671
13148
7672
10477
15298
7062
11364
15735
12977
14288
2268
13125
1556
4213
7519
15411
7617
2032
4980
1196
15806
5828
12969
13282
11883
64
13747
7456
16185
11499
206
262
5871
2565
13310
10681
12766
10733
5571
4024
747
6050
14300
7835
3412
4944
508
13816
8210
2848
11885
3644
13682
6118
6759
16227
11090
15375
11318
15610
13692
4101
1147
8031
1462
12715
1348
13202
11745
7740
13658
7763
673
10834
13416
534
1068
1264
5450
16671
12897
7159
7796
4429
11255
844
3085
14151
16033
2500
6764
7026
11248
466
978
5081
10135
14758
6303
7966
2919
7448
2051
4048
5380
6526
12376
8110
6963
12329
7106
3810
11132
11064
21
8555
880
11969
3638
12074
15635
15790
5374
12366
14077
11368
2062
12106
15327
11175
16392
14951
15271
3686
1985
11344
2528
11728
13561
3192
1087
14779
585
13493
15378
14104
812
14621
12136
6660
5610
2338
288
6681
506
7317
5388
2429
1435
14777
12669
13279
14145
4537
1875
4857
677
917
4520
2491
5070
2288
950
4375
16583
9101
8654
16412
4708
14848
4291
4403
3314
7407
4377
2984
6355
2470
12111
11626
3915
5676
6288
5152
6126
4175
4493
7555
11104
11764
473
11765
13344
5392
5563
1743
4008
838
6716
10822
232
11689
1554
7505
3732
2241
12097
2116
15604
9754
3153
15734
4324
3623
15087
4157
2898
15151
15075
1052
509
14011
757
7704
6472
12719
8431
15491
14844
15591
16426
14164
1682
15292
6829
394
12045
1723
13975
289
11357
8456
15927
2311
3504
8095
10006
9785
14982
15724
10885
12216
697
11797
14171
1666
5743
10722
3047
2556
16405
4297
15774
6986
13688
2594
16874
11263
7524
4679
14684
7401
2884
8438
7060
10766
868
5421
12627
6509
6044
8316
7029
1192
16242
2757
6144
10921
13675
14704
6635
13799
4239
6105
14645
5961
111
14525
4288
1755
12296
11463
6337
7272
1831
2862
4411
11285
1715
12612
12178
10796
12459
11770
13081
8119
16525
11292
2992
4053
6661
7759
6342
3335
5135
5202
12140
8359
5167
5847
12979
13642
16190
15924
2259
16043
4920
1179
7280
11903
2199
5330
14401
332
603
7466
571
7851
14919
14641
15590
5776
1857
4512
8925
4928
199
11042
4978
16685
1146
4295
14305
4793
7450
5925
3534
13929
12701
2409
920
14862
15451
15988
11015
14499
13447
16167
14987
3993
13205
175
7313
14066
1033
16517
5768
8151
10778
2580
1374
10542
27
6735
10945
13983
13436
7885
14599
14644
16454
14959
10243
1567
3063
16240
2513
15532
1751
6102
6980
4461
6078
7773
16990
8475
6707
4147
11446
10523
14636
2367
4566
12093
7306
15812
3120
7625
5468
5915
5179
3760
5818
5948
15621
12284
7249
3777
1901
4650
15863
16144
539
8038
7151
6908
10986
14121
11734
8898
4589
7375
15782
7782
3174
13767
5089
6538
7278
5640
1787
12183
11399
14308
13508
15177
3217
7265
15140
11150
13427
4746
8022
16862
3484
7700
622
14207
4350
11534
5466
2430
12696
12706
2540
5810
443
3703
11012
7582
7641
13519
11939
10705
13631
8227
16860
3397
13578
3805
16302
13066
10205
12197
15153
4523
1014
14624
2585
4207
7613
4731
1268
7229
6285
6131
14811
11143
3552
12990
4479
1624
4664
5785
11576
5927
11560
12445
5742
11322
5164
2977
15025
8498
4382
3601
7431
14991
4173
3583
12616
11555
14746
4413
7257
12084
10710
3004
13835
14998
15949
8254
267
5272
6531
14512
14858
12794
16560
13599
7331
16041
11336
3197
11415
1468
11618
8682
1956
11069
13899
4406
14363
4496
2060
3891
15869
3513
13322
3080
1324
1190
4972
2128
1937
16542
2542
4913
11599
14482
3445
657
11812
3920
5726
7943
2322
912
15276
1100
7756
1925
15450
3819
2968
5464
10274
15525
334
15471
1104
11006
4790
7004
4591
1535
15341
10877
13317
886
2207
12906
9980
6229
7003
326
16746
13563
11034
12395
14955
11535
16249
4567
4477
7632
5252
13984
11375
2251
6017
7590
16995
14633
1992
285
9584
16022
11944
310
12417
11778
4763
1145
1825
2511
1172
3985
4938
11392
15313
15060
16156
393
15711
6466
6724
5781
1565
10817
6834
4725
4420
1191
15669
5557
11587
2924
5950
5666
6736
1708
6758
15504
3562
3110
2636
2337
8404
3198
14826
15585
5512
144
16460
12578
12877
6662
15527
12588
12818
3053
5656
2777
16037
12986
14824
11992
5820
11845
3611
13564
971
8303
1282
1352
14253
9324
5684
16179
51
7420
4549
15466
8748
7619
15447
2045
12606
15238
11853
493
8816
8140
142
14551
15654
14188
14711
4545
5222
4752
17017
10352
14220
15802
13107
1284
1249
3925
14795
14676
10446
7628
11070
9307
14170
2122
1373
8189
11953
2206
3431
8351
6815
1727
13862
11269
4345
2007
16359
12686
1654
2881
10206
13057
3542
14387
6721
10222
11002
4054
8334
5995
3239
13200
13068
10792
13934
12878
12727
8547
3984
15309
1219
1663
16061
11284
16609
8853
1967
8883
1733
2522
15049
4595
4240
964
7674
3605
14339
1120
16195
8849
15853
13815
4184
7658
3584
13989
4668
2869
3115
7557
15801
3566
3043
14157
7494
4666
11746
5979
12384
15339
10731
2929
13201
5293
12002
14186
794
1158
5588
7717
6485
7777
16724
11190
11567
14374
15188
4851
13942
16871
7894
6220
3741
15384
3922
12436
7224
1293
12554
15940
931
9847
6938
5282
11588
2157
16908
743
2731
2545
11669
3651
12062
11533
12600
2086
1872
5778
1394
2421
4483
6507
2079
4220
11690
305
15622
6605
15079
7868
5645
14098
13892
13049
11509
4472
1456
4770
4815
6781
8463
1536
521
15541
1074
15138
1895
11672
2793
2866
13136
7478
13237
11440
12513
5796
11163
914
3689
12060
359
16700
3677
2042
7289
7376
4909
1865
16054
15059
4948
12011
1560
4302
1015
16197
1677
15062
15311
3420
6379
7090
2746
13219
11829
13429
2525
5319
10638
6072
131
14206
980
14967
13080
12373
7194
15979
181
10832
11476
8144
6491
16150
2854
12493
2859
11417
3461
13038
12767
11148
5978
5382
16058
3602
12442
6390
462
6259
7141
1569
1277
2056
3188
2761
1975
1474
8347
5891
8895
15270
3561
5653
11037
14618
3494
4592
3955
3416
1604
7
14232
11160
11224
5041
13583
8752
4979
11333
6186
12598
13087
10768
6742
12120
15709
16888
4800
2625
3432
5510
11671
166
4043
2372
7772
630
7664
16578
5671
13185
2024
7389
1502
16114
848
6248
11329
3254
11311
12
13212
2329
15216
7546
7144
11253
5654
12536
312
13936
6769
4431
13792
3748
1598
14788
13940
12314
4900
10972
2774
821
2675
3175
1002
10737
16354
5831
16378
5263
2381
11271
9927
14926
1171
119
14794
3830
1549
12254
323
7086
14198
8353
2297
8160
6367
13614
4893
5291
6878
15326
14025
4373
172
631
2015
4265
12315
9779
7803
3753
10445
6895
11479
6113
5853
14755
8824
12213
4740
6325
5305
6917
1579
5537
10918
10127
5443
10290
6274
7537
1056
12586
1484
11825
12392
1239
14869
14708
459
11207
6761
10878
2680
4192
13580
12964
576
15365
15484
11297
220
6954
3475
1399
10813
12318
5094
116
15296
8527
12524
1129
16452
12499
9902
12298
8720
9607
10956
11094
15749
5241
5584
12325
15811
13854
7192
14490
9693
3976
15083
15034
14203
818
16699
8206
4775
16596
7339
1998
2460
5032
12737
3615
7697
4999
2272
6699
14861
3864
8626
4061
1151
12346
3780
14562
5234
9771
1213
3655
14190
4755
7298
2661
4653
16939
1555
15017
12698
2508
2069
14681
14909
3244
8967
8913
869
1226
16651
1199
1391
13839
16949
5484
1853
3054
16772
11642
12491
4045
14611
8757
4912
9891
4206
15830
5760
5130
7606
5438
10458
10860
14280
3528
247
6037
4685
11629
5483
10456
3067
1550
3497
2850
5764
12980
16959
672
5072
2041
272
4501
2125
2176
12953
8577
1980
7915
8981
5431
6196
14491
315
1116
16367
10801
12101
5049
4242
8868
7580
3667
11214
13394
4768
2254
8460
11134
3388
1572
6036
1886
477
8264
11638
16994
3728
14181
11865
2754
5375
16335
1089
421
14929
6492
3587
14245
3417
5307
2196
13619
7063
16246
4498
14184
2065
11530
7216
2447
5144
1704
12158
7703
3302
15648
16889
8135
5880
7652
5730
616
117
2863
16483
649
7038
798
10072
11866
1142
12413
14318
16228
846
15974
7671
14463
11697
3273
4311
3523
2766
9798
11880
12088
5636
602
12924
16211
3284
970
3642
11864
6991
7728
264
12575
4042
15191
14540
13086
5549
7267
16614
10500
13554
14683
14102
263
780
14236
13827
2676
663
3762
5662
628
15286
3176
891
3981
4000
6055
2363
2694
16321
1514
5310
13077
2106
2194
5735
13797
6470
10859
7294
3358
2742
12885
14088
331
6426
1189
14173
2136
7397
2286
12076
10996
15173
5048
12888
975
4620
1296
12765
3012
3691
8308
4902
12529
5724
4833
3281
4504
13073
3181
2541
1124
14663
23
17021
6624
7017
316
11460
15603
5868
746
16435
16948
701
286
6813
12049
3838
542
4149
12437
1881
4363
10763
1785
11537
14948
13992
4170
13048
15831
12501
12681
6768
6828
638
14966
4145
2271
12470
16740
1088
7860
11176
15245
5988
2893
5294
8046
16968
7162
3890
16387
1808
1317
180
7046
8511
16707
7768
13127
5772
5311
14090
3167
12087
690
6015
13261
4159
587
7612
12703
14723
12153
11919
13263
6636
8827
3792
1361
4804
3498
10715
14043
13702
3775
14961
441
1694
2497
1965
13108
10697
15867
7680
9840
2983
7498
6513
5975
15404
2747
11481
13117
1794
192
3072
2536
7621
778
617
14402
6588
15623
4750
15972
10904
16296
12988
1315
4394
6091
14365
6642
6406
7659
5324
6901
16069
3567
5689
6370
14013
16239
9640
2593
7597
1054
11186
11477
8457
216
13294
15401
12800
2617
16201
5854
2698
14016
4103
137
7286
11023
5223
3672
9441
14450
973
14894
11073
2969
4263
2366
2703
4131
5574
16533
3646
2448
11906
4689
1790
13456
15704
10301
15379
16189
5109
4544
15242
5690
15536
1380
1903
11712
10815
4743
14703
13698
857
12531
8902
1623
4365
10134
15530
7365
13490
5439
16824
5011
2928
8909
15676
14840
1473
3058
3787
1838
5429
14191
5632
11040
14398
4073
2047
16273
5562
6505
8652
5954
13865
13933
1508
10881
14769
15275
3795
2695
13362
471
6579
10679
15168
10875
15166
5019
16926
4774
1812
5885
12834
1842
15956
4942
13417
15250
14632
5929
1393
16348
14162
10799
3383
986
1304
6630
15101
1159
13926
4445
10774
1501
4443
2183
14292
16139
11067
8339
7184
11438
12527
3364
5556
4574
1657
12950
59
8545
14002
12206
16689
7133
7601
14258
13313
2599
4468
3336
7094
14440
13234
6858
6226
5268
16876
2895
16522
16115
6474
8561
6398
4219
2752
2459
5850
7934
1034
7219
12202
5333
6082
861
16428
3125
11504
4129
7736
3680
13326
4995
12775
16806
7562
1631
4670
7032
13268
12400
2160
8162
3151
3251
7591
6598
827
2279
15784
744
1778
14160
1527
4387
12828
14124
11940
94
13215
12762
6400
8137
12797
15710
9868
2946
15329
813
6205
11613
7335
8940
15018
1586
598
10592
13173
12907
2870
276
889
12511
977
12416
1466
15438
15860
5817
1890
12896
5839
8302
8534
15494
4215
11110
6632
13485
14272
3862
1046
8363
299
7007
3079
2427
687
1522
8568
2532
1355
2857
6666
5237
8154
20
6310
13303
11635
16444
14588
16090
13843
13890
2875
12741
1130
2075
14403
9617
6977
689
6365
6007
5283
5383
5799
204
1800
5171
14407
16974
5613
7468
13240
5424
779
14691
5480
858
4565
10784
1911
4001
1990
8550
10947
10829
6048
10922
13894
15181
1653
2638
16543
7463
12540
13925
2834
14537
13399
8939
9877
15742
7499
3740
15019
2781
5626
6157
14586
4105
4961
12078
839
1792
16830
5376
2404
13159
3573
15347
6344
13775
8174
12061
938
12869
170
8228
11595
16158
12048
13691
12147
12831
3992
2527
11716
9624
12675
16781
14355
4181
5663
4236
1562
2622
16027
6996
1096
12901
10803
5452
256
2782
13717
11077
8203
2670
8027
7824
4030
6424
12145
11444
16759
15198
6179
12714
3270
266
257
6384
10335
790
1713
6633
14393
13144
1307
15256
11772
941
11899
3537
14715
6618
12496
11252
8401
3755
1622
11611
7065
722
12553
2221
11458
5093
4527
5914
913
7232
14411
2822
11760
2304
16601
685
16059
16437
15442
3277
6604
4137
5251
13962
14581
8370
12266
1564
7167
11585
16933
16683
8645
9559
15388
14620
8735
3258
2681
12889
15366
8165
533
13598
13573
5281
6863
1799
5098
4903
6224
198
5192
13321
5841
7301
16931
3406
4019
11254
13468
12636
5277
4853
16200
555
12428
11127
2035
13467
14818
215
13162
10404
3514
15356
13917
12683
10999
3555
201
14026
16921
6462
13644
13183
16137
16109
5573
6950
15515
93
14106
13628
14737
8071
11780
8742
13336
12080
17004
11107
12917
4819
6103
1463
2736
69
824
12348
2494
13025
896
16965
8657
12713
5350
8705
3617
1311
16981
8429
15708
12635
16008
12257
11153
3995
12478
16563
6414
15578
12915
1699
362
4896
12589
1386
5625
11705
11815
2073
10800
8169
3501
1495
16976
15557
4570
16290
12690
15221
11583
11862
13906
16024
15420
8163
13143
7292
13660
12941
11250
7070
7901
12978
16280
5276
10927
12215
8004
15821
16345
3536
4332
16540
4801
11674
15170
13170
4467
3967
15262
14340
368
897
9900
5154
7240
3960
14843
10981
1258
1250
7359
1905
10828
14714
8392
10
6016
740
5312
12782
4065
1341
11171
12567
1325
713
13260
2248
2341
15733
3706
7327
2764
4247
4691
3563
14054
15065
14994
1370
12192
16072
2707
6458
12481
12443
11393
3135
3285
16218
2530
13501
2712
12874
2765
10401
11523
6241
14712
14918
14563
12434
9777
1832
14986
1265
10820
557
4703
12570
7696
11685
15939
13337
3409
6019
5738
4485
12817
686
6201
16762
9580
1921
5680
11804
6810
3024
12258
4155
10651
16816
5821
14239
5471
1415
7991
4958
8321
12871
7774
3269
15105
6831
13255
2220
2461
11347
10767
11372
5040
3377
6587
14229
9909
15218
7673
8418
3634
3187
2637
7999
2376
4771
16001
39
3822
12223
6067
14461
662
7064
6667
6230
669
4081
6200
8157
15118
7559
11502
1705
2951
13879
3469
12940
15508
14483
11511
5506
8100
5458
448
16801
4712
5695
11851
13017
4296
11083
4079
6290
5206
13766
11123
11434
8251
600
1269
12711
4922
11387
7686
15523
6572
4706
16574
10747
12520
14664
14319
16292
1410
1406
10840
342
1735
4956
5710
13150
10012
4290
9026
15572
8855
13058
10663
12174
15890
6772
7101
7553
5244
12119
1803
7649
5186
4503
8014
14044
1922
16836
12929
6304
15352
13823
11514
13743
2791
7457
12923
2222
1540
13844
4319
202
14469
905
8890
8691
14702
16222
11871
14434
4355
11421
8858
5953
546
5379
9414
14809
15207
795
4349
16835
802
1261
3717
3965
2830
72
7400
3633
12563
2383
8066
5077
5940
11048
16767
14880
5401
2843
5980
1675
3791
15128
13182
6782
4517
10533
5213
3313
2865
16791
11544
16498
4449
6206
12665
1465
14360
3526
693
976
12571
14268
8933
10923
16496
11891
278
472
14480
5527
10441
6961
14976
16142
4339
6798
5122
365
4256
13412
11467
2797
14597
300
12194
10802
5797
2550
13873
5606
5009
8323
10910
3142
8194
12651
5694
7640
1906
16021
15368
10780
8655
10257
9019
5649
17006
2979
5195
11282
12840
1121
14410
3464
12903
7475
2187
7446
4463
16438
6421
13635
3389
13410
12475
3816
11490
16619
3927
4456
3480
4402
15667
13002
9582
14008
7692
10564
11141
4183
2989
14421
4178
6475
12822
3570
10988
9995
12772
2108
6793
1594
1240
1177
11168
8384
15302
15512
4977
2327
1160
16396
3639
12304
4562
2387
1938
3574
745
15944
2922
14561
306
16193
15029
4634
6430
3046
6999
729
7154
12130
13370
3243
14950
3828
2600
13994
12820
12383
611
15251
15474
1542
8910
11194
16635
11004
15795
15981
15461
9431
15045
16394
6930
5826
3648
14000
11799
486
7931
15252
15914
13931
15403
16130
8689
12286
7861
11008
10183
10064
13266
10312
12523
12495
5393
12735
12355
7684
12004
12679
16098
1862
6703
14070
8692
15681
16148
3821
13965
13402
7752
8366
4052
16410
8106
3007
8116
2306
5910
10852
463
4154
14422
2729
736
15150
3888
2009
4852
635
14451
12587
13176
6890
11489
16779
14080
5535
5412
15594
5451
9827
8681
1681
4063
3228
14117
12402
1839
12687
1476
16501
4028
15316
6432
11337
14049
2730
650
7417
705
2767
12838
11933
13128
4997
234
11539
8184
12265
7319
5002
14879
13924
4521
12552
14065
4056
3918
11003
12047
2632
1243
12895
7050
8023
6913
13437
4954
6711
12809
1083
11063
15162
16002
8271
13694
3396
8714
13620
13988
1053
2827
14479
15885
3149
13754
1730
7103
16005
9885
16664
3006
271
11781
4119
15930
16797
8477
6686
750
16673
2578
12026
6023
9946
149
4333
14328
16579
2355
963
15033
1188
1291
14303
7509
11261
14092
4049
6192
12644
9490
15374
16526
13486
6595
8314
811
16626
16424
14217
16152
1328
42
2613
11188
1661
11968
1203
6115
7085
1504
902
13316
16401
7095
16347
3857
14608
6199
3630
5076
8479
6979
16101
3266
4161
5273
14756
6569
415
3855
2700
7897
4636
1643
823
14847
242
16262
15371
8199
4041
6525
14761
12058
3658
2579
284
14097
14108
3290
5265
2642
35
10673
4646
2551
273
4185
12137
13101
7783
2456
15324
15117
15814
11227
4713
15842
10758
12661
13027
5044
13993
15129
15833
4166
90
10930
16210
12729
12560
13640
7883
11961
15643
1639
10965
783
10876
15440
859
9913
16306
12143
942
6615
7360
7490
2281
14671
10975
11217
14770
12166
15803
11850
14250
11098
2725
11897
568
3949
5508
3159
7616
4106
15132
13667
15915
6887
11497
6009
8750
7333
11557
2354
4262
14552
7558
5620
16415
16136
7445
8391
1668
12305
12350
14493
7650
15894
8667
10781
8963
1234
13157
123
15414
402
15011
15528
711
16081
10879
7394
15611
15855
16432
7336
2505
11664
4627
15519
613
3229
8922
13487
10899
14226
1893
2726
7020
8662
4546
14776
8317
7404
15028
10384
9956
464
11842
6877
15227
15827
13807
45
7135
13952
1471
15717
6133
14359
1168
13541
4020
17002
3898
10759
14530
7096
3095
6944
4384
12530
14813
10255
7689
12899
1398
10037
1003
12108
1233
1437
3473
6894
10824
14993
1979
15014
6063
1085
2112
801
16693
14822
4218
14502
328
2321
10461
13129
190
4444
3844
1759
3104
906
17019
7197
8445
4447
11794
5982
2443
11447
1673
13023
6864
16482
16388
4542
707
1582
1450
239
5139
16918
3097
15423
15209
4210
14738
666
13921
5160
12126
2612
6753
15315
5526
513
8888
12650
3434
2687
7391
11612
5759
11167
10247
5428
16272
12841
10119
1400
2380
12836
1320
15961
10718
9935
7316
16431
3323
11893
495
16668
3235
6483
13706
2688
3319
16727
76
6155
12490
14004
2474
8361
12069
15031
2319
61
16213
12457
6534
9924
15793
14
5965
13484
15651
12918
13877
13140
15436
8774
6803
4334
14580
6893
12814
5400
15091
8451
1247
7785
12138
16612
12310
4841
1447
16023
4947
5204
3403
9953
12375
2325
13199
440
16892
1428
12098
4179
9350
1703
11683
3011
15695
15837
6052
8820
7698
10483
10726
14956
7127
12094
98
1478
3368
5163
982
8039
10614
13979
13097
13335
12789
1313
6939
4882
15662
7430
6978
16709
12203
13216
3541
593
8096
11505
1342
10147
5686
9439
15416
16366
11529
5838
5737
8152
7998
15467
1577
6312
7820
987
10696
2892
1879
1860
5761
14243
16585
6346
10907
15839
4090
5520
12749
15160
702
12344
4660
15916
14085
3341
6578
7554
3687
3141
10841
2526
10403
12170
15005
3924
11594
3423
3077
7427
11543
11238
2113
11266
13386
15760
6079
6644
1637
14659
13055
7099
6811
8486
8611
16872
1382
10321
6451
15540
13494
13878
4908
14924
5667
792
5536
15319
15125
1488
11293
11486
13052
7787
7630
11564
7990
5565
12722
5260
7682
7660
13450
2592
7084
7442
46
5454
10023
7351
184
3207
11798
5039
1467
5709
3036
13369
1118
2114
2573
2353
5808
16368
7950
12718
16287
13589
7713
13681
15400
10977
15913
14736
12810
11527
3594
5343
321
4818
12032
11572
12250
1983
14166
11900
8836
15481
4143
16325
4316
3503
3338
6361
12970
7349
11984
1543
11211
1392
11177
11945
3519
572
4022
7706
1761
7511
7739
16657
3643
981
290
13258
8567
7321
11011
13548
7279
9
6897
10839
10033
407
2903
11748
8537
2235
2454
10026
3727
16206
6623
13385
12700
3032
3157
14352
5116
1487
4773
14282
483
6593
15490
8658
4211
1047
13998
11121
11575
13872
6860
16026
5966
2485
8965
13382
775
12852
7989
16737
3255
5472
12808
7690
6867
5249
8476
12356
15901
13359
16126
6869
15506
8300
6794
16831
5314
308
81
14595
3017
9649
671
15334
14675
10720
11658
333
16478
15552
13152
9826
5113
12165
4475
13852
11429
13455
643
5194
10714
2927
9488
4835
4930
16838
16153
15026
7322
3173
8499
11859
13604
14630
579
2305
12919
16883
11308
16942
16507
788
5124
8559
1455
7412
946
16307
6026
2479
140
15942
16025
16162
16969
9770
2846
4717
11457
7846
14473
8865
6334
15502
14050
4721
15165
4039
14431
13393
13803
3625
11369
13251
7238
10782
13650
1381
5306
13832
14942
3334
13723
15037
7976
369
2646
6688
7540
10418
12300
1978
5924
14458
7347
6767
6493
16481
13655
7512
11982
7150
10387
14614
8784
1143
5541
13315
14962
5941
8417
330
13909
15503
10690
4657
1529
428
11024
11987
11105
4839
5544
1718
2520
7789
1426
11561
3859
1220
4732
15631
4760
5786
11119
445
1125
12875
11657
16708
15099
6778
852
6137
11844
11327
15628
12015
11867
4534
16205
7105
12573
3769
4883
2242
11247
9619
1678
13407
13286
10925
6998
8233
8444
13114
4412
3010
6404
708
6396
6590
11449
5446
13740
9887
10291
5177
14051
13772
13288
15057
8929
4150
2689
12999
3897
13546
14149
4848
3705
10891
10182
7533
1275
16451
6283
7887
13098
5677
12328
5303
2635
2874
5859
12843
7569
16066
5525
8560
12124
15443
3843
16961
16648
12989
5295
14623
3190
13390
14342
14224
11033
11379
5996
3599
2446
5530
11363
12568
6561
2947
7234
4448
1898
7460
2995
15891
15584
15247
7963
6271
9575
6745
9675
16723
3113
6020
4012
2276
13112
4901
7743
4021
410
5309
15042
7893
13076
5316
739
4478
9773
11640
830
7788
1606
7021
7343
10777
14265
11813
12248
4644
12996
3385
15323
16887
7241
16252
13593
7346
14333
16545
8583
6628
11706
14500
6640
8533
11901
6429
1665
9774
16408
3522
3848
5957
12096
9404
2212
5558
4409
15084
5187
5852
2873
6631
1237
14774
3069
6874
8650
5403
2229
12984
3858
786
2916
15264
15720
7718
4959
15030
969
833
10868
655
11808
12182
12892
13346
6919
2628
592
14416
6738
295
12379
14827
14481
200
6482
8597
16653
5956
10838
14228
12951
13351
1609
5143
15965
16546
6132
6629
4314
13415
895
15301
2586
2877
11289
14426
4806
14344
12262
16692
16769
12063
6261
8851
6862
5660
6743
13703
259
13538
3357
5668
5288
7714
16516
12823
5902
15142
12576
4317
8788
5479
583
14348
3896
2677
4142
15203
15184
10970
3854
5829
8781
6671
10185
13676
16655
15556
13886
5367
292
3531
7923
5673
4784
5082
6974
7323
14983
13421
15446
13726
2050
13009
15219
12985
16764
10370
6925
1559
7160
1301
6945
7051
11807
2996
14486
5034
13866
1231
5932
2715
14520
3062
15058
3936
5052
13440
6012
4854
15176
10653
12204
1345
11636
2181
13756
7734
2567
14937
5949
13203
11181
6970
8443
8882
1779
14923
6646
14285
12420
5390
14382
1766
11340
8745
3572
14459
2224
12322
15145
11817
14806
16006
10528
13951
12935
8873
13795
9140
11646
1058
5050
2630
6263
12471
16521
14628
6169
2533
7211
3040
12804
5863
4665
12458
7545
7825
6729
13226
6022
11887
3558
14687
12456
4051
5381
16562
15468
2258
15054
10675
7307
1339
5892
11550
6573
12144
3418
5888
14807
14649
14071
14555
13056
11703
14957
11679
3404
6717
3756
6068
8637
16475
16980
14213
2386
14796
6546
6428
2010
1573
1953
6452
13495
1112
16851
2831
5162
3184
6284
16124
1300
3576
3252
9821
14287
14613
3521
3704
9814
14111
1810
12345
13119
4575
3350
10262
2516
6839
12734
3185
11349
7786
8495
15449
16363
7114
6619
16534
10568
13968
5777
16728
11125
2512
1776
5513
8388
5302
11326
6167
15613
13861
11079
14707
11522
378
73
12127
11902
12488
2100
6100
9636
3606
2849
8806
14099
8862
551
5474
1079
1162
11178
12005
15032
2837
14143
10680
4873
15884
6685
11424
14219
2101
4070
1745
15306
8231
12448
5703
10785
11494
4300
13475
12125
6087
15588
13358
12994
14805
4645
7187
3367
7373
4400
8050
16674
7784
1419
12911
14284
2786
8285
7637
11803
8085
7503
7025
1612
5754
6099
11762
345
11173
5185
6607
14960
12269
4390
15290
2315
15836
2974
13478
8238
3129
6857
9364
13547
5120
6752
3101
15850
8297
9904
1712
11632
12692
11771
6153
13687
6734
12008
13948
4257
771
11391
16473
5193
13884
12360
5876
102
4273
2732
8214
1824
12246
12090
4715
15838
1430
2261
11204
5992
2462
14427
12159
7415
5897
15465
6460
15938
5475
5416
13616
10665
3970
843
3342
12406
14661
4927
11007
14205
6106
6094
6204
1413
7390
8473
8232
14296
16492
16328
4111
1059
178
7541
11408
3138
11202
12244
5097
16265
11546
14514
15668
2990
2591
5773
15370
14965
12593
6183
14039
11911
12663
9031
14527
8126
14487
15104
10671
8607
5490
12010
7028
13666
3245
13863
11821
16595
12528
2163
6872
5345
361
4766
14751
12425
13904
2095
11436
4359
7199
6162
14172
329
10430
998
2654
11267
5459
15625
12634
15959
3866
14457
8325
14812
5008
4641
10976
13272
14906
16177
7563
14560
7753
1331
13643
12956
14147
3950
4837
386
4869
2568
4055
24
3064
238
14971
1689
4088
11913
5845
14446
4266
14492
6173
13716
1617
16800
15692
1736
6922
6227
1948
6148
2267
4277
5890
7012
2197
10951
15282
16750
2002
12432
3508
3921
8950
319
5972
11394
6349
13280
10419
7297
2760
11749
6784
16462
1198
16916
6125
5321
16549
647
793
297
11348
996
16815
15193
16591
11262
3910
5967
15539
14625
2820
5146
1099
14554
4082
12399
2082
10628
10125
5685
7594
15748
7919
3447
1446
3779
1011
10949
8915
2076
13555
5361
163
11272
13204
3013
3923
10775
7005
6294
15277
13986
10773
11259
12181
16789
735
7222
16875
2226
16697
8003
2468
6876
2657
3969
11777
6720
2603
13889
15325
3161
5623
5959
12716
10760
16896
16319
6097
7418
12128
12450
1768
665
516
11430
4822
726
4015
15093
6663
14652
5327
5994
4629
6832
4495
645
5301
12433
2921
11060
10410
1137
5478
13523
12323
15754
5806
2053
15804
13306
10406
15102
6780
4216
4918
13608
13887
12225
135
13801
12217
4683
15560
6883
7178
9809
7551
14368
14223
15225
8091
251
15786
5989
1176
11251
16891
13708
435
14647
14677
14321
13105
14985
1253
12227
1578
7693
2179
2385
4748
14429
14686
13652
12394
16425
3107
12839
15064
12290
530
6389
2481
11715
4329
5775
4282
2808
4225
13731
12705
1242
16856
1667
15555
13758
3363
4407
6353
9673
7910
11036
4934
14063
15816
11936
4929
14452
16000
3772
6369
13227
878
7996
4310
13530
3664
13778
4381
8847
12012
19
1955
10843
756
11676
13104
8304
6532
6352
16943
13465
12987
16510
11264
1701
11426
84
12968
14400
14283
16639
1692
7761
10547
753
5855
2495
7027
6850
1432
4109
4250
15743
11283
13764
4123
6266
11164
16944
14086
2939
7190
6771
7239
2473
10434
16900
782
14208
6541
16471
1154
8804
2953
7402
301
8464
805
15024
11111
5756
13085
3155
15196
9655
6730
14383
12557
10449
13354
11995
14935
8202
4605
10990
9428
16726
15345
4580
12739
14974
15080
13751
322
11889
6302
13071
4741
7668
153
14148
7261
16610
8059
16528
15003
4949
12196
6682
1503
2833
1223
12830
11273
13950
3426
5518
11774
16623
5688
9293
6931
4809
9436
4885
11474
6548
16552
6504
4711
481
703
5218
8943
11056
8906
12407
11328
8296
3160
11066
4237
4165
14944
4541
7731
5798
4080
9599
16647
8599
13790
16374
11882
5064
13982
229
12294
4828
7040
4438
12102
13869
11896
174
9744
7315
3990
15775
4086
395
15609
2855
6586
6198
14475
4397
2422
1599
4807
14291
10825
4331
12398
6047
11795
8539
4343
3075
253
11708
6571
12942
3128
5638
5173
3126
15175
4464
2437
15998
1452
5721
14298
2169
6971
16446
1108
7245
14964
14892
1764
8442
1362
836
12928
10495
1679
10729
3325
2364
4601
12242
14538
6323
13634
11699
10857
236
11526
11644
5406
5482
12237
5134
10264
12486
14968
5916
11215
3682
12535
4330
13601
2064
12162
12574
8217
1913
3318
16216
2347
2030
1714
9603
15636
11300
7607
13868
16084
15297
6779
16605
4843
8549
6515
599
15294
6191
1988
10998
13026
3460
10555
6362
4714
646
372
5138
6446
11886
4659
16509
13896
13046
6993
5639
7030
13846
3635
2999
15531
12865
4632
1436
7453
6345
13730
15620
13332
5969
13729
12521
620
2804
13357
4704
15602
4687
13864
10960
5391
1753
1222
5582
8579
851
2223
11487
789
1638
10474
15295
11920
3735
11028
44
3392
4579
1287
7176
16971
4600
3344
5053
6122
1507
10272
11470
3340
16608
4782
14244
13181
1773
10883
7073
14899
3966
13999
1133
8634
1801
16017
4844
2146
16825
13939
26
12837
3588
14972
12991
4148
489
15792
7807
13579
10254
11452
5182
5183
16220
5833
7374
12234
11005
13499
4547
1576
13552
13587
2956
432
14084
7565
14685
586
9858
1227
12712
269
14405
8086
30
15418
7378
13595
10118
2853
15305
11977
14140
16590
1625
6990
1977
387
3636
1132
5201
11756
4870
7647
6502
2598
13180
7196
5895
13526
13742
14875
14771
1887
12396
11411
101
4393
7074
1866
6152
7561
6608
2191
1396
16691
5488
13895
2673
10263
9586
4249
11137
2174
4260
5212
14697
4871
4608
6926
129
5917
401
16850
9213
10157
5515
3512
2699
16340
510
8433
16818
16985
1509
3454
15963
3132
1837
11268
953
1119
16624
11260
15642
11389
9553
2521
829
9583
6011
4693
929
14752
1749
6566
195
1951
10764
3316
12757
2330
7948
14370
15241
5209
2864
15943
5031
14842
6277
11000
12602
11193
8123
13757
3286
7534
4705
3150
1532
1244
11314
14179
10373
16701
4716
2412
2284
14497
1262
11751
511
12115
12263
6329
8422
15473
6463
2803
13762
5595
14309
13734
12460
3761
4243
2640
13522
7564
12860
12824
12959
15879
1945
7023
1517
11834
249
11775
8348
10307
16245
1702
9217
14361
10751
13387
6357
13769
3402
7213
11185
7348
3631
16372
6387
16924
4078
4254
13481
2785
12429
3224
3124
5935
10074
754
12037
7258
8502
3912
6081
14825
4006
507
1994
14516
1039
8021
806
16393
16592
5601
11744
25
4762
58
95
7043
2419
7542
5211
13409
5887
13974
11610
3903
13186
417
2662
13053
1597
13464
8677
7392
62
10534
3502
5335
3972
7922
3253
13605
12768
15673
2562
8311
11099
15634
10842
4876
2057
2773
10748
3577
12753
6540
12674
1347
5604
16062
14377
10361
6497
9459
16484
9480
11359
15363
171
7385
7419
7128
7357
3994
14199
1553
13311
13500
1060
841
12021
14733
4092
13996
4204
15771
16903
11301
16904
16488
2716
15570
14749
13043
2299
2595
5789
14748
4845
5725
8291
1260
3154
11843
3730
6737
2216
14295
3264
6553
4786
6947
388
5560
1316
7202
5814
1491
3439
16087
1595
5156
14237
9727
15234
12055
1932
10598
15975
9991
5602
15632
5830
9327
11738
12288
8312
4391
11358
5170
16429
6415
8412
7474
2055
14793
10624
13259
7269
11928
7263
6506
7366
16520
16784
7481
16207
8953
2352
8876
14040
12105
187
11538
608
2684
12516
2487
5934
11294
10811
15522
12338
901
12880
4911
11126
7200
7583
14216
6158
12281
15120
11276
16998
14155
3767
5952
6488
14845
16687
12664
12854
14660
11545
10694
12057
14775
15244
16036
5946
6775
6899
11905
11753
2876
6625
12778
9689
11819
7518
13997
16972
16527
4497
12191
14139
6143
3593
15389
3861
13788
5647
3029
13373
15283
14719
16732
15185
7987
8641
12330
14682
14060
16615
7578
11346
8482
12000
2908
14105
13836
676
16028
1826
13366
10964
12086
10415
590
15280
4633
994
15518
14839
7111
6018
6783
3030
11673
3144
10712
7941
11966
14933
13342
8621
2413
7433
837
10666
1878
12960
3939
16251
3257
13118
1217
15439
10607
4525
12934
3720
12461
12025
12857
2131
3800
16787
1377
5583
16638
2824
15124
14940
696
11667
11559
5529
16941
15517
604
3745
8455
4453
7068
3869
12205
5837
16502
5133
5732
14200
3670
16386
16989
2659
6827
6861
1049
2218
12403
2441
3241
11656
7130
2663
2994
8136
4674
8327
14952
820
11009
2941
13840
5522
3100
14979
5882
3674
16267
694
16146
7120
11081
558
11541
16342
16613
3117
14680
14439
2103
11206
7738
13806
15835
6309
11239
13777
16172
3297
5297
2089
16122
1892
11858
5166
13932
11552
4286
3070
13590
10750
4915
268
5455
2572
15762
14717
4926
14846
13350
7396
5747
13867
3533
7877
4280
5539
3477
11027
2733
4424
3875
12479
2119
5339
423
4698
5713
5873
15935
15514
211
828
4405
4432
7623
499
8803
16091
16837
15951
6574
1063
8080
491
9879
16379
16102
7283
13348
15932
12733
14766
16182
2660
6975
12702
5337
16785
10104
11242
5106
10021
10042
5920
15889
12319
16846
1797
4480
12385
3968
2005
1106
14954
7454
15653
13302
13033
1843
11937
5943
12730
4874
1728
4647
15655
16051
6134
5631
14830
16731
2240
2022
3353
5872
14772
3963
1900
11225
16952
3427
14773
12566
5505
1762
1880
6235
12898
4430
11095
14366
7750
10128
7255
3872
4745
6589
12658
13021
7016
2180
16217
2509
12963
7482
1664
12583
13192
4889
7173
2410
16447
11571
14394
1363
5893
13453
8875
1798
12717
13556
9491
9703
1954
7871
1202
13696
17024
16052
7666
6423
12180
1770
3394
15877
5922
6471
4651
1208
14509
2088
12771
7193
13678
10862
13727
1783
9687
3937
12913
11495
16682
9651
4287
6870
16587
11298
209
12468
3391
887
3378
11354
12948
3560
3928
11549
7054
14882
14386
796
8718
12592
12327
4441
5637
7405
12036
14566
16988
5547
15195
17013
12922
3474
13284
10154
16730
14406
15208
13513
997
6508
5347
14852
1737
1533
12022
5261
2743
15865
16434
6949
15397
14883
4308
4767
4890
13796
15694
4074
2883
10903
13042
4325
9996
2324
2021
12569
1807
15215
15174
3296
15322
2345
13883
5683
7695
2664
6249
7669
11729
5591
427
7624
7880
11757
4306
2428
1193
14474
343
1721
2489
4470
6368
6584
13063
13329
15601
3051
2227
6845
5408
3974
2653
11220
3057
12519
2484
1387
2651
2071
12646
6335
5299
12539
1547
16443
13211
5079
537
11743
3765
465
13961
11303
6070
5552
16004
3444
3836
11406
15381
6727
1769
3746
565
581
6539
7355
1
2483
3515
15067
7515
16070
15770
7334
5334
3876
16676
3428
6559
8746
4361
14069
5476
16666
11513
2154
11323
6307
5115
6073
4085
3931
11425
1263
4439
7113
11653
11964
13449
637
16344
4571
13307
16564
5919
2582
16186
2348
16083
7037
12510
8212
957
16788
1283
3026
6319
1771
7163
6278
1069
11562
4089
5157
10967
6643
12072
12861
3493
4342
15111
6109
1477
2416
10914
14575
7912
13452
6879
4613
10946
3186
16561
13132
9406
1281
3371
4813
17016
8580
6111
173
12255
2930
8946
5017
7908
13611
14010
2778
13661
13134
16100
16370
6326
727
14222
7940
12937
7168
12003
11695
10085
5328
1775
14888
16474
14371
14783
12777
8529
14931
15617
2269
14116
16219
15077
6712
9479
13630
15715
8343
8828
1149
3106
7369
6910
8133
6524
3690
2400
16085
7655
639
16121
4993
7142
7056
4072
2581
14564
3907
11989
8134
13171
5586
7929
16793
11551
4836
13960
15407
9503
16912
12155
11102
3488
4735
4285
1619
2368
16353
1166
2177
11455
5870
5516
4487
13841
15892
10698
3509
11089
6405
1323
4100
3701
4152
9155
6770
1076
12071
12054
6449
15409
6766
15123
6658
15232
16119
8252
7081
7015
10640
14729
15605
13812
2583
10894
12059
15424
8712
12755
5832
4418
1173
8563
5908
5057
10121
5485
14277
3
11128
7172
2438
7131
16299
6708
5180
5517
6669
9352
13078
16289
12654
16890
6486
6835
8917
1312
930
5987
7372
11524
15565
5611
11904
15085
3524
1982
9523
15544
4742
16630
16298
16397
16518
16094
15921
12046
14720
2477
11686
2130
11854
5500
10973
12282
8765
15172
15876
1805
8471
14823
14204
8011
5027
11380
6425
3441
14745
2016
9312
1091
14464
12773
12619
1871
16291
5794
8331
8469
16881
1084
8168
14294
6923
2019
15728
8676
7708
15977
10974
12508
4606
10898
390
10721
11570
15240
8536
5140
16617
12485
1818
13787
13293
15849
4510
5559
16467
12652
1372
16565
16753
5659
10699
4529
15716
4436
15765
13285
4202
4245
14669
5572
1869
4622
5715
16057
12813
15180
14109
4174
835
16558
277
12220
10682
2433
1354
5900
5111
8975
2645
10929
5442
4264
2217
14443
11785
16745
13122
5254
13897
1067
1439
6135
5016
5037
5085
10897
16603
3456
3527
3971
15428
11714
3629
14925
16755
14856
6885
11245
2255
6149
15487
7228
8207
13838
2772
5675
748
5246
13308
2701
15169
13949
15856
15106
3757
4817
7203
6602
14307
14907
13442
41
12796
16644
8822
7522
5102
16316
2882
12469
6518
12313
2891
16226
14817
3351
5266
14274
1732
214
8638
13785
1520
16763
14592
13194
15078
12148
14415
11981
2626
3817
1613
1538
8173
4473
11837
4586
5577
3621
12112
11418
6896
3182
5313
12388
16117
13433
14442
6833
13808
6545
6746
7935
7567
6393
12401
4190
18
15766
15147
615
6439
1725
14074
832
11138
351
528
15794
3119
10935
2719
2379
16194
16223
15092
2838
10413
10459
60
1693
872
124
3278
531
8490
5633
4863
2517
15010
7496
11316
1551
12177
16894
16947
2912
13761
15874
1670
1405
11677
14212
6136
6112
2090
16593
11074
554
4383
6698
2770
6854
2043
11149
691
4753
16380
6031
16776
1483
3613
9994
11521
11620
10691
2361
1680
12482
12240
4255
13674
11668
16180
14754
15338
1082
13254
3793
8318
12884
1459
12423
15052
14936
3123
6732
4200
15483
11874
6084
1062
3073
6637
12939
5137
1095
3459
540
1378
721
11975
11931
15593
7927
15679
9950
6348
14804
4442
13363
15626
8606
12821
16645
12850
625
13328
4270
1531
10659
11959
11174
13195
7406
6233
10755
8250
7801
398
15810
614
6797
1711
10469
15376
3408
3306
1163
1647
3640
10962
10989
5219
6219
3878
2943
2063
15237
13496
11999
4156
5619
1633
16588
15320
10144
2469
6331
9003
10992
6841
5087
11035
2152
11419
13120
7826
4727
5528
12019
12419
7341
9938
10770
12243
8354
3763
3049
2134
13821
10342
4352
6968
14022
3398
12116
14248
6626
6935
15431
16553
12123
11724
16957
6621
12009
16958
3307
4196
12556
8503
8904
15993
3467
16859
3220
15008
4516
3597
15344
16045
1742
14336
3673
14635
2431
15682
15351
414
12480
13451
13197
470
11602
2751
14271
4128
11816
6163
2590
12936
13645
1754
4187
3430
12278
14159
10192
2932
5860
11402
2301
15791
5824
3598
11983
3586
1251
12870
6004
11675
12537
903
5787
14984
4144
520
1270
7413
6558
3090
6001
4050
2964
6242
14310
12267
13715
985
14254
3098
15513
15143
5641
14286
7275
4560
13137
8979
11240
151
12547
5864
2656
7549
15608
13749
11759
3311
4880
13847
11569
911
16279
15081
7994
15314
1165
7716
12295
14156
442
8255
11451
4849
2571
11661
9587
13356
7058
7250
1064
3565
3685
2502
13030
3518
2349
6748
7833
6765
1156
16202
6193
2975
5548
2789
768
8226
6958
1012
1136
11895
14269
6252
3457
3298
8108
13572
6256
8887
732
16
7622
1422
14020
16419
4251
4446
14094
2885
47
15700
12515
6366
15498
5444
2192
13022
16634
10481
11701
7034
2826
8777
3230
8914
6434
14027
2950
14107
15194
7243
1952
12668
2233
3989
13476
7024
4450
15136
8290
12020
6338
5029
7938
5007
3179
3752
15731
11696
6819
4728
6866
7890
13728
13677
14567
12807
3608
14030
6045
5494
1940
2344
12500
10816
3547
7981
1113
1780
15307
1097
5415
3975
5372
7049
16813
6382
14031
7792
1094
2671
11381
14557
3568
4408
3905
15577
7793
13575
7353
13582
2523
3158
13916
993
1614
15100
6042
14629
10887
7305
15750
2611
16078
3714
15687
532
874
15053
7838
2696
338
6170
1486
6946
882
12312
2033
1272
13267
5300
7489
14255
4124
3933
13978
11097
12916
11091
15335
5911
15691
16459
12920
13139
3209
10130
2587
7657
4588
15923
4130
5074
3348
14534
3023
7532
1731
1256
5912
3759
3376
5352
4146
0
14082
1640
16977
13172
1498
16710
15007
15809
1739
11839
923
11670
5869
15036
916
7881
2320
7121
218
1170
13898
6138
13090
2247
3681
10944
15817
1630
6356
7656
12335
6291
3196
13515
4707
14290
733
14037
9958
2120
2111
16465
11290
1070
7171
13222
8813
14006
4191
6495
16082
5766
15705
15437
3093
4921
654
4940
13014
16077
4556
5857
15139
16598
12505
4230
14325
5420
12122
10489
5497
10654
13225
11979
2619
9748
15331
8436
5945
9903
12509
13544
16884
13404
16599
14706
15012
12161
4907
8926
2070
11039
5227
22
7848
2455
14476
5161
5233
16983
6581
11604
9789
12659
4233
14379
7367
15828
7547
7461
2087
1105
13881
1330
11154
15685
6723
11
1440
224
13722
4671
12943
2153
12467
2451
10851
518
14786
2178
14672
3263
7814
16491
2214
3016
12368
5491
7715
535
16324
7548
5589
12597
14990
2768
4700
7119
11473
12306
6154
15859
14890
12408
4340
1107
3834
3103
4271
15606
5708
11456
8610
16684
11256
619
16499
5232
1235
2936
155
313
12925
16236
1424
2066
340
4452
3108
8628
4261
3233
13207
8230
16607
3003
3395
4756
11954
15458
3223
10746
6796
5622
3027
12152
14454
15873
16064
11226
8629
8617
10788
6447
6902
11884
8145
8796
15854
13113
10711
13542
6657
4362
4458
14242
3249
8932
4209
4612
12605
16840
3738
12629
6142
12303
4244
29
15881
16400
16795
16925
3091
8754
4846
1493
6176
6279
11087
13420
13297
1334
1530
374
3697
14718
5100
16088
1973
10667
5752
3916
12622
7882
983
13853
7236
7507
11725
6108
1169
6731
13446
16568
11876
11279
8738
5285
16320
2168
5658
4454
7124
14570
15639
899
16844
11466
121
16495
831
1273
15285
4289
6614
14225
12891
10958
1571
16334
11773
15978
16901
3262
15595
12367
1022
11996
4688
15355
5599
6038
7911
1027
87
3734
5578
15390
4924
4611
13662
15737
4832
10428
10716
2317
5188
7137
15789
197
893
3400
10145
8369
1961
4821
13405
13154
12890
888
6267
4176
15521
1757
12699
12200
8912
10295
10844
11950
13147
5805
1397
8900
787
13753
2298
1821
118
15776
12056
6457
6086
16154
4112
7076
6322
5425
2109
541
2890
1109
553
3835
10678
11568
12694
4860
7889
12748
8653
14078
2693
5290
10356
1259
3261
5142
4888
16600
16633
7741
1148
15115
2634
248
12208
14306
6510
1537
15090
5795
6817
16953
3699
2963
4279
4618
2840
11722
12544
11875
4151
10924
11787
14158
2096
8954
6410
8187
4535
5835
14866
6282
6377
10754
6286
2920
4071
6705
6347
2044
6912
1652
38
3824
13507
6238
8461
13822
14007
397
13685
15903
4856
15212
7087
4872
12498
5865
3033
16243
13576
1765
10451
847
12725
4058
9465
2905
13039
16535
14589
16719
6800
15779
2845
2374
8336
3771
16733
15477
13750
1061
3121
5921
7048
5240
951
1303
15638
177
12677
5875
15230
4104
16086
6061
16950
16660
11427
5248
2399
3700
13169
7491
3373
7588
2566
9666
16225
4017
4616
936
8984
7926
13533
6276
14836
16811
4114
855
12624
6755
5698
2291
15614
5150
5899
2985
14876
7485
6395
7045
16132
7983
16171
14362
7979
2457
4067
12261
11971
13441
13713
314
1150
13032
5259
1499
6250
2097
2717
11488
6159
14391
1636
14133
15492
14730
12561
10448
8947
12685
2492
5022
16221
6600
3094
13804
14995
13341
13424
870
145
5341
16798
16557
15197
485
54
12893
6005
5433
2836
5073
14470
2704
1292
12390
2856
5323
4962
5714
13773
12013
7338
356
1266
8122
11061
11041
457
4298
1175
3550
5930
13782
418
6211
3482
1649
3247
5717
15564
8098
16003
5030
6906
7439
6130
12247
11584
10554
1366
15937
373
13084
4619
298
642
1127
13193
15898
5815
15529
9929
7596
13745
16468
12826
6973
6028
5587
3637
11320
10906
13256
14507
3225
7449
12904
8985
12426
5496
14177
10649
2215
1204
4884
7010
6247
862
7832
5413
17001
16920
11581
14814
1943
5486
10941
6774
6725
112
8864
12662
933
3679
12641
15683
6983
15992
11038
1902
10625
12359
15666
13560
5145
4455
8971
2018
544
1417
10866
4399
16893
9292
7465
2620
1036
14600
7189
5608
1650
4136
9811
4354
12378
10351
5651
2382
11054
13900
5453
16140
769
1632
12280
11578
13131
773
1548
14579
453
11485
15861
11412
12324
4738
16741
16360
898
11120
6554
16283
15857
13228
6791
12224
6599
6689
8944
7221
6120
1333
14375
1593
3575
16515
2801
2049
4133
14468
840
10133
7422
12117
5436
14900
14146
3934
10997
7694
8337
17015
653
6185
4032
6340
972
14495
12908
11731
11810
11432
99
1071
2735
15902
6891
10850
12221
14341
14801
3204
37
12492
13594
5590
11309
1738
15318
13006
3346
12966
7993
1469
1453
10305
14024
12721
644
9699
12424
13145
2829
5753
31
7726
15686
5646
10846
8042
14012
12751
11941
68
7311
16192
10693
13622
16622
14515
6654
4720
16099
14800
14392
10934
12421
3068
14135
11258
250
3131
13529
16247
863
16089
11021
15470
5792
6650
14485
3009
8387
13536
16181
11717
2450
6468
8425
12067
4559
4318
8570
1844
16048
11791
904
3045
16187
15135
5165
13230
1092
4540
8379
12001
15870
16662
10717
1519
10706
16754
5196
11147
6582
11591
5811
15703
4661
10742
14100
15829
11870
5001
16721
5727
706
14314
3042
5669
15358
3660
1044
515
13388
1528
5848
16203
16042
14317
12380
4610
13488
7018
2692
9391
1741
16355
11805
15273
6129
1278
16722
14648
6542
2937
1344
15110
13060
16295
11019
16672
14187
16783
11727
12283
5657
11991
4582
3578
2655
1214
11651
11017
2970
4761
7295
13036
2334
12926
14129
3450
11184
12584
648
12151
16337
12446
14958
4754
6273
14747
3499
13208
186
7585
9999
15618
15761
7829
13641
634
15678
15044
10025
1030
5091
13829
11580
3339
13275
710
2036
13290
6804
2308
12555
2756
3485
8931
4840
9167
10478
3708
5746
15738
11443
1544
3684
327
12864
4960
6776
5524
4203
10724
16029
1457
15427
11075
1496
4168
14710
16151
5132
1859
10734
15824
16125
11071
1816
7906
1928
7006
12736
13458
8357
5410
842
7510
7080
7011
16567
16294
16845
4986
12704
5502
14878
12744
1042
14819
966
14831
3292
233
5655
4891
9892
11373
505
7354
14603
14235
1038
12647
2377
2986
13013
5021
16453
11914
11483
3996
2478
12309
16351
16681
5734
16993
13574
7424
14941
8015
1161
13545
12545
13250
11929
14872
16035
3895
6210
2234
13776
1930
5270
6496
4188
8747
16449
1135
6441
13991
4471
6034
1848
16996
5644
7035
2318
6203
8389
8358
5051
11219
7811
4747
1425
14662
15444
13188
8564
16917
7867
6187
12185
6025
5331
1686
14215
10821
12637
8969
13361
14053
16285
8114
7544
11792
12742
13927
6394
12542
8812
11789
6932
16261
6172
16686
922
7955
3668
15950
2926
7451
12285
2006
13648
8055
3832
6077
7720
8736
14778
10512
1310
14619
467
5056
1589
15646
12708
5214
9860
13765
4474
11052
4180
1957
14240
11707
5605
5060
1920
12816
984
14587
3050
15727
2395
13299
1802
498
2312
14353
15971
1200
7593
13893
1454
12551
11501
15533
13339
15122
11693
12133
2775
11405
2889
5340
3725
9951
4252
10805
12851
15257
784
8660
8639
1789
14917
16461
8006
7599
11554
7276
165
1611
12068
1389
15056
52
9667
5790
11577
1492
13809
1414
13054
6378
7615
12548
13923
3380
3688
3271
4502
13741
1648
12326
580
7840
641
223
7809
5532
10309
16711
4710
4323
208
2025
1309
15820
7371
4507
13953
1772
14034
16016
7223
4217
1464
2476
12827
3088
5308
14787
4259
12103
6477
819
5936
12259
1512
4749
13954
5088
1438
11558
14316
2798
6647
13647
560
4526
2449
11043
1346
12847
2805
16808
14055
13509
5059
16834
2755
28
2359
1000
6083
158
348
5148
2360
16937
11623
2788
11307
11852
6995
8722
2534
12894
16790
4401
12909
15006
13833
5842
17
8324
4466
13174
6994
6476
9421
13309
14700
225
15970
13613
11139
14302
8430
5819
16504
13915
10937
7226
10211
8089
1025
4026
10485
1407
5118
7973
6620
2649
9802
3300
4624
5349
4153
8867
15133
15167
3538
3837
12466
822
13623
8224
5364
3127
15159
5107
4557
4788
6674
1013
7634
11365
13411
3764
6537
12862
2794
3315
11378
6575
8035
494
1008
8951
2796
15665
11607
10772
9899
10484
6217
8581
2538
1698
11868
3962
3554
1910
9419
2991
5069
7342
4451
13343
11029
13920
7067
10670
4596
15248
12779
9449
5907
12449
16423
7701
3590
14064
13379
13070
15211
1835
12799
2559
6327
2899
13882
6822
3662
13956
14524
3930
1505
2741
13244
12410
4626
12412
6696
873
13457
1575
1431
13748
5877
16802
16620
10809
3663
13345
4227
12494
2332
1889
3282
9430
230
14780
6612
1358
13020
7362
14417
13826
7903
7969
15987
16350
864
16867
14643
13435
8196
7745
670
5564
3267
12973
6611
7409
2077
2173
1620
6409
16161
15068
13163
12790
12603
16417
11510
12231
16080
14816
8001
3917
9976
14724
4276
13304
11331
293
7895
3833
4737
14799
16416
11151
8506
15419
5275
11710
13220
2980
8492
8762
1221
13848
3902
7823
15796
712
3089
11360
6043
1888
4027
2672
13817
14138
3293
3961
11155
4519
8127
3860
5600
6114
1991
283
16341
14517
5230
1644
8952
5998
7699
16019
2246
1182
559
6270
5010
12489
12582
14189
1641
8005
6795
2472
16915
1796
15615
1591
15137
12308
14901
13910
11877
12440
7122
16911
1212
3507
14690
1781
14829
6790
14192
8419
14792
12109
14903
9896
226
11923
15823
7775
5058
16487
11386
8663
16056
8808
12218
13184
10928
4975
7767
5493
16391
16312
4797
9267
4083
14735
15575
1605
5757
16508
7552
7536
1697
3982
2745
6550
189
15524
11243
15999
13577
7149
3614
10491
7755
2143
3000
7170
767
16258
8835
12129
2823
1621
8766
5229
16757
1336
14798
3435
353
2091
1855
7813
15895
16238
405
11733
16407
2841
15103
476
1929
3025
12040
3359
12671
10890
13638
4583
11377
11861
16040
5123
5235
11519
8896
15599
15144
5046
13037
12938
4590
2126
16253
3200
2915
8668
6807
1343
2896
6830
2031
2008
2038
5802
2667
11846
13289
8178
5322
2471
3081
10686
15050
7747
3279
762
7381
2406
1006
6180
1616
296
1896
16160
139
12947
8029
9620
13095
9729
16074
1840
15233
2188
11108
1864
2925
2614
4894
15897
5840
4758
6195
13600
16403
1969
57
8081
1209
6418
13067
1795
4036
10908
3718
4598
254
3887
10736
8596
15205
8727
10657
16841
15272
2202
7852
14821
15357
7957
14569
11993
5707
10853
15278
6852
15066
13957
8841
1926
11776
4037
6402
282
16031
13814
1305
16771
11018
5755
4621
12532
12444
8118
1228
5141
3926
13903
2734
7959
4138
86
3248
11593
11234
7956
14871
6386
1340
6675
4005
14977
10276
13636
2336
5068
14764
16930
13480
7266
6281
1194
3510
5197
8481
3500
12590
5881
3489
11216
3352
10676
4091
10695
3246
2394
13693
13210
4231
7291
4669
8793
10753
14324
2228
258
12517
16286
1949
265
7398
2900
1729
2432
4097
8790
5791
15551
5904
14096
11390
14194
3607
10294
10936
10151
2193
16402
14345
5003
16768
5692
14609
1215
12859
5495
2277
1934
12251
11947
5974
1724
3066
11948
13149
14864
16455
3546
11218
14591
12260
12362
13520
16694
1671
5114
2138
14548
14350
12337
14760
3659
6676
13093
1086
12083
6836
15287
10953
16293
10810
8974
12774
10166
5256
11469
6952
2059
3301
15501
13099
4722
14264
2816
2758
4046
469
2037
13331
5664
4682
15845
2262
8494
8426
2584
381
2499
3169
574
3005
11020
1461
2810
6985
12787
12006
13621
11654
13091
2597
2362
12660
2623
5418
10912
16191
14227
5918
12382
7174
16849
14075
11305
5384
4426
4134
11838
3715
16476
3232
4293
1557
1970
2423
5006
5672
1427
1986
16803
3099
14731
11957
16055
10823
9589
13562
15304
10581
16224
4530
16869
12077
4414
16414
10771
11371
10804
16076
4931
16103
16127
16611
12186
10707
1897
7082
14021
12949
10583
15328
15629
16736
7709
11396
14438
3782
3139
5722
11994
13632
7206
4992
16646
12743
6551
15919
11802
7744
13483
16897
1784
7136
1874
3211
1016
3369
4609
4994
13760
6920
15222
5159
6380
5105
13371
15310
12958
2156
13231
12157
16264
6741
4554
15072
3496
10870
15550
7523
877
11616
11855
15630
14584
6265
14329
14059
16143
3280
7920
13384
1402
16756
355
7388
15406
3683
12209
105
2588
12844
15269
6292
10942
10713
439
14550
14598
4075
5884
15554
12028
7592
4847
16627
4033
5315
12559
6823
517
1357
4990
6107
16305
14449
13330
14202
7493
5993
1441
5274
13557
371
3696
1618
588
15478
14808
5678
3321
12252
626
6649
4648
13011
1206
14256
1966
4351
16079
15968
1974
11769
6215
5149
2812
14784
13061
6293
13811
14046
3472
15022
4690
12580
3276
3716
16967
4364
1294
2148
699
2085
8161
4066
12724
6232
56
13624
16233
16383
5394
16065
17014
12219
1007
1230
12236
2093
16268
6704
3804
14688
925
10818
14666
13075
5780
6080
9751
13569
15141
10641
5023
14604
3592
5174
5169
5269
13314
15559
13044
4205
9841
4482
9571
5020
4060
4238
16297
2238
3231
5489
438
15303
3946
13990
15367
1037
1115
14169
2465
13570
1748
6503
5769
16463
1997
5629
5679
15548
12543
16999
3345
3656
12639
3324
16155
7480
14175
8010
1337
4639
4303
10995
15346
14297
955
6597
3654
6058
11459
15330
12747
6942
7479
14744
3401
4312
2867
478
2294
12676
15832
1306
621
148
3492
14128
14759
9486
12549
16720
13029
11299
2040
13400
6683
4337
13672
8633
6101
15130
8009
3133
15035
16384
6093
4719
1490
5567
11628
2945
7678
6955
12331
13378
5801
3162
6450
4427
7089
15825
304
577
15417
1248
15819
927
12763
758
1876
3618
2356
3440
14513
16018
3028
14568
2783
16820
8467
15976
11917
11732
12812
13784
2407
2887
3288
3726
6051
12404
431
15069
13571
8019
2209
134
4936
8077
12976
4370
15228
16826
1995
5317
8150
15941
8525
16866
7876
12082
7434
7116
15906
3751
15955
8409
1996
12397
13637
1539
3624
4489
16873
10830
14529
4494
11302
7579
14716
11579
1763
2962
12756
15157
15896
607
1806
9692
16014
4132
11922
2293
6275
3116
7737
3018
7538
2971
14230
11687
5427
6568
731
12678
6517
4522
3784
5615
15957
16877
13353
12317
260
10540
15751
11291
1756
2256
7014
13257
15663
11711
4415
6147
14137
10683
2809
126
2440
12591
243
6747
7364
4787
436
13432
13697
14855
11879
4118
13024
12464
3236
12611
15973
7214
1128
10888
13460
16309
15131
8112
817
14376
13550
14757
2264
14408
2608
176
3471
14571
16735
4553
15179
16569
5101
5866
2408
2034
3831
11912
7771
2537
7604
2257
2204
5716
4802
11609
7100
16266
12374
14915
11962
4193
14651
5409
1793
6627
13535
3877
13964
14009
3199
13683
13735
8811
4820
2507
12121
1709
633
14115
16819
11343
67
364
8408
6785
3712
8949
15908
12883
16703
15674
1819
5745
3778
1719
825
15520
11414
3612
4486
4389
8903
7681
13160
12175
460
2270
9588
15985
11101
43
7410
5903
15875
1411
16315
1868
3768
10845
1423
2555
11115
3208
5430
3781
1489
8342
2314
16427
16395
3829
12770
14266
8406
16479
14136
6700
11648
13165
14656
4769
595
12682
800
11779
5719
15472
10725
1332
14785
1350
6892
704
5758
13221
1040
5092
5546
3222
4301
15112
11496
4515
1102
13471
4875
2860
4789
7180
10880
15798
4780
12268
14118
13606
7115
5292
185
3731
15354
8571
11315
2398
10745
2466
13597
13235
13241
14423
2107
4372
5575
7314
12905
2602
11793
15161
1445
13629
2203
12858
14932
15783
13709
11058
13391
14168
13206
14713
4481
16758
2674
5005
10214
3983
7724
4139
7758
4658
11203
13711
7530
2144
12781
1470
1093
1057
13771
8453
14642
14945
6656
2738
11195
5389
7302
4573
15097
6175
1167
5108
4982
1515
15383
4116
2343
7247
9889
141
14444
4914
5042
15562
3347
11507
5460
6397
1485
11970
1321
15509
16096
16399
5509
6806
12195
16505
5740
10738
3559
13245
16244
6555
1541
11740
7233
4068
6222
14068
1412
7140
14981
7595
6933
15887
13083
7008
12110
11698
11122
3840
13976
7303
12961
3455
13497
2159
5395
1525
15600
715
1989
14963
12435
15657
12595
12132
3386
7299
4563
6166
7571
5075
16389
5542
10689
14927
12146
2702
759
16963
12604
5986
2691
12805
13223
12474
13798
16570
367
3305
11345
12879
5083
15553
12131
561
5609
13116
16922
13568
3873
5445
2997
3899
17011
3802
14692
12849
15759
11643
430
1828
11295
2189
16260
1110
10807
13406
16743
14041
11700
8566
4587
10856
8107
3382
523
16503
5849
15656
6982
16257
5119
2151
4925
14767
12272
10084
4304
3609
5962
358
1276
15722
15840
3329
15858
4162
6984
7916
75
13327
7251
13365
6563
3074
5136
13065
974
4584
5596
16034
11625
16550
3044
91
7631
14721
11296
3216
16440
5038
16747
1184
2003
12533
11574
8624
16524
10719
1319
7308
15182
16308
2665
8286
774
11366
1029
7361
1295
13819
7384
13551
11287
2213
5407
14559
5448
12932
9861
16571
15986
370
13592
3911
6516
5711
7636
11236
8040
15259
5635
11342
12695
5736
15652
6412
16986
14545
10378
461
128
5763
12363
2244
7776
11681
11563
15983
11752
12347
6552
10692
7985
11068
15496
36
7329
10178
5691
2682
14218
13913
10793
15670
11691
11662
5514
16441
16163
15516
1767
11278
13300
13151
3354
14850
13236
12476
7340
8870
4437
1280
4194
12855
15744
5198
15154
2795
8313
4500
13008
1588
2624
16404
12149
867
548
2589
11943
948
10519
16532
11096
1912
109
11339
6749
6715
3709
6253
13586
14061
5883
11114
2549
2784
15386
5158
13663
10386
15074
14462
7318
14510
6875
7574
13553
1028
5531
1448
2858
13423
14079
6332
7092
3379
797
3652
10886
7464
1408
11478
12050
16656
5822
11465
6709
12504
7918
3913
13945
3458
4113
11145
7575
3419
2940
3812
8744
2132
7217
11680
11916
11934
16744
4991
8713
3889
6873
5997
16658
3453
14678
13504
10656
13639
5447
16669
13831
11926
14123
15627
2054
5181
16015
5325
14388
7822
6846
6511
14790
15192
6341
6464
455
11938
10672
12176
2001
552
826
12289
6123
10611
7079
7972
12769
4197
5844
12811
12642
1817
8020
11313
15571
6706
7252
4966
12484
1416
1942
7256
6207
10954
14539
1574
2669
6655
9880
5624
4867
4029
6301
7477
11182
8
13355
1674
4663
11117
3283
15445
6820
2463
4729
3671
14508
6074
12792
6788
14741
4421
10346
16327
7109
5700
14131
14130
1403
5437
1936
6231
12292
6453
7960
10756
13928
16809
14949
16494
14791
1746
13763
9817
11847
15308
6909
8249
4274
6040
13469
9501
1185
10873
16885
3387
4360
11788
16770
13935
14073
16717
2391
8141
584
2072
1684
2861
4059
13217
13007
15082
6165
3894
13045
6816
5065
2800
8182
6321
14134
3328
3360
13505
5434
3653
16761
1927
13857
12044
6692
4335
5867
5151
12607
8530
3665
11428
960
10978
9664
4916
7502
14833
1032
5062
13937
2574
15671
382
1786
3237
1615
6713
15815
1891
4878
14835
11565
2390
10864
10752
14556
10854
8049
15624
11582
7487
6373
14650
11506
7723
6570
5481
6251
11531
2129
2230
5878
1152
3206
53
7134
8153
15047
6549
5823
7997
15039
12199
12014
2397
3616
7766
10723
14934
17010
15757
14601
10980
4292
15452
4981
16282
2250
1809
12171
12081
16573
14504
8491
12927
5063
12228
412
444
12226
3294
3137
1131
7271
8489
13368
4825
12993
5419
4222
6659
6089
15680
16652
14397
3256
12472
11092
8899
11136
854
12365
5674
11589
7791
13010
9614
11103
3610
2718
3014
14018
10984
4117
4379
5970
9735
12353
12184
5463
11660
13610
1041
947
11615
11631
9532
16751
5504
7432
11179
15043
12453
16539
1984
6269
1103
14553
317
11082
14928
894
14902
12653
11617
7148
16555
4983
4953
4695
5650
6567
799
1020
2058
14076
6139
6840
1123
2137
15851
4673
14015
8485
7614
8723
6639
6591
14183
3945
2150
11384
11892
3942
13028
1404
13164
5569
8421
15768
6665
5125
15758
8988
409
4320
3774
5816
11026
9615
11814
3234
6354
7395
15899
3195
1845
16134
6577
16075
14626
16766
2713
1570
8961
2201
12154
2434
1627
6258
16390
5078
12626
7225
3849
3078
15155
14354
13233
1752
11431
8591
11603
6046
15391
13618
954
11869
13121
6596
6024
10094
9769
15213
5874
2569
15573
4967
13959
13079
11172
16313
11370
13438
7031
834
4572
4974
11197
2467
992
11910
15258
14849
13426
11310
4985
1183
990
2452
16661
5981
11737
7414
714
12030
2978
5257
12099
1720
13837
12016
16373
5886
11450
406
12914
100
5630
11192
3466
16551
5579
3495
1823
3909
13539
3900
9596
4805
16278
6792
2817
15317
4232
11956
15021
3143
3331
14946
1981
4398
4284
479
1963
6965
13198
14859
5279
13347
6882
4224
15886
380
5366
3226
7836
4469
279
12411
2842
5104
497
11709
9355
764
2910
8809
16255
16184
14887
4435
8350
4675
13824
16332
7663
9805
9968
15460
11319
6141
13774
3250
6189
9412
11826
13511
14261
14343
13559
5043
4163
6053
15148
13656
11985
15964
3874
1286
2948
347
4098
261
856
3019
194
16945
14326
12189
7231
12211
5576
10677
10790
9660
11888
14531
16092
350
2811
10597
12277
7856
7600
97
12431
11025
4970
392
3411
2000
6296
16188
15293
7992
15348
8832
16133
12118
11281
15945
14430
13445
2844
11170
12649
16326
4792
5731
4919
2709
15480
879
890
15928
5836
6881
9701
8871
1065
7746
4002
2081
13746
2647
4189
14904
3932
8977
4842
14533
11688
15408
383
13510
12802
2998
3692
7207
311
14042
13733
2519
6916
5286
363
1592
14338
3798
16361
1907
6824
6956
14953
11109
13602
6484
3443
16259
5178
4440
16857
4110
5670
2232
11246
10812
14519
2237
3422
16928
16376
14003
7208
16128
13213
5827
7209
5898
2102
1353
7812
2690
14095
3773
3048
2631
13969
6371
2013
15843
14640
4434
3478
12672
16725
968
15741
6056
1031
11341
3481
15702
6691
15274
6240
6262
10966
16865
3092
10863
16677
15096
2453
12709
4765
8030
7053
15149
4776
16271
15753
385
15962
16357
12418
13695
16742
15382
3413
12688
5503
6062
10884
5284
4025
13252
12758
14602
6375
15619
4369
12655
14596
12386
14873
5984
1005
210
8166
956
16556
14679
12784
16314
15002
11288
12845
403
8301
13187
6594
1946
4212
5498
2506
4004
11652
9971
8732
15121
8893
384
13167
15415
5749
7638
6021
6237
6032
2039
157
13196
5172
12746
760
14083
10950
8399
11990
6318
15337
10563
1318
6239
14860
594
1026
14535
13439
16580
12638
7088
4824
5913
11768
3591
4538
16827
7129
7435
4850
14743
12975
2436
16063
3957
2847
11335
4374
2185
7501
5566
6638
12065
6670
8609
14125
8310
4864
379
7428
4779
652
629
10704
10789
3165
810
15041
17007
8087
14331
203
15288
2172
4140
7954
2198
4623
13549
13946
11468
5696
13153
7654
8352
7760
14471
5210
15696
16807
10632
3164
15799
9639
8054
3641
7147
3289
3490
15224
9547
3846
5205
1917
15342
156
8124
11951
3109
16843
6617
4607
11621
4514
4984
618
7285
4346
6543
8675
11659
5687
11532
6694
627
4115
12995
5906
5175
2498
522
16667
15464
15178
14252
2914
12866
14453
3980
5090
16992
2763
11742
11462
16514
5112
15777
1968
7330
484
751
255
3626
40
11057
8730
16333
16382
13102
16339
15778
12207
12287
227
14583
8907
14753
7577
5103
10117
7382
3788
16663
909
16847
4158
1369
6145
8823
13019
14781
11210
11001
10514
12135
16009
13668
14281
3863
3723
6580
10765
1884
11823
742
1288
1004
15040
6433
16330
14032
1023
15073
6313
14996
11763
14035
16012
6216
5000
13850
490
3448
2290
3944
13271
15186
5054
6121
10102
6351
4681
4795
6213
3596
1368
2958
12150
6744
4122
7345
4358
7633
14238
10855
14103
4127
244
13617
3695
5336
16705
3421
2266
6871
7644
207
566
16536
13334
16204
14313
6951
8880
8440
396
1935
2852
7182
3114
11045
7325
6924
16068
14267
1050
12776
6821
13825
79
7132
4887
6609
14038
11471
11682
2167
375
16318
8646
14857
16696
7205
2316
5402
5634
5554
2967
2762
10732
11076
4603
4376
13377
5812
12156
11784
11158
7253
3405
2265
4635
1009
14033
8216
15996
12562
14210
12740
5354
6297
13269
5356
13524
15582
4548
15284
14251
9621
2098
1245
13609
11200
4531
16604
6364
7157
6059
866
11196
1850
1552
8102
1923
2243
16276
12954
4121
3516
10092
8113
4344
8749
5231
7843
16913
1035
605
3087
11404
12691
13981
13791
14498
16979
424
1854
16458
12273
4917
16106
11856
766
6029
13374
6652
6859
15289
205
12070
3564
7584
13138
3657
7618
11162
502
5487
103
1246
8753
13810
7492
11801
8656
6760
14289
16643
8104
4783
12684
6330
14884
3851
8018
4014
12095
6967
12316
12439
4518
7764
8513
5947
2894
4
4341
15119
10613
11750
6401
16796
12825
776
11324
11420
9521
2683
13092
13141
5346
14384
8129
7527
17003
4380
8731
10893
8976
8273
10365
12141
11407
807
2679
1740
6039
2771
967
2426
13941
16263
1421
325
14518
12921
15189
3337
14634
15547
13218
5397
3719
2818
2303
8378
15684
70
16853
15385
7166
4120
14259
16176
5553
13802
3479
10355
3707
16714
11942
5955
12577
16470
2886
7646
15746
13247
734
5360
1914
908
1820
2028
16817
16882
15732
3303
13320
14488
7227
10150
7978
674
7648
2753
4107
4951
9964
16523
8177
1662
3177
6002
4326
8923
15332
15699
15862
3038
10421
14511
11832
12944
7328
3415
7022
7125
6311
15088
3035
741
11684
11464
10895
853
5580
12648
143
12167
3713
8448
13603
1077
7711
4751
16581
15435
11493
14916
2496
6814
11453
2253
5036
14014
4327
15055
7975
3582
11835
14330
2190
15261
1558
10708
10955
8052
7440
11811
11965
4757
14646
6613
5800
6383
979
5561
16774
15650
6171
1299
2365
3410
8679
6560
6442
14185
7900
12846
11958
2981
1931
5370
2728
2011
14209
7514
13851
804
6119
14017
13680
14091
7033
1241
12042
682
162
16938
6576
11022
5061
16839
12643
651
549
2904
2029
7472
16135
8148
12451
16170
6268
3604
15349
13281
3214
3203
16409
7220
4969
1610
3287
16067
1157
2170
3958
16575
1747
2780
10056
2020
7608
5543
4861
8782
5813
7310
11356
14762
4796
13800
5999
12249
125
1178
10164
8272
10280
11046
15229
10744
5238
13908
6934
8185
16566
12538
16256
7676
12803
4973
16966
5467
12253
3675
6929
16329
12514
15016
15769
2792
8986
7368
2955
8863
16349
4031
303
12438
2605
11782
4171
4597
3451
5628
2208
4772
14001
6928
14460
8683
16254
3275
15249
8067
10011
3883
6751
8472
1139
3002
2350
15038
4655
2205
3847
582
11767
2563
6856
8373
4692
7688
688
10902
1947
2184
11960
12930
15677
1018
14834
10073
2721
8225
6941
16284
6535
5215
921
14838
3071
763
6701
11388
4338
9865
13431
2535
5555
1815
6680
2558
814
15421
15361
2285
12264
14335
13224
12666
7653
1646
6556
8983
3517
1289
13472
13855
11016
919
14939
10901
6937
16982
11949
14167
13565
1349
9543
3060
1101
7441
8349
8147
15725
17000
10503
2351
3693
4141
6420
14558
10787
13871
13473
6255
5469
13238
875
2711
1460
2708
9665
15164
13725
14505
5879
12801
1829
3941
8376
16670
7098
1707
1847
3374
13396
815
12321
1376
13626
15343
3556
2531
3218
14668
2641
12320
1051
15645
16053
5699
16582
8367
15787
5055
6408
14247
14938
13842
12405
16116
5247
14467
14921
10741
13980
7377
4662
4897
3486
612
15095
3987
15763
871
1442
15206
6280
4386
3219
5905
8859
8299
7667
6374
13012
1585
12035
3171
1351
16112
14585
2872
482
1634
7683
14437
10909
7356
2300
7550
11330
16919
2987
8434
13690
3055
4577
13352
11205
1834
10991
14889
3168
3082
3783
1563
10985
2287
1174
1590
13679
13214
2026
5618
16500
16538
11306
3361
5047
5701
3991
5258
6592
1683
14231
10739
16821
3581
1603
5362
2851
8930
3826
11747
7039
12033
716
6900
15780
11144
2488
7161
3906
12842
7421
16497
3520
13064
3194
667
2145
11065
6388
3506
10368
14841
9990
12107
4933
164
7268
16046
4543
3865
11275
104
5386
188
13607
11051
2813
13739
5298
13110
4305
2004
6808
16858
5964
3349
2561
7742
10575
6754
11189
1210
3801
6381
7075
324
4637
13588
7093
1830
16786
15948
15499
8256
15752
4649
3059
9668
14689
3525
13246
1836
11761
7729
2140
14837
6184
15931
219
4830
12238
280
12806
12377
6177
2283
8293
2933
2165
4686
14820
389
11472
13977
15413
1066
15399
11492
12163
10282
4723
15910
11918
12732
130
10848
606
5221
10435
12113
9409
15660
10740
15569
16406
16343
13732
12723
133
15592
8278
8825
14789
547
4416
12689
14093
10867
5449
10987
7212
12169
1401
6124
11692
15991
14943
14311
2110
14865
13517
11383
13874
1285
11952
623
737
3086
12621
14765
15846
4167
3065
7845
2405
2993
13532
13901
4253
14447
15454
13082
1811
426
11059
16738
3215
4593
16138
115
14152
13653
8101
7061
7145
597
15675
10826
191
12066
3381
14413
6358
6403
12833
7270
10798
16739
4195
15690
15767
6585
16322
6494
4744
13793
6445
3148
5207
609
5741
658
514
14182
13103
13646
14409
1885
16456
13944
1388
16303
16060
6976
538
12952
14930
16493
6212
10658
1658
2424
14988
1218
16680
883
7602
5642
7982
2658
5909
15719
16448
15380
11963
14322
6188
16878
1791
16848
11124
14174
11553
5581
4696
5045
11397
4701
4223
14810
17012
15868
4491
5095
543
3999
4328
6244
2911
718
4906
15580
13001
8332
66
15214
16183
8180
11650
5784
14489
15872
6049
1628
12085
1642
3959
13755
13031
6489
16934
5976
13318
8919
3953
15672
14541
11704
13482
10916
16716
6648
16805
14279
15566
13401
13074
8924
6528
3407
2515
4313
450
1602
15712
2949
10983
6127
16375
12372
5718
11890
16544
6948
6562
15456
9697
10836
3083
7156
4569
12565
6915
13786
12455
15253
12997
15291
2871
8466
1367
11152
2388
3853
446
2748
11980
8411
15459
11086
7126
16486
8346
3136
3789
591
12333
8542
15947
601
8619
7685
5767
15127
11352
14631
2164
4035
4275
13972
11230
3619
13566
7816
16149
3390
15281
1561
6315
3491
11237
2710
2913
10982
5189
11199
16823
15299
8057
14241
2686
5627
14605
5236
7215
14910
6295
3299
8543
15697
16748
11806
7066
32
13018
14898
14726
13443
8275
8093
16145
2378
14262
3557
11491
456
8724
1186
6533
3747
7859
14119
5377
11062
5025
6014
6610
6448
4615
10412
10993
1075
6530
8208
13142
2486
6740
16107
14739
7175
16323
3867
2278
11857
419
4395
15239
14395
6225
14750
2633
698
7458
536
13503
5028
5825
13292
12275
2714
989
10669
5963
6174
10608
14466
3979
1257
12946
5012
16712
6914
7246
291
16618
16506
12364
14544
5750
2068
8191
11231
3205
15113
5369
2934
12534
4895
659
6898
4010
8614
14999
246
15641
16235
3595
7732
14197
3940
16178
408
12187
7665
14214
14005
2442
12632
6695
7091
4423
13248
1482
16987
2888
8402
6757
4923
16093
3041
15882
6287
15747
7312
7455
13123
12750
2705
16418
3178
16548
13912
6208
11830
2133
14087
6801
1987
10364
10240
10344
6257
4602
11072
15321
14472
12409
16895
2375
596
4102
1656
13669
6209
16377
11350
1971
1479
15402
12038
14113
5793
10520
5358
15922
4550
10915
1546
13434
13376
2171
7047
7429
1365
7337
15126
1010
1153
14851
16629
3881
2444
15997
12728
16013
661
5661
11758
6826
730
14673
11441
88
10948
14456
2335
3529
7712
11663
2
5594
668
4322
4492
10562
1596
16304
15736
16654
5440
7447
15455
13126
6664
3722
7508
16457
7104
2759
816
562
11702
15469
1867
13531
16665
14549
8201
16513
1924
4367
2328
13518
6243
3483
7352
15392
16237
14653
10390
4794
3632
10376
13274
4457
7146
6777
14667
14048
4294
2832
10367
12882
7195
437
14161
5765
6522
13428
2723
12256
7332
3310
1510
5991
6098
1899
2124
7543
12848
3343
12900
1877
15156
5507
179
14782
12793
16164
16636
7471
8468
14052
16541
16095
14358
6360
7370
2123
3333
16166
1523
3622
4385
8901
13298
15373
13859
3433
2510
16209
14528
3893
6992
13970
7117
6565
12100
3743
13585
6178
6904
7888
9671
14617
136
6218
11831
12726
6838
6116
14369
15395
5456
5465
9886
13633
10952
14273
15255
1443
14874
7535
2610
11232
5851
5373
458
1371
11106
6246
1297
13718
1706
6478
8706
14233
4764
6889
5928
3102
11720
9628
8246
7831
16864
11508
13527
14578
8894
8218
13514
5080
7526
11930
13253
3370
11828
15482
11157
4160
5217
12079
15312
3172
3180
3429
8053
11088
11622
1164
7201
10911
3908
77
7436
12371
2162
11208
3886
3841
8769
10114
4404
6407
11223
6473
9650
15808
4108
10735
15507
5200
6825
14728
15116
907
1873
11321
10961
1001
12856
4886
2901
