3631
6770
14673
13622
15467
8917
16401
9653
688
15616
625
6432
6187
1971
2673
14655
5182
1507
15639
11791
10790
10324
8701
13052
12230
2726
13950
10694
7667
16536
3984
8263
15571
16837
9820
16490
4601
6050
9611
2471
10031
7568
15520
12576
3419
10375
2405
4532
588
7519
11565
1082
10259
14065
1816
16572
4669
14013
1491
1002
8413
3117
4299
13707
2896
11945
15190
15947
7431
16983
14372
7271
16547
1668
11120
1461
4215
14225
3989
5135
9647
16618
11042
8110
1153
3516
12173
16066
9012
14250
2828
14854
2925
9118
12372
7887
14985
8446
14017
713
12121
4138
910
13949
8784
15188
3558
10043
10241
11861
14100
16606
2619
1763
14610
15890
1917
573
12648
9683
9643
12618
8813
16782
2862
1479
13534
9212
16037
9067
1726
11601
9140
2355
13050
12813
2233
580
11389
14529
14937
4144
12874
9967
11975
14296
13566
12052
9065
431
6867
14653
4567
1390
15631
10550
2397
508
6180
1753
9185
11341
11072
16061
11285
9078
4025
7452
11018
1607
993
2746
1871
13080
9706
1774
3889
12374
9293
8798
8857
1372
11016
13256
13185
581
9892
16453
8804
12899
5074
13154
15468
10949
3599
7995
9045
12880
9176
13026
10182
1608
3183
4161
4616
5273
13324
10637
12147
10869
8025
8775
15395
11883
9878
1177
16214
786
8713
8462
9610
3957
10865
12780
1552
15650
643
11033
11052
2174
4750
10678
3513
12027
709
2747
13785
14892
1759
10191
4747
7811
1546
886
16027
1434
15008
10306
2116
9426
11550
15327
2772
8264
3515
1435
14793
2252
894
2464
2403
9420
9676
8646
9695
11298
8304
15870
15985
16748
12903
490
12507
3667
14355
108
10282
9265
3426
5138
937
13848
8247
11109
1663
12619
3220
10535
8126
1252
12973
3198
4762
16230
1720
2900
16038
10445
8941
8478
1731
8142
14284
16892
2654
14328
2180
15549
872
10283
16761
4156
8420
733
8900
3980
1342
14749
856
15627
7953
831
16889
14425
2821
10055
3100
12404
3096
14600
16156
12131
12033
13321
13932
10905
14396
14866
1259
10745
3822
7156
16047
3758
3953
3918
1598
3618
7650
7511
9126
15416
9921
1485
975
3359
8692
2004
2953
616
7595
12657
3231
13705
1954
2434
2781
7758
170
11831
3211
10304
11514
3684
2629
5001
10553
11479
3650
10396
2056
3686
7493
914
7292
11698
16771
9731
12288
14080
2879
14048
1323
15562
991
15222
12555
650
12583
4589
16050
7631
1935
3295
15094
134
14951
8081
1860
10743
10791
1887
7051
990
4496
13157
9326
7532
17011
8530
12511
10592
4626
3019
16773
10489
14081
15187
3382
8434
9281
5205
11823
11829
14992
504
15295
11490
4607
12246
10503
7343
14967
1115
3166
8250
15349
276
620
8057
4193
12884
3901
9049
16251
12115
8485
2276
8938
13713
8491
12135
15236
4148
9493
8546
3179
14123
12454
13359
1046
9567
11030
11562
7399
3123
3890
8030
7467
15396
11212
14191
8442
3238
16982
627
7855
3816
12706
1128
12329
4506
15828
12870
12996
6555
933
4330
2437
3995
9382
9737
9903
10957
11197
12313
13221
701
4117
3053
10030
8818
9630
14234
7961
9872
4608
16095
1040
14207
13708
13760
339
11973
9223
2693
2215
10924
14367
8041
12332
14502
14114
1866
15490
3617
1631
10915
4691
16094
7523
860
14664
15375
16879
1020
4505
16894
8098
595
4295
4006
9400
1648
13441
972
1339
3521
2406
14376
3848
8830
9322
10642
783
2383
2544
10232
14025
16151
8652
11103
16532
4967
12510
9552
12699
4003
8454
2712
6945
9284
13214
10164
2190
7984
3246
3840
6640
15742
8155
9958
8383
11746
16522
11673
4056
14782
3568
11879
3647
3512
8779
15116
2689
881
7355
7408
12704
15959
9436
7301
6745
15111
12759
9419
14127
16975
14979
12158
9550
14955
3920
16040
13646
11741
14561
8562
1272
7588
14914
697
4112
16430
16193
4192
4150
10831
15495
15769
4278
11935
8162
15444
13385
13110
9514
15458
4785
4707
12231
11340
4834
758
6374
16116
14447
15344
8678
15191
1418
7221
3474
12846
13829
11064
10132
12950
10806
16579
12850
7691
15679
16696
9998
16403
680
14585
3774
16432
16515
8328
13447
11353
6891
9571
16127
15840
1265
15633
4107
14941
2512
7283
13391
14369
10231
2361
16411
16826
13155
16583
16087
3210
11912
9180
15307
2339
1258
11390
9056
14828
15895
11526
8862
4289
13680
9376
2279
11308
13874
14112
14170
16154
1778
2696
3140
6623
13912
4881
14998
6911
4528
15558
13939
4168
4154
16675
11164
16734
3645
13419
4023
12297
2855
8680
11483
1872
8301
13508
11830
14694
4084
13100
10854
2906
10002
7962
16521
15673
12635
1689
14075
13496
8497
15085
326
3591
4129
13267
9632
10252
859
14290
3185
4413
449
12087
9944
10651
12577
8653
15727
11303
12735
4842
1124
13696
12330
14429
15915
13881
1062
16808
10219
11948
14217
691
16138
11385
7645
9806
3023
4543
13601
16347
3775
3674
871
7566
12545
12263
4275
15088
11944
16318
12963
368
14079
8430
1857
4265
12036
11163
15651
13362
12331
11407
10882
8679
7375
9874
9704
13852
7405
818
10529
3487
4853
16270
946
4846
3634
14938
6123
261
4719
16264
527
12284
9790
12969
12830
14326
11060
2469
16569
624
11410
2539
11706
774
3252
14463
14961
10018
16840
10001
4731
2755
768
10129
3808
7891
8440
12294
9744
3227
15472
4764
10204
3196
12548
1868
1756
14206
3996
4957
2625
3789
10617
16945
11400
15112
9627
1693
15235
3592
13121
15669
6756
12112
10960
34
3107
2144
8648
13572
15920
968
1708
9143
14737
11173
1938
11053
16342
10099
11626
7192
12043
10800
11544
1844
2047
15744
10253
253
8087
4512
9150
3564
4631
15656
15129
13064
4848
2450
10730
7522
15559
1120
11245
16901
1619
14542
11359
16552
10809
16232
10586
1710
7495
6093
7324
10549
10622
8091
8542
2066
10010
11714
8256
10607
4221
3712
16200
10322
16093
2918
7608
3462
12625
10114
7950
9455
1952
16692
1081
10358
8821
12617
7513
9434
150
15753
4579
9124
16834
15512
9832
482
1524
812
4311
16878
3668
2932
13541
16735
13504
5248
7465
2447
2299
7547
5125
15226
2502
13974
14288
8403
14780
12427
1028
12161
3038
4384
15462
9057
15709
14415
10754
15017
8318
10261
2872
3213
12882
7461
1677
2717
1551
14457
14857
8412
9962
3571
16846
14847
5154
11884
16423
15064
4146
10
15336
13914
12240
6642
1206
1511
14196
16361
10022
3126
12907
4651
12978
8422
1743
2041
9988
2851
7903
4680
3052
1395
10202
12844
1781
15580
12890
16664
8085
15629
13352
12913
11113
11440
3299
12546
4566
14409
9220
13894
9113
14922
7918
16088
16510
13049
7764
2483
11457
4436
12375
3275
9561
10583
9347
11805
13697
30
4611
13973
1399
2177
895
8827
9712
9801
4300
16508
10855
1161
10272
4688
4826
14492
16236
9650
11433
5106
10021
2564
9122
15916
17023
4729
4431
8184
7582
7747
12989
15967
10929
10850
16565
15257
16461
12176
1005
6117
14776
12886
1771
3740
12651
4102
17010
8908
16477
4796
11567
12860
10264
15684
4863
2353
16845
15754
11107
3090
15476
8714
4798
13712
3294
2051
10888
14616
16397
4696
12430
10228
11765
13343
14627
3078
4331
15105
4924
14991
1121
4207
12582
15121
12862
461
3792
16391
15474
6106
10263
12575
1287
2699
11237
2281
16530
13340
8790
3341
13302
13430
15062
9254
2461
8450
9260
13
11654
4434
16716
3985
13095
1059
12730
6961
4547
3072
12902
6906
7447
14691
11415
7739
10848
6699
3464
3428
7942
5268
8143
1359
7302
9090
16672
14777
9230
1308
9105
14087
978
9807
12976
8006
10133
8117
13660
623
13204
4797
1415
3154
8093
7402
9918
2
15682
16090
2497
10925
10541
3756
7231
3983
9097
9908
11489
3582
9851
16839
10577
3178
6931
1867
8259
14078
16292
13986
8858
15026
7830
465
14878
16965
1482
4227
10664
10384
3869
14487
15681
16610
8342
2036
3578
15789
14016
9380
14621
12285
12216
6802
12347
833
13449
196
15893
7315
15422
11616
2637
10379
14948
8750
14392
2981
12620
390
15799
7845
9546
1281
10230
4904
593
15826
2248
696
3430
2429
3850
10116
934
7779
15975
12803
11946
74
12226
11834
9328
8185
12930
2017
11125
15815
2870
437
9617
2632
10844
16024
4681
14936
16626
4835
3269
7409
4238
2385
2473
988
4302
8698
13215
4261
14651
9724
12560
8690
4463
3095
12505
3785
11043
6495
1931
2091
7441
10175
2771
1216
2426
11860
9741
14583
8990
11773
4363
2982
8174
1536
3907
4503
16159
10420
3509
8308
13509
15731
4502
10834
10125
6271
9478
11180
4077
13356
1604
2270
10300
1538
12184
12939
2602
4127
15889
9979
11261
2768
15575
9692
12919
13582
1717
16835
1779
14969
507
10816
2592
7660
7990
9011
14584
4124
11553
12351
3554
7371
10657
13472
14763
14975
9209
14014
15104
1942
14956
10028
2122
13303
3834
712
16039
13497
9891
835
2892
10310
11986
2770
9235
8969
14597
14002
15526
14685
14772
8598
13131
7649
12094
4309
17021
11141
578
13220
8694
3637
11380
8641
8039
3082
6113
2411
8429
15144
16951
7717
3721
4354
16491
8533
10597
13162
10490
9280
3461
385
1831
11862
9673
8314
15628
14696
10931
11020
12195
8139
1914
3806
16810
12228
3059
12405
600
16714
13225
15935
2852
14882
9925
7273
3376
1530
2816
14859
13278
582
11065
11447
14131
10161
14662
16717
8266
16134
16694
15570
10876
11007
10676
15374
12684
15746
3311
11910
441
14184
53
15747
10297
9405
9091
3859
787
13114
8349
2807
11432
8895
8010
8751
15703
2692
2609
15953
11776
2729
4442
4332
3711
7640
15635
9555
11799
16693
16883
7851
9659
8937
16495
8565
3280
15522
7610
8369
16753
9883
857
1232
14987
9225
8018
370
2025
9163
13783
10411
15073
12897
7768
2869
15047
9136
2638
14202
8670
11723
755
14887
1453
13489
8787
6618
9312
3922
7766
3453
2501
7533
14098
8992
4560
3058
14261
3836
7489
8343
12124
809
199
12991
13931
10062
1110
4889
11887
13156
7789
13845
11085
6185
16967
2453
11246
9100
14322
4938
10763
9359
3972
15108
14723
8460
1263
7922
4123
1030
10494
3757
14574
13544
12609
4247
734
9784
7406
14021
12302
10610
10318
4920
17003
2218
9547
15983
8991
4059
9210
2334
355
36
14888
7651
16628
1798
8392
14069
13919
9767
16819
7579
15602
9696
6324
2185
3335
7946
8323
7383
2149
8987
3814
10595
7782
2010
14436
9038
10315
12491
13404
16813
940
5241
10662
11379
15214
1590
4062
16936
4756
15402
1230
13482
13580
7892
8909
283
10405
446
10007
1579
11397
9864
7812
13532
1239
6601
4598
8669
736
8700
14541
15317
6097
9974
10105
4768
530
3651
1610
152
2000
4978
1078
10124
12359
4748
9342
15001
7316
15283
8220
3791
16527
4232
3825
2124
14927
9722
12076
1285
3314
11267
1512
16944
7494
13108
2303
6303
3801
15204
13123
1113
12985
13990
1457
12621
4728
8008
892
2929
13166
10120
9793
11686
8762
11523
15793
12198
11425
3087
16421
305
12982
9831
15502
6843
8336
3076
9687
15943
12398
7955
9208
11368
2003
8620
16439
850
18
10433
14774
12987
4612
3533
13947
917
5225
11596
7749
2839
3636
6162
1682
14431
3842
15470
13763
3714
14715
3375
3581
4202
10777
20
7311
6702
2956
3853
3584
13630
12008
1202
11152
7714
9172
267
3552
1799
1699
13693
11022
4511
2204
10197
15060
3417
15457
6755
4115
10122
13904
732
981
14077
1859
8
3531
11188
9797
10293
8622
1313
1450
11600
16010
10942
16120
3350
8893
15493
16543
3169
4194
16202
1630
15405
14122
14964
11731
12009
1162
14084
3813
15161
11090
9279
4713
15107
15535
14303
17
13078
654
417
685
15693
3905
8015
6137
10414
13333
8404
1231
16460
12644
8706
2895
306
12679
4630
2749
15841
10963
13271
4836
8589
12628
5985
3286
12631
16746
1880
11174
7297
16718
16794
9721
10038
2570
1750
638
1201
4668
9338
16557
71
9363
8171
16670
4263
7400
2069
12958
9331
11127
9217
9354
10879
6134
2842
1575
13217
3538
10051
16315
4975
9394
9504
12707
16706
10289
6799
6126
10922
8611
3216
9538
1958
876
6739
12710
13284
103
15751
11456
8325
11507
12839
8350
2343
10270
8601
7029
46
11211
9365
891
2791
7975
7750
3812
1015
14792
13940
14870
1822
359
1734
8629
10972
9821
4399
1317
10377
2095
9304
15852
12626
4533
9674
10119
12566
9411
766
1694
127
11574
1470
16023
13260
12929
3965
9684
9917
4013
16895
11149
4689
9302
7305
16882
8955
9218
3097
11582
11324
11758
16306
10060
11564
11630
15821
16083
12282
11938
1109
8904
641
15585
4811
8101
16434
4411
8873
15201
3575
2722
10111
8888
13313
3706
16992
14827
4800
15846
14613
12573
5105
4037
3672
14670
11336
11208
1526
7880
13009
7378
11547
14804
4781
11607
11892
7814
8520
10497
11280
772
2135
15106
13153
12435
10147
9308
10843
3226
847
16174
5038
8608
1480
16977
15547
6176
7154
1036
14362
6211
14089
12776
5150
14603
8248
2882
2714
7482
14647
16906
11764
884
2937
13602
7963
13635
16764
11010
13091
13375
722
2310
8375
11637
10206
2677
15925
3917
3197
1815
2223
10518
15707
15874
9385
14285
762
10154
273
9138
14756
3658
10285
9416
16414
10153
16437
436
2011
4282
870
8564
1865
13555
10880
9315
1678
12833
6359
14106
6066
45
16259
7741
5141
14352
10746
15909
9031
2468
1616
15721
662
11171
15454
1661
7712
13475
3694
13967
7414
535
16389
15097
15537
10410
9027
13614
6693
916
4717
12018
7997
10827
9833
2478
11344
14420
6527
14267
8540
10983
6194
3040
2273
14843
6963
9983
278
11122
260
4035
10435
10291
4586
3881
6119
7538
1749
11462
1195
15392
11918
16350
9454
2837
7337
16519
13856
3673
1843
14380
8815
13296
1055
9404
8723
5231
3392
5101
10672
2795
11891
12864
10591
14037
14663
15652
9848
16973
15426
10894
3927
10615
4787
8240
11707
14990
5282
11486
2635
7577
10127
11004
12277
11958
13588
289
14794
15005
8523
4723
16340
8136
443
8238
7177
10733
10331
11169
13415
11360
4100
10067
7803
9764
10211
13378
15032
2162
16198
8201
13040
9442
10470
8176
12403
15801
10732
13586
13757
295
11444
4875
1088
13695
9929
2761
3402
80
5058
15792
8928
13115
13222
5211
888
611
10305
3029
12273
5207
2349
10729
3811
11953
7589
1211
16044
1500
1214
2511
14816
8355
4262
7680
15965
14027
15708
6939
11487
14712
2736
12925
15272
8571
10707
9977
7909
540
1550
3326
9694
4621
11277
290
10620
5221
8131
2936
13002
6858
10480
3504
12247
7598
9332
10356
4969
16341
14834
14945
11028
12146
13119
8477
1666
1637
13867
144
8674
9094
15484
11391
15511
12915
14797
1420
14768
12898
838
16105
16130
6450
2881
2618
14033
14743
2765
8684
12836
12382
1963
12110
3283
2880
13465
13194
4794
4264
8660
15781
8597
12567
10608
16323
3002
2077
14229
1217
16042
15851
9041
4534
1437
37
11751
7142
8079
11932
8151
6725
7011
8092
2419
67
7278
2920
9996
13865
9520
1790
16563
7520
8395
8147
12141
11311
14493
12248
841
1152
9871
16792
13745
4407
9543
8745
699
12995
15990
3219
5063
10758
5237
16344
13102
3127
8606
11864
7615
15024
2966
11024
10627
9040
15318
12787
4297
3497
7390
3857
4775
2481
4727
9278
8339
6695
198
16085
1474
15868
1807
10551
10117
14124
2278
14733
1304
4665
16829
9545
1403
15525
2097
12283
13032
14422
13518
12601
344
15225
6392
8002
13724
11446
16345
4476
1782
12755
8187
16713
5243
15019
11210
9955
3287
10235
12378
1852
10548
12170
15736
12041
9173
7363
11947
974
10207
3590
7957
348
10947
7432
14681
12547
11591
16358
10135
7418
9495
4402
14970
13145
5068
15574
4872
10594
14821
13135
10500
12415
8388
12944
16518
15007
13668
16081
15807
2089
15287
16678
1998
12252
5002
12037
11477
16517
10920
15056
4108
15139
820
9022
15230
12336
11962
12187
6734
1586
4012
619
1369
10838
13958
1818
3762
12082
2119
6110
9088
1644
15220
7074
7362
8320
13765
11990
2362
9000
7401
10511
3871
6519
4721
10174
13301
14620
43
6155
11728
6135
7439
6744
12764
1261
16976
1268
9170
674
13838
15128
550
3088
2449
4425
3201
505
702
10260
1132
1335
12598
13459
10845
9134
13651
7491
14648
7218
11471
10999
2114
16814
291
8984
14279
11157
11318
656
14581
4492
1809
3498
14713
16220
32
7118
16400
16419
12640
6913
683
2203
2591
463
7391
9973
15254
1127
13453
10387
16441
7258
9923
1553
402
4654
967
4992
12544
3249
4005
913
14203
9526
3016
13005
1398
15729
5149
16827
11049
8137
13897
9524
7970
1368
16111
9070
7023
12968
172
10959
12854
12364
11502
14521
865
2803
9755
16679
11774
14406
4833
9421
14795
15040
14552
13042
15178
15996
7836
3777
652
14058
2727
12317
7716
13672
1819
9494
16903
11437
15053
1466
618
6953
14282
10199
9379
796
9893
5181
1564
6662
2904
13069
14039
16900
13787
12677
2723
11256
15451
16014
11100
14394
2611
41
7693
13016
11572
14411
12597
12178
13479
14385
8877
16263
16475
9618
7440
15702
16733
12223
1027
14053
12664
2105
1373
1327
8979
12029
16496
2365
2909
11725
2158
314
15103
8315
4186
7564
11789
11930
12326
11950
12701
187
12348
12444
14388
3120
15337
13997
12936
15052
4132
10071
10137
396
4795
11532
14176
2150
4516
12483
15423
13318
15216
11087
10193
16062
1222
15456
7796
12883
3033
3911
2848
14693
6547
15931
14412
13491
11742
12452
10916
1964
2328
644
5013
122
8889
805
11515
11695
2868
3146
11133
10688
9518
16484
7974
14575
10081
492
14716
14840
4268
7869
13903
11814
6936
1615
9190
4469
303
2235
4784
12417
3742
4908
2495
16309
9677
8380
2665
15548
75
965
13995
6457
7757
2458
16317
9014
14576
1387
12909
4535
8949
9003
7534
2389
6637
10605
3843
16770
11873
14398
8207
40
14146
16788
2901
637
586
15596
4682
9691
16959
8408
14572
10196
7788
14510
8313
9137
13277
8685
8861
8489
1580
10862
16218
14596
16593
1404
7085
15173
4026
16099
11274
3608
16663
15962
3349
358
13755
3675
8363
8484
11979
4991
12301
14287
2241
9066
173
16953
6656
10513
2615
9585
8221
12645
15816
1174
9815
15592
6949
11851
15871
4571
10176
11398
2348
9857
11374
9890
9139
13010
4912
4455
12681
8931
1943
15720
6932
10641
725
410
10247
11735
11189
13488
11597
12077
3308
8939
458
392
3266
15855
6440
12221
13843
15125
15980
10077
3068
7726
15243
4763
179
12118
14432
12083
9251
14254
9309
16288
4591
12744
16838
3001
16096
2266
8473
7335
828
15009
2841
8051
11371
2480
7463
1766
7613
8331
298
8726
13722
4340
7850
8730
2678
16789
11284
2575
4195
14844
11678
15717
11104
11734
15886
7611
7873
494
182
4432
10969
12245
3334
7889
529
3556
14281
16779
13826
13871
212
8423
9752
9525
16171
4878
11382
2466
8122
12906
16698
10852
2057
3298
1240
1970
13346
11416
16208
12908
1334
15348
6995
11813
12428
1111
6179
2109
4449
3988
12516
2257
7567
7665
9528
6084
16273
15098
16390
9762
16388
10460
4580
2991
12946
7413
8964
11952
3241
2753
10505
13299
2549
2037
8534
15883
11216
640
361
3357
7487
13238
12520
7238
126
13443
15763
5233
14850
8573
12754
1233
5976
16993
502
3020
3255
15924
9560
8234
271
16897
4308
6726
12916
16451
1776
10024
14822
9661
16076
7341
12786
13735
1247
9614
12453
11794
16073
4810
8077
3585
12940
15159
8178
2728
12060
13287
9370
16856
12307
2559
1632
4666
14357
5051
14626
8458
10027
16851
10064
4559
12046
1968
14690
14239
16932
190
676
890
8548
16646
12105
15556
10948
16584
12476
15735
10625
11551
11370
9726
7490
9147
16913
15483
10208
1053
4412
9006
16450
1172
11592
12496
13659
5019
14097
13152
15249
9861
9639
3858
9157
999
10564
8356
13627
8009
15825
4524
1262
14615
16956
994
14110
8282
13422
12196
1083
1326
2874
2639
14886
11916
14272
8370
4147
12654
2305
767
2143
3784
11383
932
12064
15242
16459
8173
8243
7556
1584
1861
10430
7304
3872
1315
16520
2563
11480
15818
15328
12719
15012
1902
15554
8894
11012
664
13594
9782
15875
15945
8913
13048
7295
12714
7698
8575
16248
8149
11478
4793
14147
9873
10981
1439
14160
14680
11292
8699
14230
8994
4949
8743
9869
12901
822
11852
14418
14566
10388
9378
12525
13718
10881
8258
647
11137
5152
8390
16656
14307
4868
15151
12599
1599
3796
15377
4244
12373
16787
16721
10934
2578
2949
12123
15964
9749
8106
14739
8736
4389
16020
13414
7776
12948
14464
10086
9485
16160
8385
5996
13120
11332
1061
4180
3081
9191
2934
6078
7929
10943
14863
16486
3570
14508
1618
3279
1572
2164
12748
9415
13028
1154
10841
11499
9581
4697
3144
11929
16478
12972
4977
12261
13960
1031
3635
1429
4581
15794
9283
4749
13232
12149
8734
1494
9471
8367
2961
2819
11401
13307
9620
13957
16511
9465
11329
9625
13413
773
7993
992
9819
2262
10471
3535
2045
2356
4659
12659
13211
9241
16554
9953
2537
8659
11969
11713
1423
10649
670
16942
2146
3799
1711
9145
8665
15329
9563
13598
1505
8303
3681
13186
10566
4172
7923
10121
12492
10413
4007
2175
13383
14697
13699
13819
3748
6312
677
16611
5120
13573
12840
15162
9013
3133
16224
12171
7792
10041
893
12137
12871
11753
15642
9325
12484
11670
16339
7581
16164
15152
5059
6849
14628
15972
4673
6306
12762
15286
14570
16173
16815
1923
14638
2346
15325
4020
7596
51
16991
11289
9019
13998
6127
2858
7152
16101
2547
8570
8770
16237
56
240
3537
9548
4814
14666
6167
3102
9549
4770
3346
15609
3741
3739
12671
15913
3069
8133
7590
7617
12941
2887
8398
4890
15091
2394
4201
3824
16192
165
16307
10870
11818
15231
4507
416
11680
10598
10066
350
2288
1883
1125
3458
11330
12066
1101
11617
14972
3820
8213
2655
3037
8102
5049
7092
1606
16296
10201
12726
9452
14960
10354
15863
231
11265
13013
1669
3080
13918
10040
13893
8481
13457
8138
16739
8655
2373
10016
3621
7846
4018
15773
1528
15822
16364
15240
7668
8876
13325
9074
11590
16381
16615
13759
10554
3271
2557
15244
5959
7450
10769
12816
9440
8668
10621
8191
11655
12303
15281
12169
16785
2758
571
2621
12879
12185
8547
11129
1210
1915
657
4660
13073
11302
12220
8761
10442
12244
4637
13250
8146
1347
9993
10179
4928
4078
2096
15158
14236
12002
3407
1370
10789
13535
457
12038
14391
3094
11464
14729
374
3057
11967
7260
9777
8932
1097
8361
14915
3855
11098
10126
11503
9222
4096
10448
9219
7345
7666
16687
6801
12807
16609
9713
3944
2777
14668
4396
281
1541
8744
14928
7982
14962
9840
3697
2820
9880
10299
16348
2782
8038
12289
15969
1811
4204
14339
15384
9800
4816
5093
15434
496
13269
12193
3665
9224
7246
13609
15958
15314
11504
10403
14036
2543
14535
14880
9557
7290
12809
13751
13922
6788
8952
4335
3225
7684
9663
1242
2850
1396
15505
1348
1144
11134
13199
2924
3105
12376
11984
1021
8189
14514
9964
29
13754
15897
14805
10224
2690
7313
14676
4271
11516
16150
12896
15857
1765
15722
11259
543
12831
16548
3148
2744
8150
3639
11803
1609
13809
15910
13406
8875
12605
4746
12361
7364
16280
2523
9701
10195
4940
9907
13546
12390
12514
10731
1297
1940
14721
2738
13737
9446
15847
1967
11404
414
13650
7908
2209
8553
1772
12270
12262
2838
15678
10630
14379
16303
15054
8469
3482
520
13500
15166
10711
8870
10587
8384
7871
15165
7937
16752
1176
3896
3705
2640
8649
86
7299
16842
13830
10343
9081
13688
3404
16417
13703
11195
9743
10399
9675
1185
14823
1733
10267
9488
12243
740
3260
13709
14321
10824
12485
11247
13834
7284
8357
3384
2438
12084
14699
958
4457
13348
16279
15499
3047
4687
5993
1371
9811
12653
334
338
2021
681
14012
13373
15843
14484
14201
3862
15014
14099
15517
14557
11609
3638
15699
12662
11232
12805
1289
1805
2634
10478
687
12011
442
2902
4242
4203
12743
1025
11793
4341
15061
15198
13741
10185
13445
14060
8244
16385
8505
10065
7798
9531
16181
12468
8202
9928
5202
130
3663
14564
5278
9740
10993
8654
7314
8693
16187
8610
8016
3698
1660
2980
2084
7818
2535
11231
2978
8004
14593
13764
13801
15594
349
16786
14262
2684
2917
15250
1384
15704
7503
8768
11205
15507
14373
15977
16386
16662
3726
8791
605
9532
9051
3114
15634
12448
8419
8438
7496
14382
4066
8269
15914
12155
16594
3971
1877
1266
4754
9451
3142
3956
10048
15830
13369
15135
10779
8501
262
11708
16915
11543
13736
3258
14421
3611
14860
13452
14839
13979
2927
12988
3987
3337
13464
11760
11882
2082
874
16139
3421
8899
629
8496
6405
1823
2794
9776
1840
8366
4960
3876
2387
1879
13620
13008
15142
138
4632
1499
5992
2815
12749
13799
424
3773
15379
13468
7396
389
15388
4917
13209
8691
7809
7349
10719
16457
11800
3629
13567
4638
7740
11978
4237
7557
8495
13113
1033
15898
880
16868
13289
13968
15687
7298
9366
15044
13159
16091
488
1737
1985
1146
16902
3485
8452
8811
14049
12205
4165
6710
3444
7554
558
1349
10893
11215
1077
14897
4179
14327
15850
1409
9860
661
8538
12821
12757
11606
12421
3753
8382
10134
9636
11184
7544
2784
12800
9771
15251
10643
4044
2788
3779
9812
9655
15999
11209
6545
14454
367
14563
7010
16186
4249
15177
8480
9725
13469
15979
1738
54
11394
7285
13841
13557
14623
11050
929
16424
3954
14280
4910
4605
16487
6426
7858
4058
14156
15124
12464
564
12088
4334
14759
1962
11438
9377
7250
10708
7084
11413
12101
3903
8065
16125
16360
2039
11448
11951
14738
14128
15347
7030
14067
2757
13438
7708
4266
765
1346
1149
16059
11766
214
2876
15399
13437
9103
9268
7917
12949
16957
10875
14709
14912
8956
13515
7719
6466
2583
2103
13784
3149
13350
9499
900
12878
11566
1929
8549
13057
4410
10519
10667
14766
14608
15827
2628
4902
15543
11182
14205
14046
11556
352
4365
2911
8545
11185
13828
12559
3051
844
2668
7939
12532
8584
14920
15232
12563
15665
14757
3118
13363
15282
148
12750
15034
995
848
11870
481
16648
2891
15779
3293
16561
16029
2645
3567
8017
10582
16643
44
15878
15397
8114
10992
2948
12756
13077
7540
6558
9965
9477
14540
16104
1573
10335
4184
10742
8439
8132
7348
11249
13554
8724
4555
12335
13538
8650
9199
4152
13574
545
9043
7332
10466
387
13506
13542
15540
13125
1204
14434
12971
2087
15611
11325
9926
10542
8550
11940
14861
10053
11615
15949
9080
12015
8819
2493
2775
2648
3007
3446
1452
1180
14361
287
9572
9418
11351
15168
6464
13928
15951
4554
366
13543
4052
13201
1357
12885
1672
13255
1257
15353
1223
7419
14351
8111
3688
6865
9911
1151
9390
13576
1328
8284
9406
14660
2489
8725
628
14544
12309
8544
8982
8311
5264
15361
13512
6819
14390
14444
14727
16325
12166
8934
13969
12497
9339
12905
8602
9053
8223
7475
10269
4976
25
11377
7319
2599
12616
7280
882
15058
10828
12048
3572
3466
901
9950
11585
9534
14590
14730
15120
8253
13637
7251
14180
9544
11206
16319
17024
10434
14255
16234
3396
1478
3999
4306
15670
11481
209
2783
404
4346
11898
8205
14767
15604
16144
953
15929
8582
1591
821
15805
14916
2436
1309
2404
9467
16338
1047
1680
12596
8867
2979
3701
546
1926
16691
13944
8414
14195
15401
11058
3846
8227
3204
9761
7968
12639
10026
10150
10450
11896
10691
3351
14181
6152
16939
15787
12470
3849
9994
9352
14265
3296
15700
13454
8335
9981
15489
14161
3778
6092
1011
2357
1363
11414
13505
12611
332
8710
10172
15564
9693
11792
1440
4039
12568
3422
6780
7244
4447
6367
8795
6146
12371
13632
1300
12069
9854
11062
12128
13384
10432
8463
15796
9005
4617
8708
11496
4973
15449
13012
9468
10321
4856
13716
3015
14785
14342
8069
764
2342
8667
9155
4466
4126
11893
9895
383
3880
1290
4224
14781
16784
3930
2454
1725
4
16836
4497
3749
4880
10710
583
4255
3600
11784
4270
15393
10860
6723
13636
1091
14231
13339
4236
9246
13885
3598
13392
98
7499
12981
11073
2973
4772
6599
3436
10808
13109
12192
1742
16994
4830
8865
4531
206
4479
1583
7752
16233
16370
1841
7270
10351
1953
12937
9306
11908
9507
10326
11960
2565
8902
14988
107
7771
5950
12222
14622
2574
9562
1713
8464
11561
13638
4067
6923
12333
1469
714
10378
12399
13017
9174
10618
16941
7987
6925
11983
14654
3683
1157
9644
7637
13229
4672
13358
9238
4093
700
626
10836
5104
803
13061
8948
15322
3021
16998
4919
2019
14381
1581
9826
15911
1333
5218
9889
7191
7241
1863
3919
14645
3974
7466
14178
15055
6684
4231
7884
3035
941
9803
13740
13725
3884
6644
14358
11744
15768
13068
16639
2569
12782
11613
4176
2292
11719
3055
14549
16657
9648
14473
6357
8535
13172
3274
16964
10524
10014
948
10761
4792
560
2561
13218
10317
10498
4700
4733
9808
11554
7552
3511
15059
15140
10327
11575
9780
2529
16036
1117
11201
7416
11839
16817
1345
7755
551
4515
8778
10680
1992
2431
14511
10776
7683
3248
11431
5021
10037
181
14359
4859
12590
7976
4896
14467
7715
3400
2715
3259
7777
3543
4758
4024
12360
419
1762
16539
11193
2734
13000
9992
12867
12418
8040
7988
6655
27
12934
2785
3593
272
7857
14500
2854
324
2285
3595
3805
3783
15899
10716
16971
13721
10214
1462
1181
3745
12065
14646
5276
60
7228
9516
10514
94
8203
15268
10325
1728
7521
8662
12713
16620
4887
14592
14728
8803
1515
4473
11557
1617
7605
16684
3700
9927
949
3301
10008
15885
7910
2448
12458
15195
10739
14762
2610
3786
16560
717
1251
3062
6252
9407
16886
14595
16002
8782
11777
9975
1016
3027
4861
3766
10946
10236
467
12667
13938
7309
11217
16568
14260
11737
3891
13290
7710
9924
9602
12148
15266
7864
9987
6244
13208
11546
8297
3770
1283
14918
4482
10899
12423
4751
1288
7664
16438
11573
1769
13242
989
4575
2024
4570
10704
21
2300
3368
15146
337
2335
2921
8993
11631
16003
2440
10151
4698
14874
14942
3403
14808
7886
10296
741
14904
4678
232
9423
379
8456
9362
8274
1166
15082
14976
15560
11694
14311
15461
17004
1537
4495
11545
9068
4732
2764
4014
11345
9107
11495
12847
1175
8529
12634
16777
2769
4229
8763
14102
9919
14643
15394
12655
1056
4234
10506
8020
15261
15366
459
13431
7262
14558
13640
14338
14273
15824
7775
12622
15010
12397
8127
495
14846
5232
19
4622
1889
11821
2061
3162
13337
15844
11357
1436
5037
11326
13552
9298
8026
14641
11666
14919
9205
12785
12286
10128
16225
10103
15804
927
8525
4424
3473
1569
9836
15415
14413
4936
12964
15252
7505
5189
1050
10391
987
11059
9182
2923
12144
9934
3193
2960
11439
10697
877
129
13661
15761
707
16117
15612
4131
16972
8567
16065
2137
3168
15771
1275
2972
1517
3924
14677
79
11982
13684
15728
7139
16465
2500
14095
13953
3586
2463
7700
9386
15530
16622
16030
7913
10148
10173
1249
12720
9972
11917
1358
7269
13038
15647
3277
12030
1639
11667
4233
1813
4248
7168
473
3125
8034
8651
8929
14710
15848
1670
10447
3594
4149
1438
1274
11399
8072
15316
16604
14898
3022
8159
4893
16642
6344
13516
14149
3613
8232
11150
4779
8986
11002
13895
2415
2038
7476
1022
9373
15127
7046
710
8925
11965
15488
2016
5087
6079
15534
9686
8574
16402
14829
923
7549
11427
16165
11166
12553
10967
16367
3217
7919
16896
11619
14108
15117
11740
4459
3131
4304
548
6659
1454
4286
11522
14115
4596
13136
6859
16357
8742
1035
12308
13908
13203
13977
15617
2488
798
1886
7385
9017
7841
1329
2733
819
14824
15437
14000
8120
9214
1741
8445
7852
6186
12819
15780
2030
15600
3441
12728
12808
9641
10807
2390
13096
13965
7679
2946
9032
16742
3229
5085
10140
12455
16334
14121
12208
9583
11369
15524
9700
12783
11168
14226
11138
9084
11178
2945
15080
13603
16665
7746
13825
8346
11769
2686
8255
1625
14637
15713
12689
10104
8823
1897
3744
11159
10952
8672
10495
13151
804
9450
9619
4094
1559
3833
15143
11816
13478
3530
12557
5111
15698
12543
15051
10171
11248
12212
16877
4930
13595
11555
11015
7642
7386
4460
1794
499
15194
2555
13279
11739
479
3526
11281
4815
3782
2340
12006
9798
16064
3915
7844
14997
9939
9096
9778
5065
1593
11634
8280
2142
6570
7882
4583
9540
7707
2129
14224
14241
12412
12812
12258
10900
4971
2054
9336
15092
15649
16483
15903
16872
12432
3267
35
11331
3948
16821
9324
2659
2893
7583
14051
7629
7991
3868
5198
9146
5265
13537
8400
1688
16244
10163
11563
9227
15992
2680
14869
2620
10309
11314
2337
12408
7870
5172
8847
861
15553
9216
17000
16222
12057
9037
3555
3574
862
3315
10759
1065
4860
10784
7572
8411
1775
8967
10700
7920
10964
1425
9756
15079
16435
11219
15352
3190
10811
14518
7430
14001
5133
16757
3061
3181
2214
12154
9766
3093
14445
11420
3576
8781
8252
16493
2653
9346
14509
14707
8427
16068
13210
2386
1089
2520
6868
3106
15331
9435
12999
8104
9144
10332
1921
7497
8555
9629
12049
9445
2086
823
195
15842
1513
7459
8510
14400
11241
10063
11907
4683
11620
1623
360
1937
5151
8603
2767
2031
16113
11395
11749
15862
13246
15323
12842
8074
12652
8767
11857
13298
9867
13305
13396
11229
15937
9093
4483
13033
10130
10003
8936
11949
13878
2552
1681
6391
14714
7253
11054
6277
7563
12676
6583
7374
8167
16312
13832
15072
15738
15637
8186
10904
227
3950
4606
16000
11361
4472
1770
15993
9887
13272
8099
6751
7502
16871
14554
3378
3496
10956
10832
5020
15183
10424
16355
16930
12682
8516
1284
7904
2487
6282
14120
11467
241
7261
10918
2597
6442
16242
12211
1400
13401
14831
7878
1246
12125
10522
524
4556
9301
15218
88
10885
791
6
9165
2984
13943
15134
9106
15003
1987
13517
10919
3929
2697
10927
7255
10084
4634
594
3412
1758
9008
14553
4594
8531
13667
12646
4383
15690
7769
1664
15400
4883
10056
14881
16077
7694
2247
506
7977
13081
2181
10338
12023
8115
13387
939
8466
12012
10682
95
16449
7235
7872
1649
16012
1796
12688
7635
3386
1532
16121
10606
2301
6988
8642
3288
4684
8437
16660
15207
9850
476
14305
11787
4923
6998
4739
14439
9605
12979
10980
11710
13001
6151
16669
12411
3189
8293
14173
602
13682
10458
4484
9387
15304
15277
6462
2133
10751
4000
11786
11812
14426
3000
4187
2239
4040
14684
10953
10638
6824
1542
9275
4164
7729
14397
12377
308
3313
4652
2805
7999
9849
85
2331
14486
8765
794
3070
9795
14807
11954
124
10464
16590
3899
10780
5965
15836
7603
4390
6460
3098
2253
1095
8839
7902
14864
12612
166
3548
3962
8759
16946
4965
11999
2274
9668
2977
7621
4222
2787
630
16278
15527
8933
8309
16667
12531
16470
4628
12542
13616
9591
15355
16801
15928
6005
10978
13082
12686
10013
3525
1431
2474
8995
15854
14386
10187
1911
3442
8585
6311
4613
7657
4197
14832
4710
8716
13466
13592
137
13379
15391
3887
10131
12564
12232
8965
16410
2922
247
2603
7535
2636
15259
541
2517
11996
14746
2834
1092
3478
1506
15538
15606
12345
10556
1732
4327
109
8760
10890
6798
13805
2213
3986
16516
1721
7498
2161
11577
8747
16545
7949
1237
2236
14536
174
9087
4377
3935
9290
8971
1712
9963
7831
9897
12717
11304
16699
9456
11928
1173
7504
8418
1837
7604
11604
16277
14269
10492
10718
2222
8644
5208
16025
7474
13030
15671
11179
8631
7293
225
12367
9234
12835
9349
2184
302
3243
14769
9590
9829
345
2261
16855
11900
3898
15114
14957
5212
16775
10254
9503
5174
10543
13982
8794
8401
4829
14705
4285
7860
12512
14895
599
7652
4864
5036
7723
16833
7696
11200
16607
8379
8222
11317
7943
9486
13613
12966
8806
16574
9128
4538
4480
10810
2140
15339
10087
11888
9901
779
16723
7512
11536
3322
723
68
7545
215
10080
251
7361
4695
14134
2789
2313
13376
15424
749
1603
10412
16243
14073
6812
16041
16057
1527
613
10846
9489
9943
4970
9679
16106
274
15023
3397
13393
11076
2020
16755
7823
8891
9462
9846
5076
10562
12010
13407
16756
7720
15597
15132
1307
8045
9805
16004
14371
15677
1442
15186
519
10312
3829
6576
10298
15645
11957
10169
6816
7737
14157
14813
3906
2556
3242
3003
3977
15764
13101
9131
13652
8145
12636
3086
1847
13978
14612
4508
14931
1727
1024
7377
13274
12781
14819
9865
1543
1560
6479
10344
4382
4679
8537
2589
3109
2043
2002
16112
16860
16329
13316
6139
14248
8722
14446
2070
6235
6399
16649
12213
7384
1075
2171
2075
10192
14741
5239
9595
7264
6096
6837
14417
10567
8197
11724
13485
3540
11253
48
15675
9667
11290
2208
11924
16466
4328
8688
7531
12410
16654
12290
14658
3874
7848
12402
9004
14185
2123
3291
3938
1351
3679
9510
14717
3475
7096
925
7966
8914
3731
1456
4907
484
16413
935
9823
15966
15265
2245
12868
14263
12488
3619
11845
7291
304
13793
11358
10144
12200
3006
10670
14719
3563
2314
679
10101
13951
16207
1969
11207
1064
7898
730
8754
10429
9961
16052
1484
1130
14480
5136
14799
14435
8100
12504
16927
9030
13390
13253
512
11108
8488
3472
11291
11441
13092
10785
15608
14902
11854
2296
1038
9999
13941
15045
13233
16447
760
5130
1812
16858
16011
11199
2229
10599
15279
3161
2951
2959
1534
9178
9746
11257
6916
4915
13780
577
1245
427
5165
1704
15039
16448
14909
10872
1189
1535
14926
3491
12487
14481
14778
15859
1187
8976
3838
2280
7526
12961
16440
49
13811
2439
13913
13338
2687
2347
15239
12078
15037
11093
16909
9413
15515
7133
6385
11855
14042
10491
930
1845
7840
942
15619
14462
13476
5015
11321
12249
8175
13334
2139
14907
7268
8776
11239
2724
11838
7822
12702
15308
10545
7745
2798
2198
16141
3501
1483
15033
13905
13583
14186
3221
9357
16686
7634
22
7412
14334
8358
7695
2587
10166
12389
1981
6305
1686
12993
6766
14504
16631
15197
9403
4226
13470
8657
4181
12733
15280
3557
5197
2626
13336
2400
8512
11388
9920
2100
4218
14059
10217
9430
11963
3931
4022
2514
4694
8930
4351
16436
10090
11880
784
296
10050
9229
3503
3746
4451
84
2167
2228
8689
4429
14441
16966
15229
2315
15267
8052
4968
15446
11422
14525
158
7753
2573
12888
10736
9966
226
2457
10210
10168
10245
12998
16082
2857
4662
9530
16926
4119
16213
4241
9433
4416
16616
12047
16818
8551
8901
604
8165
10727
16677
11473
15654
15182
14783
9200
14602
11396
11044
11258
4209
4847
13270
16666
10418
475
11426
12328
13658
10393
8012
2810
15776
13418
6505
12293
5238
7398
13934
16368
16013
143
12630
1571
14164
10995
16387
1441
10233
13098
13875
4870
2607
4745
8741
792
1424
15664
10487
3520
5168
13315
14035
11194
13689
12061
13062
14295
15712
2388
1574
11316
3324
10757
6985
7543
2860
16636
16008
1311
13007
3289
13178
12791
12810
11204
8199
8757
13902
11165
7226
9329
8919
542
13657
14456
4510
13141
7674
4690
1709
1518
10673
10165
13945
13319
15802
1389
3499
15123
14459
4487
8687
9702
15995
16408
1821
7765
13565
12715
12602
4894
1447
11077
3544
11114
1473
8360
4178
16690
13198
12227
249
14944
425
3253
12197
11881
15882
14667
3970
6928
13731
16063
11664
11989
7926
16180
6707
8890
8347
2110
9425
8521
9266
1248
907
13847
14336
9072
8639
8825
13167
16726
12922
7956
552
13984
15063
16512
11691
14551
912
12143
234
3963
4541
10713
9986
8881
16297
3071
2536
7678
8636
2672
544
15081
4725
14238
16949
11271
12736
11675
11283
4440
590
12685
9830
11301
3042
15944
8432
735
7485
555
7736
7328
10822
1979
14271
8032
13511
1164
11124
1018
14223
2316
8407
2846
1730
12426
11923
16079
4504
13142
12111
12765
2476
15785
13448
12353
6759
10203
12338
12784
14166
11307
10257
16394
10181
3202
1467
8338
2741
3049
13420
10342
301
3615
7773
12536
13719
12872
10075
9948
12419
9933
1012
15726
13623
11790
4855
4360
2384
3495
3781
4490
12523
3798
13773
13645
429
2856
4414
1706
2125
1356
8924
1939
2682
12114
12287
397
1468
3735
10365
1331
15428
2958
14252
16774
8886
1850
9077
1748
9033
2156
14747
7675
6856
10094
10504
14443
10631
9327
12603
1451
3588
13264
9479
7427
5061
7612
6783
9834
13654
142
12918
13138
1198
8112
5194
7659
10493
13844
13711
14488
6164
1642
5048
16362
9058
13134
15006
10483
16573
15685
13243
532
10085
4539
10093
757
4104
13952
1060
2418
9197
11119
9330
9412
2294
10669
11934
2642
12637
14104
9646
4906
12503
11995
16816
9689
3319
12132
11172
4016
10976
16765
3863
4011
4319
1801
13758
3845
9566
317
4468
8647
480
4353
3285
6243
2243
4462
186
12558
434
2064
830
4498
4339
15027
6336
9428
706
2667
2049
1464
584
8486
1325
15891
13148
903
2479
6159
3517
2831
1058
13174
2058
16422
537
2814
569
4060
13956
11645
4091
15482
13071
14266
15823
15429
9711
2165
356
2007
10212
15145
6714
3719
12838
14113
15997
14735
10276
2377
3450
15042
13560
8195
2954
3300
15157
13341
7759
4406
4019
3257
10054
3718
12473
1414
7501
12478
4808
16022
3457
16454
2308
4867
15636
1744
7587
11702
8368
8068
1797
3031
3916
10118
13410
10660
2627
8208
15149
2662
13196
7837
8559
236
1714
13587
13664
12201
2287
11461
10057
14451
1745
7287
2329
8752
1521
9875
11752
3434
1170
4742
8528
11849
14503
11170
12499
3597
17014
15069
7420
4877
11309
7793
7733
14523
11699
3408
15718
12517
8596
2688
13853
16571
12165
7254
4317
15021
11421
13035
16564
13677
16689
7867
13344
12700
4387
13403
2644
10336
13739
8161
3014
8625
12346
790
15531
15275
11242
1788
3769
4392
2099
2452
12387
16988
12388
13150
14074
15745
15357
11548
9616
13424
1913
12643
4801
12663
9269
7225
16825
9681
12818
16209
11535
4737
15359
12900
8183
13397
12855
4217
12692
4807
8037
6950
10215
12156
2402
8626
6165
11363
12769
997
14893
16730
11244
16118
3469
7381
15300
15016
973
1997
12450
8070
2513
121
10347
13295
15481
14015
183
7263
3245
4398
15237
12416
10422
2291
8957
7807
2606
4873
7762
15513
2962
8322
10020
7743
12074
13304
14005
9075
14736
16612
10644
10220
10474
3039
1893
8141
810
12828
2092
3628
15203
8451
2197
11770
8828
11689
15583
12500
4615
10692
10895
8789
509
15354
6248
10717
7310
451
16863
15332
8719
14598
16920
269
1620
7267
1760
11029
10982
13463
7677
3730
9249
1656
12320
10465
10000
10616
14024
10611
13451
13786
11867
9512
16053
12792
9177
7623
8444
14050
4369
16109
5064
16291
8627
3624
12138
16017
14192
13060
13240
2201
9463
10188
6888
7411
3626
7276
1155
11036
3620
7697
1026
15691
4219
13732
15599
13025
9758
1401
15858
8170
1975
10740
13691
14399
3092
525
15224
7087
15480
219
14761
7222
7471
8231
11868
407
8455
15984
2445
14299
15385
10968
10216
5220
16476
12852
14297
8001
3606
4658
11722
853
9153
16313
17005
1344
10275
15648
3385
7372
8783
11976
11660
7632
4609
12291
14981
16768
9931
7738
7044
4356
8871
9427
15155
14294
3418
8897
9601
4427
10533
10654
4251
5169
14477
807
1946
13959
5121
3297
15800
8846
16668
7911
1382
4540
16481
1394
16850
10526
7516
3666
8950
14419
3828
8960
9718
2598
11750
14054
13795
1626
2884
14515
16379
1884
15452
16591
3817
10892
3722
3367
8634
14088
8837
14835
2409
13434
3046
12695
2102
7735
9142
13364
10457
233
15632
3468
10459
2344
7646
14126
12931
13999
1888
15273
15015
9121
11858
12209
11518
1140
415
4298
8799
711
12788
11832
15074
8717
8021
12127
9896
1236
8306
12314
7456
7985
8019
8753
9843
3523
10596
15228
9295
4358
2220
2376
82
11820
14324
1835
3104
9474
16140
2748
16227
15817
1067
9439
12823
7824
8916
8334
1767
15529
8926
11260
10348
4885
16132
3373
11914
9608
9634
2998
13329
8378
16933
15528
15473
13743
16245
4287
10884
3312
5027
2861
10640
15463
391
8977
9719
3936
7625
2930
343
16865
16741
4143
11071
452
16294
4296
7584
15141
971
11743
3968
16467
9010
16135
14193
1430
3431
10702
4645
7838
8635
16272
10246
13794
9034
2521
13160
16528
13498
16893
6534
7395
9383
16155
4166
16378
2903
9300
13213
7403
16498
1657
15798
2081
5081
11423
15839
9483
9213
2324
13628
11865
9007
12848
2997
14407
16749
1905
2259
2605
135
9196
12097
14022
727
11756
15806
12139
3206
50
2601
1353
9297
2735
2526
6241
12463
8511
9345
3976
14389
14580
7158
2786
4128
14055
223
3173
983
13948
14665
13365
815
14842
14538
920
15270
9491
342
146
7731
4888
7536
4279
14644
9255
11070
15271
2212
15876
14789
6441
10923
11987
13103
3290
12537
9294
6102
2338
6499
6804
1716
4444
15147
2319
9271
14029
7673
3577
1503
16260
12443
4879
2055
12486
13285
1602
15908
5143
7730
11347
16681
12093
11646
6668
6368
596
15196
10849
10017
1740
2173
922
7655
1605
14479
10715
5092
10473
13888
406
16832
7188
9101
7979
8740
1087
1957
403
3050
4134
15601
1073
12180
11939
8441
13629
364
12275
3733
14630
13461
15741
14560
4899
16321
7816
11074
6523
12091
15333
2694
13798
14136
7032
12471
13827
11711
11406
5158
12020
7744
9203
9237
4376
412
4752
12299
15970
1904
16253
10604
8630
11102
16974
13045
9748
12446
2582
4122
11147
576
10825
10096
10866
11610
4610
175
9340
11500
2272
15025
1244
3875
4220
16847
16219
16652
3966
11460
2751
12394
7742
9198
16549
3331
13493
2067
7813
13748
15436
9364
16295
16802
7959
16728
16005
10996
1017
24
11817
8911
101
13262
1869
12518
2136
15071
14571
15749
13429
16226
7352
14877
8628
1183
2702
5114
7989
13308
2026
10229
689
47
13756
15101
3882
1936
16958
12003
3028
2650
15536
15620
10804
16899
7699
14932
468
8906
15973
11614
11047
13744
11802
7380
16908
4348
16658
13804
11132
4760
8677
14543
13435
10070
14943
15285
15330
4031
15407
4210
15465
9447
4151
11828
12281
16332
16943
1299
2931
4676
7442
1385
12099
12845
6997
771
9649
3818
11014
14458
9502
11801
246
12177
14142
10052
1848
12624
7336
11942
12407
8675
9847
15695
1213
9665
6313
2395
8835
9717
2226
8198
10544
1894
4200
4489
15221
14801
4225
3182
14908
16412
4839
4418
16910
1459
4009
2148
724
14545
16497
16937
1912
7819
13807
9168
14894
6689
15086
7107
7940
8696
7661
7761
14720
13059
12752
11700
2396
4715
12119
14548
6491
744
2585
13946
7530
202
2382
16145
13093
8927
10690
3539
119
2989
16853
2707
7457
10313
90
11877
16800
579
14954
9642
3306
13615
11084
8381
9542
11506
12315
13642
7890
4116
11520
8951
11378
9401
2530
3471
14174
3477
13024
3671
521
15464
11808
11959
3596
1773
3732
13558
3656
15319
12592
11903
2271
11488
795
9369
11809
5190
2720
7303
9422
9323
11676
15148
7404
12712
10576
15968
1920
11826
14222
1839
6094
4326
16420
16849
8998
1999
6673
10979
11269
8482
10198
8560
9247
3333
11154
4381
8107
10803
3147
7551
9877
2090
14862
13882
13909
9960
7266
14332
12109
9476
4182
3355
10534
6091
12322
9942
7389
2104
12490
2498
12753
15447
8801
12672
153
13237
7114
16445
1063
13163
11254
1896
2698
11323
13433
3361
15960
9021
16371
8959
3908
12090
16114
3203
3415
7597
11653
1854
10394
10932
4623
1460
1472
8152
5270
14649
13405
16553
13294
5082
13590
12116
4267
154
16089
2298
6191
12802
14349
14052
11376
14471
10477
16595
16287
9969
15478
16492
288
13176
4650
1410
12070
9839
15455
15766
9201
14657
12641
13263
1665
11493
7247
12045
10392
16176
9015
14315
2118
16754
15031
2195
10910
2127
8746
1989
10868
15803
3879
1562
7546
13917
320
9818
12368
11009
9624
72
2015
9606
4743
14353
13006
11160
8424
13309
13906
4453
14313
9064
8840
5222
9551
708
11679
12042
1296
14129
1141
3633
8892
13762
3465
10416
6478
4375
3476
2391
14754
1444
7
12569
12814
11227
9886
11656
1159
3110
1013
9314
3048
28
14490
14144
13446
16086
11641
665
11039
14950
14153
13570
9459
13382
7288
7827
242
10467
13394
12585
3435
13293
9184
14539
7308
984
12524
13067
9112
7397
3317
4914
7821
1253
10820
8310
266
7312
11051
15755
9083
4981
10209
8831
4450
4395
15363
8292
5102
6430
7559
13212
12075
4963
388
8273
12738
8522
1433
15179
6838
16986
9079
2996
14232
11083
10323
13596
12085
3729
11463
574
16525
16349
13839
13137
748
2451
964
14090
12551
10647
12550
8405
3380
11971
8188
11057
11095
4029
10301
10256
3569
4170
11091
16158
13345
13926
8766
13862
15360
15551
14308
12826
6142
1501
8007
16708
15278
16458
15565
12549
13297
9751
14452
1318
2219
6498
1319
9621
2683
16546
11
743
15591
16372
2675
7781
11482
9774
4079
2225
14237
8590
3727
931
13440
10726
7600
673
7727
16978
15752
9248
16592
14438
11972
12578
11445
16707
13547
1570
8140
9902
3371
7555
7387
1303
13694
3519
12256
8329
15288
14686
3807
3990
11688
3320
6506
4385
4393
13054
14423
1757
5096
2050
351
14656
10898
1592
133
4139
10930
9002
11048
2145
12984
10078
9598
1052
2352
13039
3967
9729
8160
8164
3702
15485
486
171
10774
8281
1908
15680
14675
16884
3344
9885
10986
6924
1158
9845
8558
12295
2550
382
16588
13752
16046
7468
14851
9787
8435
11674
11145
12570
8296
1458
15497
4323
15593
4405
15759
11530
3010
15441
11827
11469
8050
14618
1808
3547
11069
7954
13494
8029
10189
13126
12238
8810
13312
8397
16474
1973
14845
9095
13663
16299
2155
14253
12456
10239
4656
14636
13402
16938
12678
11718
162
3776
4776
16925
15934
7900
15496
10158
6291
3381
7344
4790
4886
15853
7897
15450
3787
9259
8278
14567
6181
3508
7509
14291
12675
9159
8212
15247
4941
16425
12881
7992
7820
11835
10974
4415
12698
15610
10706
7197
961
8566
12186
7200
16619
4862
3356
11755
7527
2576
5095
7928
7500
13195
15274
1487
8737
9073
2558
6136
966
8943
15615
15739
14513
16968
10107
15936
2333
4577
4321
13800
6242
16223
4097
16074
8144
2255
15948
8217
7199
489
3940
16018
4709
8218
3256
16524
10225
440
2643
1360
14482
2147
10724
15417
1702
6709
15861
2200
5094
9149
16613
8288
10190
9882
15299
14512
12489
362
9631
7339
4312
2312
10058
906
6860
4584
7370
4344
8251
13548
1199
13775
13611
16995
8351
14057
12224
4777
16844
8373
16100
3186
5244
4397
918
1876
13619
369
8758
13624
11176
1961
14138
2674
14056
15672
12739
1795
14911
6686
8472
13281
868
2040
14169
3878
12552
13111
10508
12799
2518
14771
3470
1700
609
8128
16271
10389
13549
10555
13072
14199
4021
13389
3991
12159
15820
11436
2263
2763
11856
2260
4642
3760
4135
14875
6781
7905
7722
3502
3649
13224
1320
3893
3235
14402
9320
7618
10406
9226
13353
483
9399
3390
13015
3360
15833
10400
16190
14107
3451
13733
9391
4766
1654
11569
16335
16538
327
1901
15169
10262
13778
2919
10440
2421
12775
11889
11625
15153
12506
3328
10427
14093
14495
8836
1074
11505
15356
11387
1624
14520
14182
12994
13814
9660
13223
1614
3254
6559
9705
16731
13245
3113
11111
13536
1582
2131
6201
3737
6232
12439
977
9333
8509
3910
9732
13690
16962
3644
1235
1596
2246
13868
7243
12400
10266
16240
11223
177
11853
3752
4303
13742
3856
7560
8076
7016
105
16327
16375
3264
14333
1995
3653
3332
2073
10142
16254
1273
10703
8797
14896
13669
883
3060
14228
2822
12384
7143
12801
9397
2797
8179
8587
4980
7585
4283
13683
3886
16276
5091
10578
14496
11771
5103
13342
6813
4985
10186
14384
11352
9239
8961
8664
92
3819
12207
14063
12774
2944
151
15302
13803
566
926
15557
12513
3305
1922
1416
5206
2275
11988
4509
9589
2297
13360
12962
12697
8513
3942
4491
1910
14984
2631
15622
11001
15849
13899
4337
3138
2832
16651
3524
649
3691
8494
15418
11608
14442
10590
9781
15233
14212
8878
4141
315
9511
3194
9085
13372
15581
742
9344
2269
561
13972
15689
8219
7178
15093
7620
15791
15733
15624
13987
14910
1806
1098
12887
14085
8417
4799
7606
14008
256
10728
960
3529
64
12721
2094
15568
4655
2718
7248
5188
2613
10194
9734
11598
11775
2378
11863
9228
4305
15989
11966
4562
1523
10883
3116
13455
7804
12183
9592
10530
13723
10861
14427
9035
9976
4276
14491
1143
8944
8605
11428
8337
11624
13704
12587
493
14820
11837
33
2740
15777
4230
2600
11595
14378
3325
4256
12004
3153
14003
9866
3233
38
13551
10830
17008
8539
4437
16550
8816
3589
9444
12268
12538
8168
15590
4931
10812
7778
5003
8270
4481
11255
8396
13490
12040
13133
16221
2206
13578
1722
14041
12502
11968
323
14243
5153
3703
15181
10502
14974
3449
15036
13962
15961
2028
3214
2847
8980
9166
969
8907
12892
908
575
7486
16931
9768
3939
9316
15408
229
11788
8352
12606
7464
1402
1715
1802
9730
15419
3565
11727
1150
15113
15276
4903
160
15119
4620
2358
333
11367
10482
10896
11099
10628
780
10709
2560
3177
11701
9115
11850
3135
15383
11704
12797
9
11434
3484
14437
13161
4865
16780
10390
6411
3507
14076
3616
16504
12068
200
13846
14604
13444
1882
2910
1947
2656
11659
2192
10079
10950
237
222
10665
15246
16907
12529
6112
782
8958
7318
1600
16769
11213
9154
8129
2022
7249
4008
1918
16286
4782
4572
15809
1122
8319
16383
2430
2527
2551
11294
1646
10764
10772
13519
15533
11587
4996
4819
3614
9899
14900
9568
533
10360
9262
587
2042
10314
14629
731
9720
15435
866
5023
607
347
2967
8425
3157
11365
2126
16627
401
2604
477
4452
1302
11685
13898
7907
9791
11519
11993
9906
501
16043
1405
16267
4162
4825
9119
7369
1338
2943
15939
1747
2646
15258
14275
3913
4316
8236
8624
12841
11025
14534
8966
7357
11921
11081
11045
2504
559
2472
10705
7711
6320
11088
15413
4643
4714
15022
10851
12869
1099
13810
432
14293
16980
12708
3923
11640
8307
15412
14091
9957
65
16128
13107
14325
8541
845
1105
3690
16623
16480
8036
12072
12843
15783
257
4048
11824
140
14633
10520
8572
13678
13355
10645
14235
2987
6643
1407
13361
4587
15906
16653
11635
4597
4113
3640
846
435
11997
1522
2211
2760
3696
6910
3892
9046
2608
57
15504
3364
12904
1909
244
589
16398
14682
3831
13011
2420
11472
2311
16797
8416
12705
1724
7438
13514
15838
13144
2407
2199
7347
10157
11552
7756
113
2933
8177
10752
5216
169
3761
14340
2898
14133
279
7760
1378
8588
11668
15545
15963
10768
1930
1597
682
14640
3993
7576
9135
13074
4307
1039
10552
14096
478
632
13813
15626
9937
721
15466
12849
752
7881
13679
14208
7275
15310
16489
12153
4545
1519
12472
16955
9392
12986
11075
10961
13771
10113
9292
2018
1764
1250
3212
11785
11692
13236
9123
3964
16503
14405
2034
10341
9645
9183
4216
3864
10476
11008
9586
14708
5183
10366
10472
16695
102
12229
12581
12362
11468
1628
13366
15516
15326
8182
7507
10397
14103
8898
1786
10547
14905
5099
3247
11874
433
9356
365
1271
439
14150
6166
14587
9453
7644
16261
3339
15587
15667
12044
9770
9936
10385
511
7542
10652
1324
9970
409
8013
12103
10792
16703
2360
1316
11911
421
9971
3550
7847
13477
10162
9922
5290
6286
210
213
10786
12737
7256
5963
15241
3486
12327
15904
4349
8749
9371
6577
10614
12134
9189
10624
2106
2441
10200
16633
7376
16098
6098
2710
16603
11451
16796
5213
13564
15096
300
14873
7279
11517
15696
1568
11296
353
6317
16162
12357
15215
2739
11763
12865
16252
2584
14364
2368
16719
13727
2284
3605
1842
10316
12556
14519
14139
3363
7825
3997
4391
15099
11123
3330
13031
12168
7558
10778
8262
8353
4403
11781
313
12716
9772
9215
15070
12656
15808
16947
9253
11621
13522
16137
13911
10585
10921
16373
12650
16625
15544
10329
16123
3542
13116
13540
4722
9835
16290
10076
7417
8172
12951
14933
663
2240
6529
16540
14387
10741
17019
14706
2657
568
4041
8711
192
2703
12927
13460
9888
3643
9607
375
826
11941
2076
10469
15459
11305
10619
3941
15900
3771
1966
1976
7195
915
13520
10238
15202
4929
9855
7981
110
9537
12508
4228
6346
4121
14004
10046
97
9311
11046
11603
15238
523
13817
11748
16485
1139
15938
6265
11275
3877
9707
3017
1814
13988
2160
4789
16126
1184
10512
12696
10985
15750
16874
14568
3208
10292
460
12102
15133
10218
13812
8492
12789
8428
2256
11023
4273
8612
106
8461
9202
3632
12539
4551
13954
1959
9480
2630
7436
2230
13930
2295
11459
10636
13216
7810
11338
12796
14278
1381
4171
16179
7219
1354
12475
1791
8125
16196
99
12580
1701
7281
15998
11761
2844
7687
14578
16328
8490
16541
1761
12779
13427
7421
14257
13910
4753
2307
1490
13205
4530
10449
9980
16509
11716
4791
12126
3979
3934
15719
4974
1241
9588
12239
3488
11747
8431
1683
2799
13880
14130
14965
9393
16031
11650
15227
8294
2914
11632
2970
1977
9769
191
11922
10288
667
13501
128
11128
15778
1636
14993
4372
15312
12498
2568
2617
9978
7132
2207
843
3623
13425
13241
7969
15324
11981
13923
10571
11252
12236
14849
13495
10878
8703
1853
2843
15049
13901
9991
10603
10488
14318
3303
510
7528
12747
11583
13992
3797
10539
9910
3827
14259
3302
2183
14577
10874
15263
10468
456
7445
8676
11158
10069
3826
14753
4805
15078
12945
7643
9894
9299
15176
8621
7550
2670
5981
8073
9111
2532
11690
4568
11055
6259
16922
61
3815
10484
3032
1547
3763
16446
1291
16131
9195
1049
10308
13591
16984
10568
11629
2249
11955
12627
1171
14132
16535
9395
13626
1949
9148
8970
1978
13604
10005
10584
2779
16301
3873
8046
14601
7514
878
11512
3111
16119
1634
2006
10159
16544
16843
15170
8157
11155
11101
14742
11453
11116
7444
3321
285
10909
15345
11412
2510
13665
11491
1611
12358
13655
4565
312
13921
11558
14758
11121
2508
13768
1817
800
811
2477
7242
16172
16316
10926
13925
13872
7978
14848
16356
9584
14659
705
829
14556
14350
11703
13046
1723
8996
16215
2265
9870
7934
3026
3707
13579
7794
11825
13004
3768
10402
14703
12690
13781
9133
9252
8972
15427
15923
10446
3112
15926
936
1001
13432
9513
14154
16067
13562
4827
1286
13831
9657
3973
4557
13412
10536
4604
8727
12694
9745
9108
8118
1163
2939
16841
12928
13200
13377
11418
9709
1828
1279
4177
17002
13171
4291
3587
11251
9672
9817
9505
12160
4160
5263
7638
4157
13883
15212
13641
13792
5179
9188
16751
12391
12344
3467
13310
16870
15579
6143
15076
2885
10842
10634
8613
15887
12718
12007
16990
6111
1589
13317
3228
567
15892
11230
5123
2499
3365
14258
16300
606
16107
16567
10679
4670
5128
13571
8526
13235
864
11697
14809
7921
8581
2250
9402
10138
8406
2268
14270
12267
6318
10222
12250
648
6154
42
11537
4913
1476
1690
4961
13273
8239
16363
8209
10891
8257
15404
1561
4648
2304
12528
8826
2231
13328
1705
517
12312
2052
1684
11297
15955
4435
15603
9243
12380
15518
7770
16924
13530
2554
2176
11588
6081
12272
4478
14219
15770
11130
7294
8443
7785
16377
1502
15087
14197
2063
15000
12059
1009
10146
3366
7472
13767
5275
4169
16298
12595
16948
7874
3725
2968
16078
12414
11202
14599
14221
8449
12661
2836
8643
15941
7899
692
14934
2840
491
4667
11228
9946
8915
905
1777
3262
2444
2974
15618
3975
3108
4738
207
13182
8268
4953
751
16640
15475
9398
14516
3292
3156
15630
16635
14449
9181
14345
12604
1950
15315
6905
13265
2293
16542
15189
7703
16409
1205
11031
13124
15234
3490
3268
14210
10284
12028
9759
12318
12271
9245
8054
14588
4174
12354
3132
10632
14034
8457
720
7662
5044
11497
12467
14803
15952
16888
13191
7449
16406
14216
13730
11056
514
615
1014
2191
15573
4840
7035
16462
9881
5000
12067
9353
678
11063
16262
13259
3065
9904
13331
2647
950
14748
4832
3336
9916
11682
3073
16393
3804
7702
8124
14393
8192
125
2663
10648
245
9682
15845
2691
13561
3456
8302
10110
3281
9472
2705
1106
9089
12279
14218
1310
4817
867
7454
16981
16864
15180
9161
13824
9615
7602
3561
13753
7933
12237
9052
13234
14817
10088
16211
3012
11961
10668
13891
13143
4017
63
1885
16848
14040
3839
16433
7663
14711
4523
2467
5090
8777
2823
10561
3734
2542
7317
14722
11847
15737
16578
4087
100
2750
2424
8272
10023
16201
9098
380
3693
4590
12316
4998
13261
12409
14183
11270
11768
2046
15508
1069
2890
1800
14220
10540
6632
3692
12461
16501
12080
13720
2622
12804
7786
8287
6651
15372
3978
3409
1991
9747
7265
1612
12613
10933
8568
16407
9351
1834
9841
9086
775
5949
11501
243
9160
8854
9515
15894
824
2277
1746
12974
4258
13388
3480
3134
394
11313
14815
2121
15982
15782
12534
12434
1148
8561
7875
1352
3394
10453
10205
14671
8599
3945
6560
1108
1322
15503
2875
1481
13044
11146
11236
12145
16019
1752
9242
10762
15956
10089
13933
12955
2433
1364
2594
14092
14227
11717
16500
3759
11897
9016
16790
2541
14865
14825
16216
8316
5978
4675
8035
11733
282
328
13837
2863
16793
10033
16152
6351
9141
346
6172
7529
2232
16293
14286
4802
12266
11328
13734
12859
3932
12234
10035
9207
7277
14624
12741
12910
2802
3562
9071
15734
9374
7676
4257
13700
1635
9258
8918
13386
10419
13698
2189
15710
9529
1676
15084
10373
8834
15089
16032
8299
4858
3695
3327
16950
10243
12436
7234
11175
7670
9688
10034
5990
12130
13029
4937
12960
7607
1350
982
12217
3150
2713
2994
12370
10311
12406
2302
12837
2580
1044
238
3316
16006
516
9305
2264
2210
15439
3387
12466
4703
1972
11105
14606
8324
3955
12851
8808
13231
2306
15643
11732
12164
13631
17006
8067
12665
11315
16585
4987
7080
4972
11687
59
8062
11539
4720
10098
10661
15387
10760
11066
11429
7455
8023
13158
8190
9603
10136
9536
9912
9417
14125
9179
13252
14802
9289
15872
503
11593
11449
3630
7964
11665
12889
10383
15284
3085
2908
13084
816
4633
10408
52
16526
14071
16443
8973
11198
7947
10349
7479
3837
15613
12017
13851
4786
8237
193
11819
4685
15873
2725
10036
201
4118
1565
1225
954
10531
8048
14309
4183
2877
8344
16701
3066
8275
1540
16632
14474
2071
16157
1197
14283
1306
2983
10357
9221
16282
12235
3960
3089
13066
9110
10461
8196
694
4120
14403
11372
16249
10290
7451
7866
3307
1944
10991
15130
3943
8536
15367
3358
13170
660
9989
2671
16688
3005
13254
7748
747
4333
11943
531
15004
10177
235
8579
1188
14179
11657
3933
3566
1337
14968
15206
116
11568
12572
8514
16427
11078
10486
13769
5079
12615
10563
3500
2818
13648
228
11533
9256
8853
7945
14689
13283
1965
13003
6343
3352
3234
11142
1899
10674
8470
4897
1156
335
4988
15660
10797
4032
10083
12325
539
12693
1019
15398
7839
14030
9206
9036
14625
8163
11778
1123
280
4294
10994
4569
1379
10340
9728
887
15035
2641
3398
13806
16426
10936
7705
924
7393
8733
13408
7709
15110
3036
3004
15371
12527
10765
11226
7331
11658
12668
7353
2706
2475
14983
14365
8632
15567
6568
15988
10044
2008
11822
5
7806
13860
14317
1697
10580
16246
12424
10856
12742
211
15410
2778
13499
3391
6150
4245
16235
9727
8005
2964
597
9296
7236
12501
11527
8204
11214
13569
6205
10988
10431
1264
3232
178
12579
7127
14701
16743
2194
2182
9900
8305
9449
2202
14952
16001
16175
16680
4778
10629
10279
14190
6100
7983
14344
3025
9082
889
12204
8748
16505
4474
6488
13653
15662
4212
8506
14188
3122
9656
1594
13190
6015
1493
10250
11224
9786
12832
11652
4404
10653
2817
8552
1293
13879
869
3522
8333
14745
1397
5219
2496
3075
9898
10352
5973
4851
719
16954
408
4101
15864
10376
1873
12300
3141
11041
7067
8681
15494
15869
15991
1555
16533
14999
12001
10012
12574
4438
7630
12396
16629
7843
2428
852
14634
8989
13706
7701
2320
2809
621
1294
15758
4850
14674
11424
12108
15200
4293
14320
16092
686
13417
12280
6448
15927
464
11161
8169
2427
4602
8290
13550
13106
4352
1076
363
8409
1898
7306
7322
2005
3559
1739
16284
3821
15369
12608
6288
16258
14982
13674
7394
3676
14586
16534
7972
9117
15386
1827
3171
12460
6157
485
10042
10559
4329
8661
7690
8340
12106
9114
2579
8843
2754
6088
10528
855
2883
4946
15421
114
653
180
4804
2290
5029
8731
10421
12521
8043
4239
330
5006
7593
13980
12034
7282
8277
12107
418
2907
7751
3399
16161
8433
11899
7647
15921
3101
16566
9232
12893
9151
14924
3239
10183
10738
4962
12493
11485
7826
10886
2237
7358
9396
1463
9469
11278
10006
7724
16854
1203
13439
10320
4090
11759
1229
5196
2651
10149
13079
11611
16581
557
12016
11295
4635
7368
15038
10613
16255
16917
13168
12727
4708
7525
14240
14140
11000
16311
11521
1927
14744
9023
5016
13326
10364
13330
13857
9723
16852
12098
11287
8910
13473
13685
15342
14485
14522
420
2685
14731
14582
16314
7289
16602
16331
11623
3343
13907
3011
14062
4471
16129
13991
4467
9429
14929
10819
11381
9914
8014
10242
10962
11649
1633
14312
9050
737
10783
4744
12983
4315
16570
8569
7795
563
16238
1900
1698
4188
8214
4552
2408
10248
10509
8864
15335
14109
497
4664
16456
4901
8365
14791
669
4252
6841
16911
13531
7863
4464
15569
6817
12670
2505
15138
11974
13966
1495
14310
4196
10380
10407
4866
4592
2401
15350
13788
6263
7320
693
270
2830
15561
14635
16914
3659
921
3187
472
205
15309
16996
4716
591
1104
16725
9334
4803
11373
14416
11580
16760
13094
14505
9773
2528
12343
2001
17013
5254
23
11106
14589
10221
400
1045
10281
8614
7648
15378
8053
7883
1003
15136
12255
8671
12923
11642
1102
12334
4521
13112
15075
1129
11844
2886
13164
3013
3222
10747
8300
10721
10847
7333
3900
13502
8493
13749
3119
6965
4213
14565
15566
1525
10663
17001
16715
16555
1556
7326
16168
13266
7110
3310
14245
14923
11011
10438
1145
13568
15607
1988
12876
6257
8868
9355
1982
8317
10646
12591
603
13935
7446
13027
6937
8415
11131
14117
5115
2562
7578
3716
469
10045
12623
2179
10025
9192
1048
62
11726
13964
2134
8063
16380
4813
10059
2138
5077
1696
4898
3099
12480
9671
10523
3728
15175
7307
466
3493
16365
16269
14165
12342
16720
1980
12683
10601
2029
3902
12369
381
10481
10858
163
1277
13553
411
11097
10278
16952
8756
7366
3370
156
13097
12395
728
5134
16776
7575
9498
13127
15020
9313
12039
996
7330
10798
259
9945
16428
799
4529
8354
9579
2132
13349
5078
15296
4313
8094
15835
4740
3372
9785
16605
4343
1627
9858
839
14917
470
4485
1367
2990
16586
11909
4454
10793
1280
325
2808
12071
11677
10839
3794
11233
9905
7237
12413
4163
11671
4320
12349
12526
2888
15905
12383
10795
15346
7539
15122
2649
8793
4831
2652
10813
10049
14460
2327
4421
2695
11498
10685
10788
16608
14517
9204
8211
4916
1321
6121
9884
5050
10237
12136
2553
7426
1729
16142
13858
12363
16806
2581
14594
13662
11866
2465
13634
78
16217
13300
14806
7448
8345
3764
2859
15425
5084
962
14978
698
15443
601
8421
9506
15067
12337
842
4514
16212
12589
16322
16866
1641
2258
8156
9441
13282
12151
13371
9492
8852
10871
15653
11833
15313
897
15469
11492
9285
1221
10097
4004
11234
10454
1520
13854
3885
3176
16582
1355
13559
2367
1996
12304
12242
12431
3767
3627
6410
12541
4028
2234
5144
9813
10295
7980
10901
1735
14145
3994
2442
2988
3237
10106
10973
13486
14465
14678
4869
9470
12024
309
14903
12321
10223
2068
15115
15253
1510
1836
8084
16352
15541
12811
10386
13181
10873
3536
14343
565
14323
12392
3710
9582
8640
3261
14162
5018
14450
11804
10152
715
1305
11772
11272
3423
15907
2341
13714
16444
12324
15715
297
13717
438
14946
9577
1955
12422
15448
13456
9824
11019
250
16697
690
1380
16153
14424
12
11080
4034
14383
7334
5145
4136
15788
16404
636
6667
8618
1212
12457
3641
8031
14233
14020
10977
9814
6582
2995
9129
1924
15370
14591
11599
2829
16210
3054
3420
13671
9666
16724
1846
10538
528
14687
13202
422
14726
963
9310
2486
239
10840
6873
1455
12054
10734
16324
9909
194
951
11040
3961
14244
5030
9574
13189
4939
9276
8471
13971
11144
8592
4378
4301
3788
1875
2711
8968
9244
12022
8261
12199
12495
3926
12073
13239
1449
16700
15471
15389
8242
3205
1332
6611
15879
635
15688
9995
4500
4522
13206
12386
15725
9714
7025
16961
13607
13188
9938
16007
11508
15877
11525
15523
8225
7064
4338
8773
13920
14784
13122
10443
16904
14810
139
7641
16034
8123
10917
8474
2369
11736
10681
4493
7138
12942
6174
11017
16722
10794
7893
11843
16184
3158
9710
9753
16199
4852
10753
13525
15860
12113
11243
3272
1179
2660
15577
14187
10268
10274
155
357
10823
2425
2509
2080
13975
1220
3045
2975
7912
10294
14995
7967
9593
8468
4417
7672
10693
8028
7561
87
9039
8922
16597
16231
16580
14573
15748
8735
9069
1330
1071
15940
2796
8583
754
16712
10372
11738
7774
10265
16867
14316
8387
15797
8945
11026
1000
16343
11038
16921
6703
4600
16661
10771
430
93
4627
547
10184
9104
6800
16366
3904
13051
11470
14826
3348
4357
863
11136
15381
8771
14986
3609
11335
157
8210
4646
7797
4546
12274
3455
10475
8426
16051
8121
197
14837
16102
13715
13058
13409
12522
11524
15950
7286
3854
10510
6156
13750
12815
3244
1256
8059
12673
14632
9954
9715
12771
9775
4388
14639
14867
13075
14047
3860
2928
4999
8978
10766
4542
10537
12562
14855
12311
2701
13608
6958
14876
13187
13139
318
6947
4137
4428
16601
10781
11810
16499
8097
12365
4042
10902
1422
14770
13020
372
12063
16115
10796
1080
5028
2345
8095
2224
10273
265
13311
7888
6125
9018
15269
9384
11327
15933
16929
12058
9600
526
9827
11980
3921
4618
1658
4741
8096
9523
10334
11276
3192
16204
14213
2098
316
4820
8330
112
3077
12638
12133
13656
9175
14433
1588
12745
14661
12824
2633
10722
13577
4821
4677
3602
9783
8577
11542
12379
6892
9799
471
3534
10401
2120
1477
5201
10213
5267
12481
1655
10249
10699
11240
10082
1643
14977
10906
2525
4445
3553
1147
13023
12420
9431
1051
3009
11715
10655
9521
1754
7952
11894
15918
16333
3914
16732
14249
1282
817
16737
11183
4549
2516
1301
11156
10333
777
81
10958
10612
8246
902
8838
10565
13796
16558
8697
2093
13327
3030
3724
15430
8833
1118
331
10092
8705
4045
14061
3401
3772
6660
11729
8604
10515
3439
2392
10009
13633
10439
3998
7692
13527
319
10074
9291
3689
15912
118
2940
14148
13976
10369
1659
15834
802
11362
2380
745
10381
1218
1383
1112
3704
13323
15390
13728
14111
7732
4900
3670
16382
13833
15539
3982
9553
6099
8285
4206
13597
8721
4780
393
13791
6021
1475
11005
10914
1365
13870
11602
1194
11672
4359
6132
7359
2107
9250
6335
3056
9940
474
13996
4686
4993
11693
15431
5148
6717
3969
6412
8327
14306
985
13584
12877
10748
6377
3460
3717
6669
2935
4173
9466
14354
13612
11203
15433
1292
1489
10675
3452
12980
16189
8975
4075
204
10877
7721
12660
12947
8386
4386
216
10951
12202
275
10436
4726
1695
1224
11299
9233
2577
770
10359
7901
8963
12917
14790
15866
10671
4167
2492
12292
3560
395
10907
2969
13900
11430
8033
3949
7437
608
14276
15552
4155
1951
10330
2730
16431
16905
14856
9047
1066
14528
6455
10889
7619
3369
2193
15957
14800
9652
10226
6056
10362
8962
9482
12306
808
3345
2187
1567
11754
2942
2752
15223
13936
2759
15477
3410
3338
3551
12167
825
8295
12953
3374
2317
3159
13140
2172
1375
15974
10639
10574
8321
1651
15582
2078
12866
15298
10829
9628
8066
16415
14158
132
16916
7350
13169
1126
13746
675
13563
8780
377
9794
322
1691
12366
15406
8997
13398
776
9187
8283
1647
15814
12687
15576
15077
16778
7973
11264
1652
11730
10462
14408
13226
955
1707
14072
11196
14619
4374
8507
4214
14374
15260
7802
9116
3809
8082
14469
4647
15790
4544
2216
14331
3677
3433
2485
8999
13086
9270
4002
7274
11584
13981
4076
13450
6300
3479
3604
3573
13248
9240
7861
3263
13955
9167
4114
336
15786
16108
7553
7424
1960
7470
1427
10770
3800
14994
11192
1269
16185
4986
7686
11998
10600
4361
4921
3852
16336
2242
9985
13776
14779
2283
11994
11528
8720
9580
4736
6161
4277
9438
8859
14704
2014
14101
8543
4788
11337
15380
14890
3304
185
13545
12798
9868
5118
7941
10546
12770
15888
11187
12260
8479
16177
16203
13521
1755
8673
12554
1260
14019
739
5124
10928
6967
12214
10167
1445
14562
9156
4199
3912
13022
16873
159
286
13467
7460
13985
3870
16514
15716
14135
13268
1890
15810
14066
8372
11221
16442
9264
7201
13487
1341
10658
2774
12956
14607
12142
13462
7151
15674
634
14301
2721
9307
7259
12794
168
2398
6524
10997
2704
14989
16472
11222
9735
14963
2112
6893
16070
16575
14302
307
11841
7627
1406
14209
14755
8003
16170
3483
8064
13772
570
1508
4456
12190
16890
12095
7780
13306
9211
6915
4345
3601
9559
11342
13175
10714
14531
2593
13347
188
14356
8075
2332
16804
14151
16799
4103
15046
1133
3139
12778
16898
12081
1983
3170
203
1578
15164
7965
378
8153
16830
9863
14838
7591
15706
14692
13864
16989
1178
11651
7103
2326
6369
10337
7681
15479
10579
15837
9856
2833
1993
14996
15683
8817
12992
8158
14466
15411
2128
7480
947
1545
6153
12920
9664
4401
9570
12032
10095
11815
12912
14455
9055
4145
15171
4047
10319
2414
15453
1042
14899
12943
15730
8554
10635
12593
13332
8024
16392
4015
17009
9267
1135
1826
11393
11840
11560
16015
8645
66
1830
14872
738
123
15334
9028
2221
16887
10479
14775
14527
1803
4767
3823
9637
15029
11579
13887
3143
14370
4517
3163
4624
16647
13105
3454
11139
16979
3284
3389
15646
14319
8061
2023
12766
15584
2912
3018
11541
7104
13528
9565
16265
8935
7594
13351
12339
16711
9984
16405
3793
9990
12724
6574
11263
8695
549
9757
10409
2178
2766
10867
16614
2538
2321
15946
14883
11300
9501
4702
9025
4892
928
2792
4185
2955
14143
16354
15248
8206
96
8399
10782
769
12873
15219
9796
4699
5199
7342
1004
2742
9599
14214
7351
12709
1529
16072
11886
8279
11576
12442
11094
14499
7492
255
12218
8953
9626
11648
14498
8042
17017
13842
14830
4518
16188
4010
16805
10805
11638
9473
684
1851
1386
14010
2330
8981
2913
11964
952
14363
11885
1671
7935
13989
4027
7772
13149
7392
16828
5113
10954
13599
4629
10945
15811
8578
1498
4288
10677
13286
16167
11762
1719
14858
14939
5146
2780
10749
12440
321
15588
13442
16576
1549
7609
8134
7834
12921
15057
4573
11162
15245
16683
13835
9448
12104
4954
9932
16551
10367
7671
1692
998
13816
14009
11633
13747
14277
2412
4548
7473
17016
16919
16452
292
11919
16577
8233
2801
14959
1810
13275
703
4944
16163
13886
8637
666
2790
1948
2374
7994
12350
5054
12632
11511
10817
1426
12352
1079
12341
16469
11350
16045
8869
11757
11991
7517
13207
9443
4563
10737
15521
8241
15867
9935
15150
1023
4400
423
3861
14105
7865
12477
7787
16738
16655
3413
9941
14304
5157
4064
3662
7862
7951
16071
16822
3437
7842
4639
3448
13132
13354
7914
1531
8576
13019
4001
6894
2666
176
11452
10507
13675
1255
1142
11235
1428
15813
7896
11364
13866
6435
10984
1768
2372
1068
659
230
12861
11636
15306
8109
12191
14740
7616
15013
534
15655
2864
8524
16940
11474
15697
2170
2952
3447
12957
1577
14818
8863
14537
4110
3165
14889
7518
16256
4033
11639
2186
13808
12152
522
5977
16809
12203
2661
9956
14507
0
1645
2905
2151
11218
11417
13702
11092
9750
12437
2393
9076
4284
12278
9556
16641
15740
15262
14335
8872
9060
1391
3129
9623
13063
1907
7986
83
9788
6974
4876
444
7484
4895
10029
8298
16674
980
14569
9564
10775
2423
11386
7800
14940
11581
447
7931
4922
12241
13625
14879
9527
15460
3750
1136
13258
10011
7338
8071
3545
9959
16026
3713
3091
16183
498
15338
8359
1200
8557
4046
7656
15986
14718
10755
1366
14796
2533
11458
11348
5100
16891
7894
10370
16110
26
11443
1925
2522
5184
8739
14404
2267
4243
10701
13291
184
3323
8638
4109
4692
10558
4130
14337
14211
15795
3928
12725
801
11282
1
6926
14930
9375
14702
15922
3354
15919
8047
13770
12062
4588
10767
9508
9061
6266
11013
2456
4828
11705
6733
9825
11767
16351
217
1190
553
8341
12519
9947
17022
8663
8988
13670
1167
9335
1090
15661
16638
1984
9822
3463
3579
716
14852
4189
15442
13600
4367
2804
14672
9535
12025
9697
7300
8848
398
9949
14841
11531
3612
12445
16376
3583
3041
3191
1085
2992
7429
4674
2950
14300
3329
12120
9457
16069
3527
16464
2375
16727
3505
15623
7706
3425
9186
12175
8946
13666
1703
15163
13710
8515
4854
8905
15209
1034
1114
3121
2169
15714
4324
14773
12276
11135
14116
1134
13056
15365
11913
7682
1446
3136
4366
12938
4525
4704
7938
10557
8215
4394
7580
3607
10346
16166
1243
2157
10835
15293
16049
10452
7948
12773
13687
14966
9437
16374
7428
15509
14833
189
518
14172
13873
15156
14094
8633
15160
10108
11466
11571
2545
15930
14045
13251
4125
12629
1956
945
294
10695
15154
13244
3795
13503
5235
7434
1006
15765
1941
12926
14787
753
13916
14461
16148
3128
16146
13859
1679
14168
1448
3276
13681
10588
4364
16885
15320
15100
6076
4092
14410
6504
91
10575
4595
9231
9578
3130
10944
15555
3379
2325
9654
10686
8532
8985
10656
55
16289
4501
13869
15030
15605
9490
10998
11720
16302
4347
7510
1855
4253
11669
11067
1443
2926
11003
11096
11190
293
8954
399
1650
2824
13877
3388
4190
7573
1278
3642
8377
4771
695
13292
4441
11798
7767
2244
2416
15978
13041
12666
12188
11712
645
8785
10572
2108
13471
2166
12594
9029
1086
10303
1093
12005
8880
938
4430
12561
9733
2732
12722
11117
3897
16326
2963
11836
3224
8289
10019
1270
6842
7960
7354
12642
11037
6360
3518
11293
4499
15723
12014
9742
10015
4926
15002
14631
5047
7541
16918
13368
16599
3865
9569
15724
15856
15210
15942
16740
12535
15291
8119
3362
14650
13034
16285
2623
15757
7801
13247
3443
9458
8105
11627
1932
827
8896
4254
13173
11890
17015
340
15640
16033
1336
11392
16763
3958
4663
1340
5970
12997
10244
16147
8371
8083
12251
7601
15066
14038
536
14347
610
11288
2700
10139
264
11494
12607
14750
15498
14751
11306
147
3959
7849
1906
13320
11570
12515
1544
9044
12433
4706
7592
11435
2060
2567
1029
2059
7365
15486
13643
16523
1377
11509
13367
592
14811
12219
2897
9612
16812
7916
1916
2035
7239
14725
10801
1160
2793
6168
15491
3765
2986
12891
15364
16473
11906
428
12340
8805
1576
15041
3660
11643
2773
1928
14611
14472
8049
8055
5178
2074
16191
3549
4051
15321
10004
3751
15657
8860
13183
12056
10451
904
7835
11238
8683
16634
1539
1662
8391
13230
7327
3377
15351
6302
16781
14688
12895
3155
3137
16589
16596
12734
8729
1825
10102
16143
14652
14642
10302
11115
12975
8058
2323
9760
70
11662
11035
12469
15205
15211
9059
15362
16624
11925
9844
218
8229
7013
13193
11366
7515
8715
2027
5126
2548
1361
2676
5017
10863
2417
1492
6095
9669
12914
12924
3723
8855
14683
13399
12355
5067
4211
15303
1792
2756
15586
16035
7367
10569
6719
538
15760
14533
12825
9408
7859
4948
7704
4486
14428
7653
11408
1238
7565
15301
3383
13128
15663
15
2806
3172
2354
1054
8519
8286
14204
2572
16559
909
14550
8116
614
2825
11745
3654
10912
14163
2083
10937
10666
11878
3393
12055
1787
13647
14765
15774
2399
3184
5175
15011
5014
4837
10437
4564
658
789
7763
2381
2286
15641
11151
1254
10723
16305
4259
13130
1862
3124
13849
13374
10227
898
310
1219
7574
10501
15881
8844
6721
9802
3034
10112
5040
3209
2379
13993
13929
12853
9460
8807
10966
10395
4874
12732
12051
9193
1870
9658
8600
13087
5176
2878
10496
16016
16987
8271
16399
7626
7805
1856
6895
6054
10735
12767
1820
15902
12174
11612
12482
15292
8812
832
3270
16823
15932
10047
2196
14798
1057
11937
15217
1228
373
10913
1208
11286
1408
7877
14152
15578
14555
15382
13184
10864
16239
3847
12820
11140
2012
15676
15865
7325
8796
11268
16429
12179
14368
14884
11644
14247
10398
16529
10345
4769
3083
9152
12189
14200
16875
6956
7688
405
10234
8616
7415
15832
1793
2540
12253
10417
7784
8080
12092
14
11875
9837
957
1207
13539
2658
16337
761
14177
797
9838
10339
14068
4314
354
7477
16970
14028
16880
2571
15767
814
8130
885
16048
13738
6082
9699
7433
11032
13729
2957
12977
3175
11006
16923
16488
10527
13855
12760
14786
8707
164
9277
9519
11177
15971
1227
4942
2159
8940
1421
14732
3622
284
14137
12761
2460
10799
10039
14935
10456
9109
3883
2289
3687
13099
4240
3866
16750
1103
849
11780
2163
7996
11403
8755
13927
12210
10650
16482
16704
13774
16767
12990
15563
8856
6144
10987
4446
8148
8135
9261
8882
6361
1393
10240
15440
11589
3200
384
3024
16205
16709
450
9497
7443
13726
1008
2462
2088
8090
14547
1298
6996
10990
16479
8249
13692
12298
1070
6472
16685
12703
11538
9464
8518
2152
3411
14251
10689
8154
16058
17007
8291
15028
4641
13556
13789
9337
1919
14695
8563
1864
13649
3145
6875
1411
1417
10659
4458
15095
16745
13621
1557
16021
9171
10068
7853
16241
11869
8503
7586
15358
10989
9461
15018
5972
6619
11578
12451
4576
2141
16798
15595
3251
1685
16537
11455
15831
13575
9997
1094
131
8362
854
9982
7240
1388
11034
8467
9596
10277
8774
10581
2085
1043
4951
9859
2993
3720
7360
1784
8912
2366
10156
2664
16056
2743
10382
1891
16676
13942
2865
759
13676
