8208
12920
234
2
4130
6927
6754
1470
3510
1874
6287
2589
7099
12259
11949
5709
2479
9059
13528
6743
3326
11086
3777
14711
4100
483
6891
523
2369
7774
15147
1126
2415
12887
12237
12355
11821
12599
847
10753
6362
3711
5736
8975
1927
12792
11079
3174
15245
13306
14148
14393
13315
6568
3543
2395
4913
3834
13984
3078
14041
5533
11973
8175
4251
7551
5462
1264
7107
14937
10791
1494
15151
14082
3691
3201
12222
3137
13752
13925
13035
9564
4785
12315
8404
8549
6757
8614
3012
11919
4364
4307
5230
5603
452
3399
10820
356
2755
5019
354
11184
11017
9156
5203
1503
2619
11955
13538
3966
3524
5461
10195
6543
5639
12603
12143
10467
3203
12150
7493
10910
10419
10931
10435
4350
6507
6880
2431
2170
15215
8807
1107
8693
10224
14965
7847
5455
8321
945
11918
11837
9403
12319
5979
6911
5580
8649
1486
8986
11470
1944
4961
12038
1218
5581
10127
1171
6614
8440
2438
11359
6970
14931
2300
11943
5088
12064
13354
4564
15003
3363
15238
14787
1367
718
13677
13286
3061
7342
709
3370
11675
14812
5195
13822
8442
1292
9080
11530
1608
12087
10527
7984
7743
9659
4673
2143
6181
14139
5383
8825
14072
9893
14900
1739
8171
5492
5706
3985
4751
10837
13377
1753
14743
15135
4595
13636
1916
11096
2978
12684
1802
10098
63
7179
687
4312
2423
4225
13133
3015
6819
4371
1900
3849
1400
625
6627
5373
12247
4717
13076
12305
3582
14473
13281
3441
14304
11013
8457
853
10954
1863
9513
3514
6186
15050
5335
2524
3622
11299
4974
13693
2462
1339
7419
7666
11736
9349
13483
10967
6996
14603
14910
1814
6012
15121
9540
8447
13403
4124
13459
6888
10018
380
10039
13554
1189
3652
13592
7402
6899
11215
2920
1708
5744
4590
12979
11878
5772
493
14658
9759
2073
8288
1632
8434
9475
2087
14022
7520
15249
2825
1221
7339
4259
9388
9076
4167
4911
10619
14549
13148
12483
6046
5745
12928
3440
7406
10644
3871
3428
6610
4328
1976
8953
5921
5117
558
10552
14947
499
6578
11257
15194
1510
2133
16030
10185
9162
15010
13289
7418
5034
13647
6746
8197
2229
440
3729
12386
11858
7146
11201
7994
12106
2217
449
11947
8689
1861
14055
2704
11800
14285
7239
5837
4587
1088
535
11731
7119
9567
6491
5183
753
6993
650
1192
5331
11750
14192
13779
14216
655
7138
9833
1078
3750
1137
7024
7205
4453
12310
6221
3643
6735
6151
1907
2843
8229
6564
11719
7564
1329
9834
3667
6448
12184
13681
12191
1024
2446
12588
8817
9982
4550
8563
3321
6581
995
4230
14330
3022
10842
12457
8924
9366
5388
7133
10739
7875
1383
13970
6826
2584
10907
7067
7624
1091
4486
7874
12140
2035
7411
10211
8796
14536
12747
13923
11075
12370
13717
10713
9622
7000
12719
5727
14426
4362
6289
3155
1828
14242
1212
3041
4544
2197
13648
3287
5826
11854
9597
5405
9242
786
14810
14436
8413
3502
14416
7042
1344
4325
14146
9019
9113
5350
10003
13557
14879
8766
8787
14310
5729
1994
143
11593
5886
11910
9418
13442
9376
10281
3035
6095
11990
4860
1740
7313
3454
9601
15146
11880
14337
8264
2648
13089
12251
1542
13145
6163
7410
15699
12271
503
108
12207
13498
6709
14432
10932
12307
5070
11421
15723
2926
8192
13051
9114
13736
12295
836
6676
5446
9639
2998
4255
8042
4188
10276
13205
10150
1711
12787
5728
2831
7623
1956
14387
8556
3905
4667
4074
5571
1158
5205
3389
8969
11966
4019
9530
2029
8406
13215
446
7078
3857
9839
131
11797
11500
6922
14317
14912
1683
6763
14281
14032
1594
12401
13007
530
8036
7174
2571
5928
5766
14617
14307
8219
13349
2979
4882
7802
9783
385
11863
12741
1644
11329
12112
12891
10696
12525
6733
14059
10898
2759
4027
13552
5815
5507
10334
10002
6331
13402
3868
11783
10599
14282
11127
9221
14167
4475
2538
8783
11809
7526
8756
4480
9694
11458
4709
12832
11000
10838
3449
12780
5967
3647
5863
12873
10770
7268
9786
12557
8405
1687
2173
1713
2923
1399
4459
10000
12078
7096
6052
4030
5753
6338
13931
1771
7227
1558
8166
7444
5841
2698
7277
11656
9605
8691
6992
4888
4336
7974
14574
2940
993
4067
6558
5860
6628
10314
11160
8190
14360
13612
8598
4343
294
3382
9788
6182
11018
2488
13430
8279
10142
5623
9497
14204
3136
384
6841
10776
2146
9108
14779
5686
4615
11369
5251
2933
7479
977
1972
6319
4546
5049
15152
5898
2008
2941
12642
10277
7967
4301
7102
8891
12679
10618
3991
13182
14752
248
5701
6886
7344
11286
3429
14926
2937
4957
7589
14336
13845
6348
6855
14504
1163
8645
4714
12645
4196
13595
8979
5064
4089
2144
13772
4968
1935
12253
7415
12897
1467
8627
14889
933
10680
14512
3570
5679
12035
12992
128
2919
6976
14109
8167
6817
10285
12461
2083
10382
6707
9824
9106
6021
1146
15348
14541
9868
7079
9826
14825
3208
12839
5444
8458
509
6742
1393
13875
5717
8565
4698
13327
7273
1411
11376
410
7139
10222
4236
14107
13240
13309
332
11950
8528
2433
8812
4499
9447
6936
8520
14126
9097
9823
4805
5285
14958
7872
9850
3105
9598
8403
14462
3918
2166
2730
8025
14153
1913
2512
2827
2112
2967
2629
5818
13067
14292
5394
14695
8262
9061
15051
11153
1758
5582
3625
3245
2867
1921
7765
4749
7952
3381
3089
6006
4955
6171
11485
14067
225
15155
3452
7785
3221
4541
7428
3930
3848
12990
11491
10667
6442
3163
5115
12638
11832
1308
5881
4365
5568
12932
10614
6584
10525
4811
14003
5771
5123
13510
7603
12855
12632
11639
2554
8690
8133
13494
1794
9804
4127
11301
9409
5265
2723
9068
8701
14328
10095
673
12137
12701
13502
4901
9975
13331
4103
14548
5165
1323
3994
7068
14446
10231
7429
7744
14515
9500
10985
7973
2378
14080
3134
10951
13287
4783
9107
13083
6978
13221
6600
5434
7238
12369
11786
10440
1045
12476
10762
9636
5278
3374
12347
7736
6868
8038
7981
6874
2497
232
7499
6112
3499
727
9947
12065
1050
2360
4479
12901
10303
527
14801
9357
14679
7782
6328
578
62
6812
9495
6717
9807
15063
1121
4310
10132
10282
12052
5971
14363
682
4390
5884
7591
11442
12614
6625
6317
13127
1839
13410
9566
11177
73
2260
3264
15
589
3458
14543
13646
2363
103
11062
846
15004
12014
10381
7361
11864
10353
11109
7161
893
3495
11997
6194
5490
13645
7306
1172
6875
2233
8855
1035
14727
9897
13884
5397
4411
10777
1761
2627
2243
3066
3545
12239
11900
2058
6835
2773
5682
1066
2358
9851
10198
9416
3838
13963
15073
14370
13846
1446
9120
6254
2153
3718
4976
3852
13103
9802
9602
3335
6111
1291
1804
10944
10852
15072
313
9546
3396
8507
8864
4633
4503
10170
1987
7463
10674
7858
3670
6197
3889
2887
11808
11002
6745
7209
4525
12754
14038
13269
1129
9137
14011
2461
11741
2032
2599
469
3046
6599
2089
3521
13872
6643
2718
4466
14785
12006
2051
12750
7586
3154
7811
11732
3651
11555
8853
4551
6259
13416
6085
3850
10962
4278
4919
2688
939
8317
12940
5206
6765
12148
4269
14999
7787
5044
2881
5572
4363
13743
9361
11353
5407
15246
2189
10765
2486
13480
14911
9161
15070
13764
4468
12871
11423
4007
7226
11110
2951
1796
12007
11278
12176
12912
14570
1654
13406
10491
13686
14171
7423
7010
11022
2907
12063
2452
3923
7938
2095
7959
5920
6291
9055
9945
8183
7941
9064
9117
4108
12737
12649
4538
11598
15392
10458
12323
9956
8213
4116
10004
10091
2489
3821
3863
11275
5007
13470
115
6635
11969
7900
6440
2343
604
4267
10956
15173
6498
6428
15031
5802
8981
1974
11965
4828
12255
9563
15096
2839
8936
3764
14683
3547
181
10093
14625
14734
6410
8544
1010
13794
2527
10628
7553
2802
1844
13517
5253
1349
11266
13092
11104
1433
6807
5593
6245
5556
11288
6623
14342
5667
9410
3739
547
10
8737
8352
15130
2436
3779
5108
4452
998
3196
6657
3109
5605
2104
8164
77
9536
12260
4415
6441
11440
5658
14052
7784
13461
9722
11244
8880
7509
9860
2002
1485
7145
4755
2018
14924
1148
15102
12435
9180
1559
5275
5785
7583
14395
10578
4629
12374
5190
13763
473
2902
2683
12201
4936
11144
12674
5459
1174
6608
15218
12978
842
7989
8268
1526
1647
2581
10915
5248
10543
11668
5273
4170
7599
11905
2756
9977
1416
5020
8599
1260
6842
8421
9577
3064
10545
1555
13004
5406
13302
10478
13154
5661
13319
4514
4233
6106
4520
8359
11606
1731
12883
4136
9539
14754
13973
14800
11737
54
12813
8740
12151
14178
11981
13098
4497
2757
9478
5895
5048
12605
10289
12783
4799
336
5491
10831
13740
409
2180
13994
7886
821
476
13371
14942
12971
3024
4884
12445
4247
13629
8414
8592
13448
3807
3135
14526
7454
5900
2654
4465
7409
2437
975
534
12108
13982
15255
6349
13802
14318
7417
3954
15616
4649
1592
13313
14001
12056
8169
7990
12318
10324
10236
9052
9998
1025
5854
2005
10700
12809
10186
8476
7064
7022
2845
13236
4008
8813
3901
4963
5366
10012
7422
776
184
14884
12025
10635
8861
5402
7976
6822
3772
2492
6837
15951
8910
12819
12583
11239
1275
10174
3144
1475
12230
11434
1283
13218
1184
11923
3123
1512
1246
58
7817
9280
7730
14930
76
15145
13634
5055
5452
5009
1145
4298
9145
9713
13027
8
3083
7016
3812
53
1443
11243
3400
8186
9315
11596
13023
9645
14733
533
3810
5974
13715
289
13144
14525
14763
4055
12114
13050
6230
10407
10493
6973
7708
1611
13731
2964
896
11747
1295
7163
13326
1304
9290
9690
834
5053
12054
453
13664
6547
6288
7147
11909
13436
10673
4842
10031
9247
12885
25
14761
4970
1359
10172
8991
8474
8543
7576
5528
164
4135
15136
12934
1692
14391
9852
3866
9175
7282
4327
2697
13585
12250
8029
11436
3835
12387
12595
7009
728
1827
12761
3367
6761
2832
3973
14589
9238
6777
14077
4941
8574
5140
10883
9486
229
791
14972
7242
4353
8040
2727
1658
14268
13129
9937
3530
4329
4775
8001
12266
10351
12074
11956
14247
8143
6123
4753
1386
9673
5250
5480
10670
8897
417
8650
4677
14327
9812
9997
11121
4951
11005
7698
2844
12414
10656
4660
10727
3583
12003
8842
5436
7608
11416
2559
9094
8155
6028
10653
5783
5276
6966
8179
12142
5671
7249
14712
6030
14729
12849
4464
912
11569
3575
8299
5076
11386
9683
11861
12278
14085
14478
7650
935
9293
2702
10048
2100
14274
5309
1908
8696
320
8385
7152
1605
9138
5761
5940
12782
9350
13055
2329
946
13323
8530
4949
12889
2381
9318
7882
7302
8749
4721
174
3689
7223
10394
10742
26
6851
12535
12226
4566
7963
8845
5124
2785
5776
12487
785
15067
12198
8102
9456
2828
2503
13109
2712
10372
4537
13936
1254
9499
11372
11532
14355
9987
498
13582
15844
5619
7274
1302
11061
12724
2296
11644
4680
5707
15721
6336
8678
11137
15641
2372
10773
11556
7799
12874
851
4345
13299
8719
903
10026
11794
12240
6242
9128
11078
6833
3091
1166
11941
7331
8060
6493
7011
4434
10760
9726
1656
5339
14877
2649
12543
1880
11882
4395
7892
7626
11343
3891
9543
11435
14455
2192
3787
11911
701
6311
11541
9311
9980
11586
5873
1500
1031
12585
7365
14604
14414
224
244
1735
8752
6098
10234
13017
11057
2778
2763
6166
12481
6403
14112
1235
4356
12512
11868
6027
9310
6206
3188
9952
4191
12552
10021
12433
395
12430
1928
7769
14632
8851
6904
12187
277
4545
5521
812
8115
8865
8605
5893
6740
4613
1945
11723
15241
9891
14012
2046
4519
637
11307
2314
9346
12117
14124
4447
6210
251
11564
8450
1965
13223
2790
10622
5478
3623
2540
7560
7625
8292
11466
11884
7719
3932
2049
6678
11629
7681
13194
9183
8652
13723
7728
14267
882
11571
12909
7359
6161
13900
4494
5644
10747
161
388
3517
12189
13208
3119
4384
963
1587
3486
1474
2963
12538
1897
9413
14421
9398
15149
3076
5420
10245
9735
3260
8121
6919
10096
14976
14723
368
8997
7755
3532
11273
1734
11263
1142
5323
14084
7049
11689
14678
14820
4922
7643
5692
2043
5952
12402
1085
430
13725
4315
11375
14185
8312
6048
6920
6090
13809
951
14000
5668
3332
10737
7412
10999
3283
7750
11216
13766
7089
11472
12917
3678
11676
5807
15157
4750
15090
12618
11778
4642
5252
12400
10732
10947
99
9854
12442
14581
7056
466
12042
4281
10707
1197
3916
4296
46
4653
9337
4256
11709
1379
5353
12094
5319
7325
13560
7328
10745
7669
5002
12496
14534
9461
717
14206
15017
11045
7233
3829
12403
9073
2690
7601
15115
6848
8227
463
6948
3151
14909
305
8561
8669
4702
3149
60
3197
8630
2318
392
13985
7635
3075
2970
14643
9358
6246
2777
7793
15137
511
11399
32
6640
1680
8723
11520
252
8954
11059
6802
676
14203
9784
11224
5221
13672
11213
14490
14847
5277
7570
11784
12155
1981
12371
13572
15154
15142
5347
307
10801
11489
14546
6356
2521
10856
8129
1241
258
14993
11798
8058
10322
14520
6450
3751
6488
984
989
14794
11154
1071
200
3100
14390
15053
11893
4083
8238
8271
7028
5997
6424
2473
3277
11710
926
4668
15113
2392
13253
13911
10969
4262
9903
864
7477
1570
4344
13762
6758
14979
1843
12463
11746
3344
5386
11635
11014
4304
5626
8356
1099
2483
10337
6723
5786
13960
5011
6229
3775
2129
14494
14852
4939
4093
2993
10037
6039
166
3056
5380
9067
795
7661
7199
6887
2286
10060
10692
3873
10981
1932
2261
1673
11313
566
6437
8333
7295
12306
12983
8374
13268
1934
10389
6193
4175
1651
849
6681
11895
8933
4756
5996
5616
2946
12516
7880
8016
4192
3523
186
472
6478
10960
1684
14210
2875
5229
7962
3813
2846
7053
2230
3586
11609
6374
10874
5768
2532
2317
8308
515
1743
2949
11175
9921
5025
7385
11978
4965
15099
5310
1370
13179
3254
2368
10806
1290
13132
13238
8702
2987
1682
663
9100
4501
1614
7542
11718
9152
4560
441
13312
10437
560
14562
12361
10399
3248
15271
175
3819
6285
1561
15000
2506
10433
14498
4885
13252
1112
6910
799
3175
7116
3014
634
6778
2251
2562
4228
2642
4855
5143
2069
12664
13044
2765
12554
13836
2463
5848
6232
7206
14602
8930
14468
14964
13914
6533
9090
4870
10669
10398
13873
13907
15176
10725
6238
14521
5721
10511
12910
14629
3181
6516
1718
1450
14448
7693
5877
9087
3631
9656
9017
5628
5830
15185
12028
1884
10832
14312
4576
909
6972
13147
11362
13558
5334
1199
725
2093
10712
4827
816
7724
13838
13826
8013
929
14346
8448
5870
13650
5931
3565
8206
15794
3955
1064
8869
11205
7714
8550
6684
11256
14907
14728
8562
4106
1296
3143
745
9353
9277
4085
13131
11054
3270
14277
11539
270
5957
9516
8602
2835
275
10639
10640
3948
9496
3990
11166
4707
3419
10213
3189
13126
1373
4625
13135
10486
11585
9709
4
9864
14923
9163
980
5175
1521
11023
12039
10691
13428
1465
8629
10366
5737
1745
13254
13454
5029
6576
10519
14485
14962
8205
12709
13404
12330
6597
4348
11080
5693
11976
10118
6811
11595
7865
13556
10892
11020
6244
11259
12616
2487
352
8370
8320
6480
12756
4416
13891
1
10928
13320
4112
1757
109
6840
5618
8105
14488
6070
2904
6131
15854
427
10288
1638
555
8677
2335
14770
894
7764
5573
8675
6806
14202
14518
8692
12841
13628
14557
11917
4392
4533
9680
7416
7455
11515
12486
8878
1338
921
6620
7400
5775
13716
582
14848
127
126
13788
14857
2269
11102
4381
10580
13174
5295
3334
14764
5933
12903
14591
4502
11250
6774
432
801
4469
2355
10522
6426
7798
2898
538
14377
5051
3688
90
501
3976
5550
1286
14559
10989
10703
9070
7546
6154
12825
15229
13969
9703
9743
14949
5453
10581
573
3641
4245
13139
1097
6646
9009
10460
1532
641
8246
7240
10523
2141
6477
1240
645
13388
548
10113
9459
15089
6601
195
3511
3348
5538
9845
15122
11148
3450
6087
15133
6800
12393
7243
14266
8682
8651
7704
3589
1387
6332
5338
9708
12036
249
4248
5167
7150
13860
14028
420
11590
4178
7753
1220
9179
12405
12469
8116
898
7061
4211
10109
6609
1685
5342
10551
1698
671
13395
12753
2504
2222
13781
5994
12500
13751
6320
7506
6525
7505
3460
11053
10501
9698
9014
9538
13304
5103
10396
11129
10858
11722
4151
9613
3716
6360
7118
9667
14184
2513
373
10749
726
7746
7850
9886
13600
4763
13219
562
7394
4710
2020
11842
14279
5315
2977
14477
12416
6545
6941
11810
10918
2206
4747
226
11420
8935
12165
3058
10252
6293
14983
14506
13921
3559
9383
9079
5762
2721
7211
12138
7329
8380
8221
1328
13065
3658
8648
12986
14630
1331
3876
3118
2947
8484
12365
1655
11281
9753
7265
2641
1823
12941
8725
13745
10839
485
11631
10633
11297
5944
8887
14116
14732
8761
3407
9255
9262
11391
15197
12822
4740
10702
13785
7563
5917
12194
11158
2814
6282
4794
1396
6333
4973
12174
10690
13020
10570
8525
2812
2673
9210
3655
2419
10663
7796
5
6205
4172
9326
5609
3804
10406
4064
15993
11252
7220
3645
11677
6854
11105
15091
11418
7082
4618
5126
437
3890
7776
12188
9883
11534
6347
8265
231
12418
1482
7225
14457
13080
12300
1635
13926
12125
6327
13117
6420
2618
13204
468
12338
7670
8681
7126
3336
9760
11766
10155
6007
11849
12766
2891
908
5052
13087
10790
8698
6796
2537
11566
7732
386
10679
1765
8078
13291
12320
273
11664
1778
4380
4526
9778
10572
13202
13617
6652
12292
8120
13398
14483
10074
9926
13433
6722
5812
9584
351
14619
859
13262
4070
10582
13069
5114
10677
8012
4448
12878
5904
2270
363
13545
13333
13792
10232
12503
2276
14872
9767
15214
12633
11879
2529
7648
7859
9949
9649
8444
3082
10376
318
14177
4705
8023
11084
2183
4606
14677
1447
9424
8453
11346
2136
11439
9169
11374
4593
8676
6870
13616
1710
3971
12345
4696
7006
7131
9724
7235
10924
10774
8735
10595
13568
5988
14640
13178
9170
5341
1309
11597
13460
13512
14513
10333
11686
426
2370
605
12772
11847
9603
11768
13222
7662
1860
14514
5199
9434
8957
12477
12235
3607
9001
14160
12665
4565
10859
11314
5057
10847
12736
13684
13367
863
157
619
2388
14523
7752
14797
9371
7183
10825
12548
4227
772
13082
6235
2944
15232
14690
14440
2900
319
9024
15128
8501
958
8135
6502
11323
8270
1100
808
556
10583
4032
4018
13245
14703
3818
6639
8045
2337
5677
7906
4369
5889
8432
3031
4991
13368
3860
5476
6728
12116
2028
381
10548
5194
13625
4156
10436
5036
10167
10623
7334
9728
3965
11715
12464
4529
12351
10309
5601
0
6447
1646
6466
4732
14507
1858
6167
4082
1774
5003
3947
14817
8486
9022
2575
274
13006
3906
419
2350
487
9039
1878
6309
9021
4483
10321
7675
8575
1746
8514
3628
845
11089
7031
9226
7790
3443
3411
5488
7189
14750
8424
4020
2150
8656
12654
10291
1487
5270
9651
7948
1628
4003
6521
9306
2542
2928
4134
15211
8593
12586
8849
10634
1576
9186
2936
14156
9914
2179
3832
13690
2246
6942
11357
775
2326
13152
15182
2635
1652
5620
14219
7399
10602
8946
8436
8907
5212
117
4977
7541
4473
5743
760
2578
10468
12853
12937
7405
8239
10354
6279
5208
10007
3462
3220
8526
10873
570
4021
7286
14029
14263
1336
9575
1509
4945
5058
6377
13228
7323
11163
12431
12509
6656
4802
5897
10528
3964
9023
4768
11619
7622
12707
5779
13270
9239
14347
4286
1210
8408
4163
10428
5654
3836
1140
8344
6649
5948
12988
2371
4600
10027
11165
941
10980
10577
15859
7141
4071
13902
6091
5302
7358
5724
6770
9051
2226
7824
12828
3436
2943
5905
4636
6618
4947
8973
13458
11572
5471
12388
12899
12593
8325
1544
3978
14844
1569
922
5303
3126
1414
7550
1252
14851
4903
5911
14271
7612
13864
2443
8503
15033
250
10058
14569
7678
1670
4002
11221
4451
7037
1964
8609
2234
12485
13265
5596
3080
4669
8377
383
13857
5770
4484
13097
890
2152
11815
13116
6893
1613
15973
11282
626
4524
6286
14627
7540
15953
1808
9750
1380
13381
985
9484
2865
3588
10032
2281
12491
13640
1694
9919
7832
13815
15014
5107
14747
116
9104
8329
12504
12121
4801
10926
2806
7392
15101
8548
8276
12210
14230
10169
5370
14365
10413
9653
10259
15634
9780
8872
5716
5299
13324
14573
12613
7653
5809
272
5071
13001
13953
5953
5675
4457
7371
8416
6207
9476
13342
13280
9381
11348
4263
1109
3536
9471
7914
16075
13796
12842
10886
7453
8596
7382
2214
6664
479
14276
7511
4354
6662
9762
891
279
6689
13702
13509
3341
2224
4080
4498
6107
4697
1978
4177
15077
12004
4335
6110
2455
12294
8554
13241
13769
646
14895
9468
14465
5242
9705
7566
5553
7377
14916
3982
11130
7649
6793
490
4907
3354
3422
7393
1262
311
2590
69
13959
14201
1621
1833
880
6692
5473
1177
11974
13016
7504
3072
12888
9091
10022
6791
4866
12894
3294
11482
860
8790
14934
12902
12061
7699
12268
8927
3934
7598
8588
5790
6719
12472
3309
9470
5210
6243
6634
4918
13983
8944
11716
12977
12160
4889
6755
13105
10848
7038
9432
2168
15043
13803
9911
1267
10147
1113
1234
15062
1601
5393
10643
7218
6105
4123
7017
3995
14136
14004
1891
11940
14830
8495
13937
14528
9626
15204
8211
9959
11454
6302
7290
1727
11037
1838
9818
10959
3522
7590
2366
8052
199
347
4438
11599
3998
13735
11702
12161
3199
9105
10357
10464
4044
6813
12158
4744
3823
9855
1357
14556
9537
9700
8106
10454
14540
10630
12967
14500
9287
4026
10900
6422
6080
7930
3271
13780
15028
10011
6890
5358
7047
1970
3969
8267
12788
8840
4745
10807
10734
10204
3703
12539
1773
1428
2566
12304
9297
1815
1449
8150
5279
15041
1269
14745
5906
1883
14631
6928
10507
10744
14288
3904
9875
12861
11697
12122
8736
11449
1332
4289
48
12470
14977
9072
7889
3780
404
13955
11186
15080
3485
822
2021
14766
8123
11787
1271
10163
8024
2793
4052
6736
6783
3296
9185
11402
1392
6419
2890
11612
5469
10797
575
6798
5445
5824
2135
7594
5862
4826
14433
9034
14100
6529
11486
5240
3371
3227
13954
11494
792
12623
9666
6009
5541
6511
11009
4355
4154
5105
5502
1368
6971
12379
1059
4767
7090
1852
3539
2484
11138
13096
1132
15230
9866
4253
1408
5466
9344
11512
4711
13195
5984
2275
2602
14822
4351
4314
13734
10864
519
14091
7652
9768
12296
4964
8401
14846
5022
13890
15762
4893
11389
4507
10432
14213
3710
13005
14375
8103
10188
6499
6050
10072
14057
3360
4706
9176
12478
12451
8903
12987
14620
6456
10316
11364
2572
6820
5326
5413
758
61
10267
15005
7860
10624
4403
2015
12933
13737
1015
15098
11826
553
2824
11027
14350
13093
13675
3011
11986
1562
8564
1560
4406
7330
13224
12651
9819
8091
2482
8119
3319
9950
14169
2054
2249
544
5621
1182
8061
13021
5799
11373
12224
10430
2568
6790
10057
11720
10587
7688
1214
1313
1421
12935
649
4743
12663
2938
755
3887
818
957
98
952
8237
13242
1722
10085
5684
824
10816
5293
5113
376
3789
7269
15188
13929
1495
3941
5359
9658
13654
14298
1520
8778
12169
2383
9483
970
9910
7607
5910
5832
4643
13520
8744
5327
11176
13091
27
12882
11667
13058
11522
14162
6271
5131
987
6065
8760
3259
4091
11074
8974
6872
4155
3127
14902
927
6845
13795
2811
12675
8428
3039
6593
8724
7855
2287
10409
9720
4967
7103
3463
1365
9479
1955
4876
580
835
8173
12067
4014
2971
15161
11843
5468
12568
13167
8533
4819
14212
4165
2509
12952
13316
2221
2982
15015
15075
12288
10264
3952
4359
15030
2406
10320
15177
390
7926
5567
2879
11351
592
10651
8985
13676
13974
1476
6397
5325
9157
10062
1041
12154
6696
190
14989
1622
13562
9857
11392
13777
2600
144
79
14428
165
12193
6465
6772
11447
6451
10845
6673
13434
10235
7986
7731
10099
5657
7013
1627
3999
14804
12880
1084
9995
6057
7132
10405
10908
5083
9041
12157
3477
2954
9141
14867
6666
4984
8218
8854
3165
14598
7101
4946
4443
1805
11818
14009
11279
7153
6804
8315
3398
6219
9869
5765
180
8928
15820
660
4432
4189
652
1150
8360
14706
14006
4376
7939
3713
3726
10996
12105
661
3664
13958
11758
3250
12546
15092
7210
14593
1469
9401
12447
11592
13965
14174
4920
14133
1505
2810
3002
7256
14892
3252
4217
4035
5264
1356
804
9942
7230
593
516
6752
12718
8044
3020
8449
9592
1388
684
14289
12555
11887
13185
9961
14661
1846
5098
6176
2809
2254
8920
11681
1346
3388
9136
2289
8108
6392
9164
9445
9498
13231
6396
10733
7474
11345
3158
1705
4562
9151
5604
5369
10668
8009
11337
11657
13946
6885
1139
1574
9632
8971
8323
12608
12289
6372
15078
5109
1410
3169
2365
4098
3129
5527
4912
15191
8252
3329
14244
13644
12181
12164
6787
9908
1947
152
9054
8622
13859
5637
8263
12241
8705
13399
10045
7301
6415
12444
8234
8465
12362
3266
364
11377
781
11465
10465
8838
5069
217
6407
4193
6127
4346
1901
7137
7684
14765
4591
6339
150
365
4928
15009
12954
2390
14746
11051
12652
10206
10843
9380
11481
6725
10470
8532
14874
1926
522
7605
11228
4158
5415
1539
8390
15209
12846
7159
6984
5722
3608
7435
2045
6122
14114
5878
2694
13942
2132
7957
2325
14357
5301
10844
4159
11040
14218
3816
2196
826
9737
9556
662
1200
15986
7539
1645
12698
8362
2973
6683
2996
11616
8731
12710
3210
5695
12578
7500
9817
8099
9553
8376
13345
5425
13894
1969
4001
3482
11019
8057
6980
2691
3372
14834
6940
1125
12847
7396
3353
9608
444
1075
5385
5926
4332
1451
9123
8228
964
11007
5061
4040
8824
3000
4646
12898
1164
11487
11422
9167
5720
4648
3798
1963
6915
2660
3077
9797
4244
14826
8117
15940
5982
4048
1403
11740
1659
13527
2882
8395
10421
1248
8734
10990
12115
11082
2801
159
1754
4881
4199
8899
6748
9871
7208
3194
7267
10073
11280
2652
3854
5354
1640
14125
14326
2128
3897
11072
192
6304
8093
8712
9830
78
10675
1086
11368
10010
9641
7314
3649
9836
10938
4513
1355
6485
5697
4110
3630
3251
282
7194
13449
11445
1867
4573
9520
8260
13013
15120
1081
14811
11611
8567
14792
5089
11011
11068
11267
11727
4570
5337
8717
7308
911
6109
4742
6104
3187
10590
12994
12564
3609
1704
4662
12015
13999
13396
3272
1550
6001
5267
7970
3885
399
9085
5899
10256
9046
6659
10899
4542
569
14220
724
3356
8874
4836
9561
343
4635
14535
2894
3026
3414
9147
7758
10159
13037
7485
12974
9245
8889
5584
13831
7993
7702
2799
8571
7333
1353
1276
7097
4772
10194
1881
6082
6385
15104
13209
5121
2670
14718
615
5615
12522
3662
3121
1992
10913
9338
9362
9131
8355
451
8683
11812
4410
13141
11574
2477
9582
3753
12644
6784
3859
12549
2418
1054
8580
13607
4663
11035
11561
5578
2744
9801
3311
13719
14487
8751
10992
6379
2186
3488
15250
6860
6866
68
7486
15079
10190
7023
3320
14823
1477
1215
6479
14025
5118
1384
4240
6974
13143
13912
12814
5072
9966
2059
9913
7471
4908
13889
1790
7481
2737
7912
2738
12228
10662
742
10531
7627
13155
3253
11167
5814
10876
179
9218
7066
526
6144
5750
6153
15118
4813
7036
2139
15225
10297
12722
2889
8771
14443
4563
1072
2265
12505
13784
13563
10871
2227
1675
2379
5569
14854
9790
3970
4929
5119
148
9930
173
12612
3977
1401
12032
3328
6474
71
861
1345
13515
6165
8485
13975
14410
1391
3874
13288
9763
12460
8304
7854
6340
6032
6483
12732
12275
8082
2130
306
6697
962
9115
8054
1493
10104
9216
14140
11682
5990
1750
12301
5782
4449
2255
1784
12264
7819
10904
2822
7151
5408
14984
8412
4722
6475
12501
4862
6142
8901
11032
14819
7294
2634
1261
14030
13346
209
7172
6821
5548
4840
2543
7873
13997
13369
2760
11708
12215
12805
13821
5738
5660
4339
5732
13951
5122
6399
9646
12763
9578
3996
6152
8157
3433
6460
9440
9557
8363
8122
9321
11994
9503
12696
8862
11318
13034
7809
2312
6436
12205
14985
9339
6272
5166
7074
7621
8020
2377
4832
13651
1453
10310
9206
4786
4420
12425
10808
2158
2114
11325
4821
6325
3313
317
15087
13804
11777
13405
3142
13068
7996
12963
9462
15412
4430
5286
9644
4131
1776
6962
7788
4220
6093
14674
4806
1120
14681
2788
11739
5950
10217
11573
2838
12068
4695
10794
7801
12727
966
12635
7357
12725
15011
4176
6669
2588
9427
13713
13599
285
10705
1556
4029
16021
6615
154
424
4659
5427
6251
6495
11162
1991
14994
4215
8223
1661
8027
189
6895
4993
12989
10911
7293
14530
9190
4864
5769
11504
8396
12536
10538
7143
14803
7084
9237
5934
12770
1593
14668
2216
7156
2774
13533
11334
4687
8961
10344
8149
8068
2219
13593
8500
4273
2672
10068
14047
3282
10420
11046
2458
4921
8098
1263
3800
6168
2853
610
954
7252
12324
8191
13956
5672
6961
15302
5274
11975
13862
12423
2530
464
7104
15423
11835
14789
495
5867
10330
12790
12329
1995
12421
1021
7710
5642
1699
8415
7929
4684
2922
57
14980
617
3131
12860
10724
414
14635
8858
8867
10571
1759
888
12795
5518
316
5329
11687
4231
2921
8006
13619
11796
1573
13844
7464
5357
4489
1149
1060
10086
14128
13770
11546
14099
5612
4852
10287
12124
12653
8733
15761
14364
10325
1524
4490
5861
8552
9502
8949
2830
12587
8033
3008
11712
7468
1409
5479
4358
931
2525
12801
768
13040
5585
486
2398
5116
1748
5448
12040
4146
7356
10359
15082
11792
11174
8095
5198
8080
10319
5608
5564
2523
8146
14172
1911
979
6857
4161
1096
11610
7725
12640
13790
10168
11621
5752
14545
9140
10386
2820
11688
11456
5631
6187
13086
3728
9148
7480
6005
14571
10024
4809
3776
4372
2208
2472
172
8820
11493
5831
11603
12337
2212
6330
2535
14406
34
3950
14885
8256
12159
12443
4025
1896
10101
10146
4378
14883
914
4871
9213
14351
11381
6463
8919
7070
14550
7733
1770
8607
14049
3459
7527
11862
12480
8591
12281
1541
9332
13624
11463
5969
3730
3340
6283
514
14960
9365
8763
11706
3516
10625
14258
16009
12088
2299
3206
13151
5816
9574
9794
6553
12424
3736
9342
9236
5247
4592
9002
5498
7985
12048
10371
7354
3016
12172
13400
3574
1445
5079
8715
9862
1371
6853
2797
138
14672
2706
12775
9859
11734
5646
6716
14948
6284
8710
8934
5698
13691
11462
478
8391
3571
9101
9387
1600
12950
14519
355
2594
6594
4678
9702
13892
6220
9842
9263
12389
11065
10682
4898
15223
5980
5858
11168
1909
12097
5903
13039
12046
3765
6225
1629
2717
9827
11135
1636
7160
1607
13516
14795
502
7737
11951
236
107
10799
549
14021
13200
3097
1351
6002
12610
10438
2640
3508
1869
14662
6530
9224
14572
6622
8319
7763
8738
13881
1783
12103
10973
15035
3921
13142
6585
5678
13720
5127
4077
5308
1402
2291
2142
8784
12864
13199
13365
8162
944
9828
8487
3262
7606
7712
508
8848
5381
7441
2899
6744
482
11819
11047
1591
12156
1856
3009
12217
375
14587
12286
10562
3992
5078
13574
3322
2579
7562
8338
9436
4439
8232
12339
7913
2560
455
8765
10988
6038
467
10542
2495
1826
1134
7820
700
14429
9368
571
10466
14796
609
5681
7158
4787
3880
13990
7456
10887
1390
14089
12273
982
6566
8111
6204
730
7910
7271
5356
1751
12863
14369
10400
4825
2746
11330
14142
7807
14992
13474
7726
7275
6128
8140
5546
14841
13523
15963
3814
13123
9177
5959
12227
8685
1458
16116
5511
12699
4066
7398
8939
7979
3379
7395
3660
10071
13570
11967
1382
6015
10257
6192
8021
1162
8943
6816
2751
3951
10805
9935
11232
2201
6924
15081
8679
8688
8625
11324
12728
7685
8618
9129
9490
14286
1768
4276
5901
5943
6894
9600
7777
6661
2896
9774
5403
5699
2125
5404
13874
947
802
11190
1141
8581
10972
1165
6905
9442
588
2498
1626
3095
7846
70
928
14953
3794
7577
15833
6249
13101
8441
5340
4935
4764
13697
5803
9319
1424
3404
6270
6461
2213
3258
7005
782
2661
4631
13698
10165
8900
4824
6858
13028
5495
489
14739
2102
15966
14790
2863
15025
2519
3600
10403
5050
8539
14234
10532
10149
1984
3562
5891
546
271
13611
1634
4413
2719
13896
9231
14936
14401
1037
8932
5234
4999
9178
12584
9254
3070
13950
13813
936
8937
10857
12093
13188
1073
3350
296
14939
8350
2012
9301
11559
3006
1191
488
9060
14649
13417
8789
12833
9619
14290
574
15107
10358
10709
3023
7779
5085
44
96
5535
10258
8293
13870
3806
8297
14295
2092
7935
6459
13385
6535
15160
12058
10461
13444
14071
2930
11584
1022
11870
13074
6202
8992
618
5368
10439
5941
13539
11287
9811
10499
13760
3461
11728
6368
3150
261
2742
9551
5960
10340
7745
1377
6345
3074
9066
3153
3161
12647
14742
8367
5059
13421
5191
6779
4246
12409
421
1299
13830
12818
614
1817
5937
13775
5217
9814
13471
1223
11414
8144
4762
4257
6937
5298
11825
4664
5312
773
9994
2466
4101
11649
1026
3278
8770
14896
15058
5209
5536
7949
12643
5080
14647
11038
10367
406
886
9517
8537
8506
7289
10961
14376
11139
11108
8918
4511
6457
13321
4180
4428
8642
14881
1723
563
15163
2720
4462
7449
89
1169
2156
5915
2508
14978
6201
13614
11869
5570
4650
9251
7671
2945
7383
2348
10650
5045
6943
3882
12102
5482
7380
8419
4909
14623
6505
7041
11666
6633
15006
15290
7352
6715
9065
14582
8792
11241
11857
2779
5162
13689
3769
884
1578
10687
11645
5174
1961
13851
8502
2017
1780
7829
15020
7721
3204
13880
1899
6990
3892
3908
11484
11413
13669
4588
13659
10100
7390
1479
5874
14740
13057
12055
8579
7085
531
14466
13814
7756
7130
12673
7171
10601
14842
9746
3672
6089
3984
4604
13330
2666
1034
12012
2048
13499
15047
7901
14586
1186
14878
7558
6250
1069
5463
6675
12658
4393
1217
9712
13445
13070
7760
1105
3218
4078
461
4264
6731
9412
429
12252
8302
2042
1566
1213
13350
7998
3560
6486
14335
743
8639
14715
630
15955
7517
9423
2248
6129
4910
13685
7651
5435
7837
2841
3096
1335
7971
1030
5647
13555
5000
14056
10636
12279
10034
7845
7861
14615
13613
122
12820
7232
6438
8850
3549
15251
1298
4602
11764
12179
6747
10302
6691
12412
7196
8310
4914
3453
13867
14408
7727
5764
13329
11636
9706
2794
7663
11055
12085
14157
1671
12671
8422
9352
10966
9217
12615
4780
3302
12799
8431
9792
12778
11412
7823
407
12383
7515
14371
10766
12559
176
3107
6133
6435
12057
6881
2573
8832
8797
3406
9414
9835
6769
4933
9201
13279
10598
5287
14855
357
7673
8079
9939
13703
8694
1222
8995
5021
4688
13707
9710
12282
12077
15045
13566
2668
11305
5627
6156
6185
2705
7947
12938
9973
11782
7451
14773
11985
10750
12749
13581
796
1989
5774
6355
65
5823
14780
13863
12450
11789
4306
14
4674
11984
11388
2324
6952
12946
4856
1065
11958
13010
12099
11302
5226
12829
14735
5135
7557
1529
7048
14708
1620
10879
12488
14726
5200
9882
7991
10129
15243
7584
1799
11100
492
12256
14027
13817
13887
5758
12436
1962
7470
13084
2676
4132
4275
8433
2693
7633
1131
8443
14646
9267
4584
4645
1923
2105
4952
6567
10586
7086
10641
4854
5227
4050
9062
5866
9944
6074
2485
780
1660
2786
7907
12626
15179
648
7122
7488
8911
14565
6079
13909
1741
5611
948
11926
13363
12845
5972
6586
14827
5493
1070
10097
1225
6226
6296
11172
7473
5973
11690
1666
7931
13024
6130
2991
9045
1334
9389
3912
3010
11425
3427
6174
15208
5558
9472
13452
1582
15341
13699
10933
11371
15690
6805
10612
1258
10441
1689
3797
932
12083
13136
12016
12838
13604
12717
9652
11568
8882
3472
658
265
7355
1310
10684
4578
2163
6977
14517
3845
11122
3606
7440
2833
6914
14121
5680
3611
3503
11577
3614
9789
6955
5669
6749
2085
10240
7940
5554
15254
7692
8877
7112
12392
5566
9689
6701
4868
7842
7043
13988
8090
8336
14781
7364
8298
12704
8892
10082
13535
3842
4461
5579
13674
8815
9121
8518
4571
2137
1178
3018
13071
10392
11888
11071
4190
5954
5433
12131
496
13206
8278
5330
8727
3415
14240
5142
7351
5008
12733
6003
10672
8222
14066
7368
13064
2665
8950
14284
11963
12095
12183
7080
12170
5219
9981
3087
10555
9244
11123
1001
11795
3537
11178
155
14306
992
3748
9112
1835
603
7548
14086
300
11671
7375
12576
13214
644
6503
2732
8913
11477
3791
4243
14115
8177
8492
5796
9504
5509
11614
11226
8194
12438
8553
4835
5649
11146
6274
12005
12190
3241
3103
4206
3164
871
1789
6108
6227
2052
10502
6020
2283
327
10558
10038
2334
11874
8844
10798
7424
12327
5317
3054
312
5935
9095
6334
9292
5998
14634
12459
10278
4597
7332
13484
14673
1785
5719
14751
3884
13550
5547
4487
2037
10182
10701
7804
6982
11156
9450
2456
1982
11206
3284
12700
10869
6531
6179
3138
7039
8496
6454
4219
6704
2961
7614
7181
7538
6674
11262
4266
188
387
42
3572
11033
8002
14472
3424
10939
713
7363
1850
3102
12927
11828
4867
10286
10809
5746
3573
9528
6908
6559
6527
4000
14037
5852
125
1952
111
4861
7065
4776
87
1829
12475
2873
8941
1354
3766
8748
11101
1801
7513
8096
9103
6957
6237
5211
5068
7921
1565
4844
4137
14891
15823
15029
10347
286
5938
370
3257
6078
14904
11525
14768
8615
9030
7573
9320
14045
6453
10574
766
3108
4989
14995
6075
6058
207
12395
5879
5001
5978
5962
12314
7844
11928
396
12498
5551
11246
9606
6316
5457
6734
12985
1887
1929
10945
14155
4638
5158
12073
11459
6312
6510
14388
4097
10183
13375
8729
5656
5613
2304
314
14005
14397
11218
2494
2501
5146
10795
6694
4798
3401
10305
14367
11509
6138
9049
4388
8982
10369
4980
7279
15159
11367
10345
7741
5416
7826
6572
770
13429
5484
13411
13511
754
9438
10215
10851
9018
11753
14262
7094
2657
8984
4402
5634
11193
4212
7374
10108
1016
6390
13125
15166
8555
12622
13920
13606
3347
14329
9158
14967
2081
13045
14340
191
10121
94
9159
2990
11103
13244
3177
12562
11393
3535
6532
5676
6073
7856
13443
13948
2435
8195
10840
4171
5040
10418
8077
6076
6519
1003
119
10191
5705
1352
9572
3927
9916
9020
15698
9043
8572
14532
101
12100
5663
290
9322
2126
3956
10120
11356
7175
257
7982
11844
7403
4478
4500
14265
13596
371
6264
13496
13531
6149
6208
12101
9688
3599
43
3198
6395
3383
13119
900
12796
5130
10033
3274
2380
5633
797
817
5801
2864
7641
14251
8611
8819
13807
8786
6158
10390
9704
337
14120
7338
3749
11093
6034
4504
11834
13243
3333
6233
10533
1219
13774
13337
4373
15216
507
4337
9915
1160
4242
9053
4292
7388
3963
4068
14791
4657
12793
1429
10585
1749
14138
1320
11406
13888
5883
9570
2658
11959
14392
7717
12591
8573
5788
520
10184
12079
9006
672
6753
11613
12965
28
14652
14720
6273
6958
4022
14901
3215
9964
14063
1312
14034
11003
5322
321
328
8035
14224
3471
4589
13486
10554
13758
7032
3139
15141
10759
13829
10758
5224
11446
15687
1205
187
696
1196
16063
2066
10298
1946
7556
1185
11304
11499
9130
5651
9899
7508
1179
3050
13108
8337
5598
7003
11237
3378
4398
4647
5835
177
6964
712
11289
6686
2671
2637
5542
596
9098
13296
14529
9174
3989
4620
12186
3548
1157
9477
8709
14013
13234
788
11933
12380
9232
7389
14254
9510
5636
7897
3417
12391
6591
135
3236
2771
10957
6004
7806
11010
8663
4088
13544
280
783
3498
14887
10130
7007
904
10509
9007
4975
6446
9056
3420
13389
12415
2606
10485
9695
9647
5235
576
10559
13679
2659
13601
6513
3314
12906
12602
13543
11151
264
8226
14141
5517
10827
1303
1729
5449
11185
2250
15040
5918
4472
2109
8721
874
5014
7378
9544
8248
12904
12667
14987
7700
5652
2175
7545
8881
7754
4117
1868
2432
9665
2950
10963
6064
10395
5456
7866
13124
3626
10566
7893
2981
13789
11830
12896
2278
12636
5805
2047
13947
4791
13840
6081
13011
14753
3101
13620
3686
4045
9463
14670
7216
15917
4184
13353
3825
12404
11762
2969
3243
11428
4535
1216
2328
5958
13573
872
7709
7528
5023
8902
4523
13485
8976
15907
1875
1048
2223
6160
11872
8962
11948
1933
10216
11643
4249
2870
6353
11524
11725
5968
6431
14505
235
12960
494
6557
12629
4223
14705
13866
4423
9765
8989
12541
10451
2776
9967
9691
683
6051
3604
11817
100
12302
550
6162
14154
2735
9872
11673
1906
10475
10975
7628
9655
1553
21
7228
2471
10537
4996
10318
3265
10179
3434
3915
7995
6036
1744
2510
12479
4277
13924
12976
1413
1124
310
5324
2148
4090
6602
4107
10986
10473
6489
15002
9714
6083
13465
2699
1941
920
7326
14058
12495
12458
14163
14389
13495
6999
216
5192
11495
4360
3668
10308
3712
408
991
9843
10708
12162
10631
2149
15026
3380
1324
11944
13376
5030
4037
3533
5144
10793
5120
12236
9552
10328
9904
7965
15878
9451
1819
10313
9082
744
6418
8118
14269
3699
6867
3190
31
9243
10226
7190
10611
1889
2205
10272
10550
10336
491
2678
3624
7187
4291
11308
1364
7164
12779
540
6307
8242
12027
7524
9925
3526
2762
10810
14026
4754
12913
12560
4375
3291
10273
10006
13641
6458
2849
14843
9820
13940
4235
11111
3478
3364
5714
13293
1920
12376
11136
2514
7296
6136
14447
4062
11885
8383
12692
3676
14386
14173
4757
12368
3394
10090
2404
8464
10781
10596
543
10348
2935
12925
10059
6335
4028
13497
6014
14897
14955
9732
14758
8354
40
7262
13435
1549
13991
10378
623
4204
833
9026
2653
12821
1231
7136
11932
8429
4766
1389
10597
811
12360
11056
10268
6188
819
7291
4932
11457
9466
6926
11181
3687
14839
11913
2450
14943
9884
425
10603
2995
12334
3231
15060
1442
1942
5703
14537
484
12764
13753
2353
3457
9367
3741
2796
2813
5241
12826
6555
12452
9679
14778
2238
3968
12510
6487
8521
586
5185
10166
4557
7316
8967
361
2988
13015
9900
14899
10434
2901
346
8346
6856
13854
14451
11807
8207
12919
8802
7476
3698
11514
5505
13140
10404
13078
14666
3790
736
1492
4004
3375
11685
4254
6991
9616
11370
3637
11516
12311
4793
5004
2003
4039
1719
6939
9205
868
7197
497
6960
6175
1595
13390
14509
6140
633
10148
2155
12511
12328
12104
1314
12956
7167
13290
1201
2122
4139
11936
12163
3822
7184
8100
5965
2364
11757
13455
12570
4205
5857
3650
10261
2478
8092
3648
9978
9081
13927
10569
7421
13824
6759
6369
581
13670
13933
9390
2994
6240
2916
8366
627
11069
6449
12569
13688
9448
4715
949
5529
2357
9328
6384
8708
2782
5919
4737
6077
2924
6329
2614
9281
10429
11031
8750
15038
1642
9384
12406
3519
9654
201
14710
8823
7549
10335
8286
4491
163
13579
4414
4260
7134
815
9522
6738
2062
1190
4128
11536
11098
8594
11401
4877
14349
3855
5825
2331
15134
14235
1849
878
5592
2111
9394
3590
10042
13913
8086
4995
11157
13283
1104
206
15273
8755
12984
4303
14383
2068
12173
5077
8726
8212
3045
9235
11460
7555
11519
10699
8126
11760
6789
761
5927
9771
11490
24
8616
6598
14696
647
2428
8430
8463
3228
8130
10823
765
4334
2687
14193
5155
14717
2715
3390
5431
11929
8830
11859
2237
10615
4779
545
13102
13665
3656
11774
8620
11852
12223
8326
5792
8280
475
10518
6209
5256
14645
5828
8085
9250
13754
7452
6173
5382
11669
13797
9738
13266
1052
3929
11528
8253
9576
8065
9892
14611
7836
12147
2561
7280
6358
7815
1265
8322
10736
694
10741
12558
11060
7521
711
13362
1763
3633
11604
6951
12047
5640
2116
4038
11248
2411
5225
14699
11300
15046
15668
11152
539
7081
12922
7115
6267
6536
4670
10974
2394
11394
12366
14033
15292
2057
7173
11150
13561
14381
13987
7954
10925
9407
5320
2493
4295
13660
7111
7922
11729
6582
7369
13739
5094
11143
9972
3674
7559
14693
11067
4651
5423
11848
11502
1273
10802
3176
4940
12333
14130
7530
7800
2957
5936
3297
12072
12547
6852
7467
9955
4313
2333
7786
6605
1067
3500
12139
14179
2507
8284
4232
7426
968
2986
9086
2412
11341
13295
4891
542
1268
13009
1480
2753
2517
8459
11646
3528
2876
4890
10016
3840
12810
11293
10997
11332
14957
5929
6037
9348
315
9042
8076
1603
5464
11247
4614
4883
11692
11326
5670
9920
2669
4915
12656
13971
14533
2784
15207
10063
10588
5731
4140
1460
10412
10306
11379
13856
7201
14303
3925
4474
7878
4916
8922
2465
2622
2019
8777
8768
3612
1466
10158
11390
9360
14554
1239
3055
11906
9078
3084
827
2842
9816
9215
4540
4729
10106
15201
11856
6517
9363
15181
1894
14595
11713
7004
12356
7525
12071
2692
6258
10131
9773
12346
13705
8451
14576
1294
13418
1820
4417
9464
9294
14894
214
9171
4726
1665
4316
237
5290
1173
9299
3724
14444
13642
14755
6592
8655
3554
9050
4521
5691
8410
2866
8037
7337
9208
2997
10755
7834
2316
13587
11097
14783
3781
4326
2373
4092
3602
110
4221
12566
1534
2939
11773
9745
1968
6388
8480
4492
4250
6468
13490
10905
5141
12489
3960
594
10940
14334
2113
12196
3303
11261
12206
6647
4959
4583
622
13239
11658
3733
13747
13597
13189
5524
1766
3531
1518
4950
3709
8295
9197
2480
13157
12870
3125
2885
11754
13608
6116
692
4394
2459
13310
631
10855
13062
3216
1432
9133
7795
8316
4849
4340
3721
11131
11529
11576
5372
9296
12708
11141
11860
10660
7035
7427
7033
3289
656
13235
3117
8732
5520
830
160
14362
5254
9057
4016
447
1728
7433
13475
7109
14061
3734
7572
6481
521
10290
88
7083
1282
15227
3663
3312
80
7821
3986
3796
4902
9359
8980
11892
8636
5232
11508
13526
10229
6548
7260
6252
2327
9400
15083
11210
13170
11642
12407
11705
3069
11159
2792
15150
4567
4610
10508
4800
11549
6708
6125
565
11523
6195
4422
47
14608
7718
3275
7923
9809
13508
4694
2118
9717
10200
10958
4986
11991
8282
4581
5995
5912
13000
4834
13066
7953
14435
5643
1237
15059
4271
1998
12149
6191
149
12439
1807
3587
12789
11015
2034
10028
15405
9343
4042
1564
3993
12455
9480
14147
304
15021
13115
7694
829
12076
5092
5110
9134
1250
3610
6423
15174
10504
6467
5711
1318
12786
11588
5674
3467
9793
14405
5438
10145
10955
6994
4319
4569
8112
12372
14078
14415
450
13030
8972
14229
1724
10610
11455
1322
10834
597
11957
2823
2393
11311
13298
11804
10539
1369
2297
8343
4865
7587
11006
8046
6099
2609
6506
4321
10921
11922
12440
735
5659
4596
11647
813
13663
11545
8686
1813
2829
13505
8003
10368
2616
12523
9729
14952
2407
3931
5389
4164
3106
2748
8073
13569
3557
14624
5947
11550
10094
14484
7297
14539
15630
11578
6570
13177
4632
10133
1079
13567
11632
8951
10164
1580
9631
4081
8313
7532
12683
3763
8657
1127
2631
1011
1193
2006
960
2836
4471
2638
1094
14971
3706
11930
13264
8407
12354
12815
10411
9963
10426
13639
3997
14018
8538
9741
10083
10711
3195
14702
14876
97
2474
9298
4741
14601
11197
2074
9211
39
13426
9268
2714
3505
512
2576
11912
10251
2739
14824
3489
7783
2271
11225
5173
6737
4962
2854
6562
12939
12098
15117
13364
4927
8017
9585
8990
4495
13976
3935
2098
2151
2228
3376
7207
8914
13100
9527
8857
9761
3555
1755
1940
9699
704
4686
2322
14356
3413
3468
13163
4053
2050
10029
2476
11822
613
918
1554
10689
15196
13049
10965
8633
9037
3704
7618
9031
14816
8389
14434
6135
5149
12002
4342
6053
6224
591
1925
8273
11790
11087
1133
7446
13968
4076
10920
14815
402
14333
7519
2886
7114
2420
5280
7552
2976
6526
5723
10912
7073
12276
5263
3501
7867
9003
4288
11938
1800
13232
401
1822
10890
4441
937
3541
967
850
3036
13420
9347
7195
3405
6433
7881
3377
5193
1347
9573
7574
3911
10573
11209
1639
11478
11378
1528
7915
1244
8673
1714
11220
9716
4781
5125
6979
2612
13687
13366
7597
5099
1540
12274
3120
5880
14170
5041
12384
3442
8174
14250
9711
10685
194
7077
3362
5865
14069
9300
10124
10943
8184
14680
11358
13153
1702
3325
602
1527
5662
6909
11396
9000
3494
1319
2402
14161
6381
13877
13425
8113
6808
3638
6114
9433
6119
1098
13767
14637
15126
12202
14413
2681
362
15018
8384
8774
12145
14399
11041
13317
7060
13729
11935
10882
12299
5610
8551
10023
13667
7805
10375
2079
3017
10616
14973
3019
8007
5576
4553
12086
5154
5483
12609
1457
5597
1012
5733
608
6949
10080
2968
13952
15189
4897
5607
6786
2852
8053
2099
13162
2194
6956
8499
12834
6944
5549
7943
3937
12865
11398
3484
9189
4549
699
3369
2903
5168
762
5525
13918
14402
13201
1865
13504
7813
9970
8524
13661
3619
5016
3099
9733
9071
3418
12352
11043
1760
2862
5396
6756
1321
2245
11328
6137
10592
8134
12053
13869
12537
3067
10192
541
9187
12293
805
5530
4685
11558
3030
10544
1514
12999
11120
13586
4930
4209
3595
9846
1376
4547
4561
10846
1732
9324
13590
2320
10934
3047
141
10223
12869
9508
5945
3029
11145
10208
1361
7489
13718
3430
5683
8780
8087
6159
12066
13489
9029
5177
11836
9853
14940
3368
1315
2351
2307
13666
690
14313
10160
6361
12694
12851
3475
12712
5532
5392
12752
2241
6157
4330
11650
8966
2610
153
14246
2570
12703
4102
10061
1452
12544
6473
13696
5231
4226
6222
6983
2382
601
14788
7720
6685
5514
4552
2874
7054
8513
14092
12678
12807
12199
6953
3707
13834
2354
1806
3392
13798
6234
11128
2780
6444
1979
11189
5665
11283
413
2789
12571
6386
2340
1872
3397
771
3593
5800
3435
3214
13695
2044
4063
1111
3534
8259
14002
8074
81
9379
5332
3359
8827
12298
11996
6280
12637
6126
12745
1110
2626
3238
4689
9692
5942
1288
1118
12204
5734
3893
1095
11962
14076
9435
4458
12437
14476
930
9166
10157
139
11641
13081
14456
13978
2209
5664
215
4679
13314
1706
5890
3515
2880
10593
4308
13466
11001
7968
9581
7592
6846
8182
5418
6324
14205
14302
2160
666
14600
8722
12859
6606
11513
4148
14445
793
11411
1036
14301
2409
1786
4357
221
12565
7977
1769
9887
11942
9547
7980
14199
5365
9397
8505
11099
11914
7904
7246
1412
14493
11961
9803
12277
14966
7303
5150
9278
3629
8799
14068
15158
7027
3005
14860
1226
3727
14741
7215
8409
4506
3327
14802
5097
2193
477
15153
9822
7113
11679
14687
11119
668
7140
4716
7373
7902
14935
14856
10294
8970
11876
9258
13732
1688
15303
1767
4594
2905
9393
11404
133
334
4252
2264
8107
7443
10771
2282
12197
11601
10151
3910
10937
9035
2422
621
9719
14353
6043
5713
5137
2164
13683
1511
6184
5428
12128
12914
11426
6342
14095
2800
6619
238
14256
629
9621
2010
13714
14165
436
13110
14659
1497
13427
2332
3909
12641
8670
14622
13782
4284
3130
13518
4150
2591
4681
8601
11236
14613
11703
5855
6563
14189
892
2011
6198
14776
9246
13344
14580
8158
11203
2449
8558
4792
6520
2235
13848
6118
4467
12419
8347
6865
8893
269
12238
8545
9155
7231
10126
9968
14249
14551
14888
11633
3743
3160
14407
4017
6827
1725
11505
11260
6710
15103
84
2857
11171
15037
4152
4202
5510
12666
5587
9446
12857
2859
14527
11630
6363
9008
953
7002
9405
4386
3620
1917
10993
5266
1405
6829
11964
10422
1257
4774
12695
9941
3239
4850
6310
12269
10116
4169
1204
2347
1340
3013
11924
3666
13793
9861
9012
4784
15124
6637
14035
14998
431
4925
8634
3159
8032
5465
858
7381
4820
6484
722
13246
14865
8828
170
6055
104
2349
4654
3675
14475
6785
4408
8392
7127
5822
11066
14019
5412
2505
14961
4261
8993
691
4129
9638
7773
11479
9549
2646
4352
14782
9821
5778
12797
208
14214
4960
6556
6500
14970
3525
8959
3470
14300
3671
10066
10447
9431
6393
695
9119
5793
8200
13915
5474
11400
1297
15168
11312
10442
8251
8764
2552
12968
1501
3465
13949
5494
12768
9957
6551
7322
4493
9953
14665
9795
5932
112
13261
8699
8912
12049
6
13756
8215
13787
7636
4601
1664
1508
6782
7193
3613
5539
1931
940
7100
12693
12335
8196
8330
4482
1175
3684
6863
6780
5313
14094
15258
13213
9662
13623
3213
11600
2574
4293
12577
7224
12945
6830
10796
14893
9421
11839
11090
118
6751
5955
14223
3981
3695
2447
6295
11954
7472
10535
1253
10561
7384
10665
607
3211
5159
10866
10362
7789
7257
5157
8968
15039
12127
587
2745
8624
14409
11945
7108
5414
11255
14692
4516
14762
3323
11507
11700
9509
394
13668
8019
3958
13993
5186
1548
12900
3900
6897
5590
13468
4058
5784
1903
2117
7887
14491
4788
2094
4528
12144
11745
9331
4446
5346
14996
2321
5859
14102
8540
3826
5136
1892
11563
4942
9918
7609
6741
1793
9521
8491
14963
14638
3178
3605
4770
7144
13257
7567
14684
12771
7905
7848
9172
1082
6877
11468
8843
4094
1855
8156
6000
1128
14382
8469
4012
5184
6260
14502
10971
5362
4324
2391
10738
13192
9625
13930
1643
259
10263
5153
4109
13025
3714
5432
800
12332
1910
12449
11890
5291
9125
1653
2288
13525
7575
1837
7165
4194
13491
3110
12646
6292
8427
13776
481
9671
14062
8240
7917
10819
11970
3148
360
9832
13150
9531
5632
12378
7304
2685
2210
12341
8886
1641
590
2211
7320
8644
6630
13615
15456
14657
6587
1873
4145
9607
13356
13678
2847
5834
14404
9669
6367
1525
14175
10828
15990
5888
12020
3513
10498
13627
6253
35
10607
2400
6277
9249
8791
9798
6954
14898
297
6850
2024
465
950
9109
6452
1733
7075
5091
4627
8165
803
4990
1117
9766
14774
4186
9150
6537
8793
14725
3767
121
5589
7492
9089
13992
4160
1080
9188
7595
4015
10457
3225
577
5010
4616
14651
12791
13906
9501
2725
3579
8230
7091
2470
2925
8479
6469
457
4858
281
4923
6621
14332
8287
4436
14209
8285
8071
9265
7644
12008
5690
7632
9289
14039
13709
12517
12385
11772
2041
681
14412
11194
1612
9954
738
3085
8926
3926
14081
15023
9375
999
5082
14786
10201
1623
4586
13553
14046
4752
9829
2064
11714
8658
11742
14123
8478
8249
675
12029
14113
4797
5641
4658
14501
13692
1362
11497
4937
9535
11251
5813
8522
13748
15027
2001
6839
651
8516
9586
9620
1306
1203
12182
3081
1669
13397
7098
14853
13565
8255
716
7298
4733
5688
7319
4005
6346
9731
14143
3844
5849
653
2263
12803
13473
2171
7810
8109
3007
6101
9734
211
12462
1854
11829
5869
10237
3357
14579
10970
14626
12482
4427
8617
5220
15032
10175
3552
12254
4639
2630
2385
5321
11855
5519
12659
14650
5243
2252
5351
10274
1949
3683
7945
14253
10492
1300
8209
2448
2826
2384
342
14110
8437
14280
12178
12153
3578
3116
11242
9715
12802
5363
1797
2798
10875
10046
11770
2551
8909
7616
6831
13026
642
4624
15222
11340
9256
2030
12856
7647
10850
5811
7059
13351
3865
3001
4173
14918
13343
12209
105
9989
1013
11684
1325
8608
504
5577
9402
4746
12655
2056
14969
11663
15190
10617
4605
11674
5246
4382
11117
12030
6514
4731
1523
6056
12534
11207
10987
14422
12422
6343
14372
784
9279
9936
6569
7645
9038
13158
9874
9285
5844
13401
11118
15557
12760
6040
5196
1284
2608
3556
875
706
10408
9614
11476
9881
3701
11654
12877
11721
12943
13052
12868
1980
14479
4978
11350
2225
557
13996
219
246
287
3694
7825
8470
3914
13559
1176
2816
9856
7613
12023
10526
2860
2848
7510
9491
9660
6061
6917
6773
14471
14807
5281
1008
13164
14868
9084
7631
11429
14616
1046
4397
9286
10536
6935
8568
12970
13335
7697
9813
5147
8300
6583
3244
7120
14023
5740
10255
8714
9885
3219
2533
1674
8604
4183
20
14656
5258
4621
6900
11208
4387
6882
9752
13357
11028
13979
5843
14097
6847
2220
12168
5939
14524
10209
5421
12688
15143
3229
8590
13322
6541
6801
4692
11188
10136
841
2577
14499
7771
7
9615
9182
1985
8955
873
10881
9488
9565
11543
9139
5261
6925
8236
9757
6907
15861
8283
983
5602
49
6365
10238
15711
13477
11064
13710
391
11140
7465
5531
1047
2628
5594
14609
9127
3028
15065
7483
7490
129
8779
13904
1049
997
10751
3809
2014
10053
638
7690
193
14014
5794
11133
14093
11866
14252
8703
7770
2453
7722
10976
667
518
8034
8497
4331
11898
2280
4279
13112
8711
5503
8145
4218
8660
6670
4320
3659
14054
14359
15184
11554
3778
462
12798
15049
2768
1752
12862
12267
9253
10271
14060
6212
913
10606
7707
13728
8762
7285
5559
5981
6589
4878
7569
8180
2613
9429
14283
2775
10363
13360
14917
10260
10035
8141
8127
12730
5179
3351
5046
4987
2310
14566
14294
14861
8399
6534
11360
4598
218
13935
862
14243
213
15069
14239
10833
3894
8612
1183
6060
8730
7514
369
1209
6411
11408
5223
10645
11582
3402
1777
2268
8204
2733
11761
12248
11327
7640
3566
5160
5544
12499
6714
2338
4041
230
4982
14238
12524
2259
1000
11253
6321
10783
10481
13536
600
15044
4736
14015
10014
10103
349
7960
4463
8716
10431
3492
767
6380
15016
7495
13584
9356
5129
13374
14233
3788
3830
7808
14158
14691
11881
10885
6660
14489
3867
1630
4318
3446
9223
10813
686
8258
11361
1983
10632
2279
1997
6512
8124
14641
11321
12257
6762
1973
1657
14982
9593
13186
13507
330
11538
15171
8794
5090
11626
7561
2548
9351
10948
11437
13886
14748
2861
7568
4934
14311
2623
8306
11726
8810
2145
4530
6228
10064
8996
10824
14345
7903
5451
6550
11793
13456
5992
1533
13469
345
13655
4300
10764
8958
5575
1624
5718
11920
5062
15219
7469
4699
1259
5896
8559
10301
525
2909
9110
9011
12895
3338
9674
12120
9252
8757
4953
4033
10718
11987
10356
6364
11865
11142
8369
7155
13431
9858
6134
3086
3242
9924
10637
8671
814
2191
13757
8829
7436
3247
870
3273
7185
10567
2121
1893
8523
3060
1904
5180
10017
1090
1180
6603
7899
12843
4361
6049
14738
9473
15048
1242
12494
688
8216
10143
4818
11977
13341
10812
837
9571
2491
7554
13522
11303
3237
14008
4113
971
11717
5851
13392
10936
10444
11161
11618
731
10649
12966
12123
2481
10835
14938
14771
2082
15074
4532
142
7775
6443
7762
838
8637
9917
11683
12399
9776
537
4114
8956
10923
8781
1568
9596
2651
9838
14348
14511
11979
4238
12529
7124
14442
9417
721
4079
10789
309
2204
8610
1857
10627
93
14400
4728
9373
10360
13749
7849
11661
3720
1816
2236
2770
1579
1381
6470
2169
7379
1341
2184
1281
883
9863
10077
13120
3217
13765
1058
11993
8324
8364
13635
14833
11665
15022
9948
1798
8821
11640
67
2097
10553
7687
13964
14654
5430
7862
2127
4904
11748
14469
6313
2528
8456
13580
13761
14675
7366
3185
1547
5820
4224
2302
11285
1845
6879
6072
6170
15086
9958
5054
10449
10784
15114
9825
6546
3057
1122
9428
14655
15019
3837
2749
9453
14880
8511
4162
12090
6809
11052
10115
13530
14420
1958
10254
9909
12262
14331
1943
2426
5255
11896
10594
9810
5666
11114
2556
1461
697
13258
5398
1967
6544
2840
15165
12382
6352
8664
895
4181
8963
5411
5197
7672
8569
4703
13440
1489
5133
13382
9512
3601
12326
14287
8272
11049
6995
7434
6216
12702
15123
2078
10373
14270
7341
9364
10894
8353
10207
6565
11803
2555
14644
7200
10487
6086
965
5345
11886
132
7656
13885
6427
7571
12069
13237
11805
9230
13352
13378
1277
4655
8387
13193
3048
8445
2696
10265
4599
3421
13537
9291
7026
14297
4105
12738
4407
7853
3295
2253
14186
7461
14821
15162
5806
14053
7839
12858
13305
6464
9228
8342
8375
11296
7292
7674
12375
1407
14933
9928
6414
13808
6042
9144
15105
887
4693
9142
14862
14007
4143
14544
9132
6903
3261
4197
3877
2007
331
4409
3680
6257
140
10740
2972
9529
4872
3770
10385
11560
2239
6248
5181
5606
10361
14828
416
6906
2805
2983
4208
6682
2569
1853
7498
3870
1395
2076
3157
3980
1055
4652
3052
4207
11767
11424
10978
8940
12508
13638
11039
14176
12507
5735
13107
13159
14228
5486
2764
11269
2421
4988
15178
8064
14064
12881
12022
10782
1427
3373
7734
6094
3917
11044
3409
3366
12592
366
1870
7534
606
10253
14044
5139
8202
8885
10112
8015
9439
13191
412
7251
4290
8931
9225
9193
1851
13549
12167
14497
9116
4400
4023
12060
7818
4509
14975
11623
2502
6102
3192
14663
16042
14183
5497
5104
2416
15112
13916
9610
9589
6044
8589
839
8942
12245
10503
6611
10576
9415
6278
13755
5791
3799
10377
12998
11173
423
7386
3782
6100
14793
955
393
11931
2586
5056
7596
10202
10156
10621
2895
4575
14341
10482
9623
9382
6938
9288
10877
5522
11249
11461
4725
254
6482
7975
643
15008
11756
1602
6987
612
12420
5233
9093
5687
11384
7951
13146
5545
4115
10248
2791
5489
8041
13292
10171
8742
8426
6575
8049
10490
1557
9308
9207
5922
8833
10661
584
2726
13275
14273
11091
4682
5872
11270
13744
13002
9092
86
12672
2061
6155
5292
5296
11701
3306
9313
12765
11480
8871
12467
15119
4634
10326
12344
4488
14257
6169
6023
13730
13118
14890
12905
14195
5477
2308
14997
13355
3
8834
5963
3315
8072
13602
5630
7284
10076
14908
13712
11891
5747
9269
74
156
2013
7236
13895
9815
10233
11085
4445
6236
7964
10456
1101
10710
10284
11506
4069
7346
4739
11655
5914
11901
3493
5378
13075
1596
12742
3783
3847
1922
12492
3385
12800
6239
11316
3491
9725
3267
15169
5970
11058
4383
9946
3567
1575
1716
7376
15186
11483
6560
3682
9764
876
15088
12113
9744
9628
1803
8595
3365
13827
12781
2106
9906
9
12408
13372
11126
3307
13589
14439
10916
14714
12581
4496
3042
9295
4268
5833
11567
8341
8741
7168
9758
15110
2417
2346
10983
4812
9677
1831
4708
9425
10134
10895
10728
12949
10788
14418
1062
881
5300
12915
1187
3584
2893
720
11589
11336
11363
10756
5067
3746
7397
11806
3646
12490
9271
12890
8125
6189
2856
358
15085
5093
6658
1456
14664
13843
13917
13837
8402
8357
8245
5336
3592
14423
14805
9519
3774
2911
8083
13361
2821
6988
6795
7497
840
5039
10212
4718
9411
5829
9693
9192
8339
7838
8504
13176
12598
4609
5540
639
13041
9965
1378
91
12553
5128
1307
12051
13379
13339
10979
5182
15100
9969
5214
183
1123
702
3290
10416
2055
13673
3875
8868
12343
5073
11475
12377
13303
1588
7311
8873
8566
3310
10671
12353
11707
9165
4734
6638
8358
13482
3636
10199
4051
6698
13412
748
2526
3853
12411
9562
284
3627
9800
2445
1498
6648
14621
10743
12731
1459
6998
1326
9533
2167
10914
636
13548
9943
12911
2518
13542
4370
9033
3145
1115
13211
2605
14832
5763
4505
6501
3518
3553
11699
2992
5307
12518
5100
11417
3945
8148
9933
11972
37
9668
10084
8923
3037
2077
102
6417
8160
5316
9124
6540
6409
3425
445
10676
4084
11344
8638
15061
6687
12034
6522
1116
14394
11562
907
12542
13056
11276
11552
12233
13662
14612
6552
2761
13014
13704
11971
1519
5111
5523
12026
13945
14403
15198
12221
15013
6300
222
6718
14225
11081
4803
1966
8388
5767
7689
10600
3184
1279
11355
2022
45
910
1018
12744
9099
1202
4666
4931
5399
6921
11195
14180
13284
6178
3438
303
12454
1228
4454
10424
9905
454
4476
12923
2908
13957
3878
5026
2159
10638
8517
8026
5999
6792
14864
9160
12220
13053
3731
12876
3542
14278
6636
13168
7956
677
5390
15234
2425
1545
10659
8488
14437
1023
934
13741
7933
3591
561
3128
7123
12287
11029
1589
6406
4073
5343
10780
8510
428
9083
7407
6706
10994
5887
10546
5371
11548
13256
1454
11322
4735
1208
7177
14869
8672
10472
2869
6653
4771
15819
5635
9643
7244
9785
9266
7507
14320
3761
12082
4142
8884
9341
12757
1812
13519
956
5892
1788
11751
7863
2026
3831
5499
2386
10964
11744
11492
8435
17
6913
9096
12135
2157
12995
10365
10648
3886
4056
7466
11196
8398
9707
4013
411
14396
11488
9259
3182
4568
5908
6494
3679
9449
15095
11605
7529
10817
13149
10953
14689
12639
6121
6832
7129
15034
11755
15187
3939
8382
8318
14467
3387
240
10266
13903
13649
2804
12721
10752
524
11607
7911
11565
1255
10181
15463
7025
10331
1516
2376
5467
2531
7857
9988
4072
4778
1986
11615
7983
4701
12907
15131
12021
1243
11284
1818
12981
2389
13811
14906
5282
10210
4539
1726
3451
14048
3025
8822
1919
10686
1156
2294
8870
7015
7767
253
6496
2272
9748
10110
12875
7604
12166
825
6218
4671
10087
13598
10311
7822
9787
15224
14806
14079
6013
5454
1999
11915
11077
13479
12285
4421
12997
1756
8303
11217
2701
9386
2434
14104
10512
10019
10563
8291
11471
8600
13861
1151
14809
7966
442
1147
6148
2966
12011
11704
2999
11229
2595
11271
13700
7204
13783
13594
6849
14316
2124
2414
14151
7686
3111
12686
12973
15170
5075
4603
12349
3361
202
7619
15410
10620
12243
5710
13094
13308
5882
13424
5086
210
12246
568
15677
10865
14722
64
1830
6981
5033
10332
9219
8394
9927
1662
9196
3520
787
988
4822
2722
13181
11551
4637
11309
1135
405
11678
14096
1102
14988
12676
15890
13414
11149
5588
9323
6177
7659
4470
13800
10262
4456
899
10748
4440
6771
13547
12627
4149
8393
7919
8244
2674
3824
7740
2667
3754
7404
12755
10092
10854
6883
11498
10450
4418
2256
12867
13169
13422
12322
228
14767
4874
12830
3479
134
7287
11788
5991
15127
5481
10804
11450
3752
14954
2989
13171
867
13338
10991
779
1136
1924
13180
11527
8043
6022
857
13451
12837
6729
13898
9282
10695
14749
13842
5797
9354
3173
8332
14606
11407
11587
1114
5856
456
2080
7578
8619
2593
7972
15180
12037
4630
2464
13852
2110
13247
8468
7664
15167
11063
3576
4611
7992
10040
12136
8713
11265
10292
8800
7149
6844
4758
7438
10055
1236
4057
3632
3881
6383
885
8613
1153
13019
12947
14951
13841
8809
7198
13413
5741
2758
11537
5512
9392
2496
14915
13727
11453
11333
3785
335
1522
7946
1438
6261
10982
2917
11339
3944
3330
14380
7307
196
5169
11452
14667
13263
15068
6276
11999
10388
6508
15139
6412
8661
7234
6066
778
620
3141
9612
6542
14709
6132
11622
14508
12996
7617
5305
11939
14585
7639
14074
6876
1372
11648
9272
5027
2070
3384
11036
8493
13694
14343
7018
10161
9469
10654
5202
7739
9902
13501
5757
10483
8235
4640
14772
10141
8662
11095
7835
13500
1701
3343
10731
5387
12359
1119
1538
3140
3464
14474
877
15116
3496
10984
14686
5557
4166
14653
5447
1238
5401
12817
3635
4396
9118
6818
14481
12962
8925
9799
12456
5599
2161
9999
12126
1951
10484
12312
3003
6215
12331
8349
3801
8193
10706
6139
5773
14914
13934
6045
8289
1840
9027
3071
9264
2708
14339
13197
1435
11531
4047
3437
14090
2427
12944
6878
4938
5624
7780
9934
12991
13637
14245
7030
7250
9493
820
11637
33
10767
14463
8379
3740
10374
12620
10239
7620
11953
2592
14010
377
1343
15164
6776
8371
1415
480
5439
9460
10488
5352
14721
8570
10312
5591
14419
8051
4412
1890
2403
6967
1615
2387
5237
10065
1425
9777
6430
8805
4302
14144
7683
14921
1448
291
14275
6462
6680
1975
5977
10891
9594
2962
9058
1879
1033
3304
11907
9274
13031
5795
8654
3021
807
11113
1764
8621
4510
8527
13285
7362
806
2516
10826
4419
6471
372
8494
1836
14925
9583
10514
8139
2544
3115
9385
12232
5871
329
12474
1285
12918
9241
7088
8198
8531
3162
8461
7370
1795
564
10135
12739
1130
2120
8489
4311
326
4010
9554
2195
6739
8888
15108
4690
852
4795
1832
322
14118
9202
14198
2639
5112
6760
6642
11298
7890
8542
7705
4548
7723
6902
7757
13820
5951
6172
14132
552
2956
7794
1076
4971
11799
8782
14106
2060
3762
1152
1499
2440
83
9898
6604
8361
2713
14083
13682
10056
7335
2203
12714
9770
2767
9634
4886
10678
1736
299
12195
12229
10025
10952
10425
4577
14149
2679
14547
8345
14676
9736
7318
12141
14563
13671
8977
12866
1809
13832
10299
14482
9111
3476
6432
1350
8577
13657
9437
10626
6376
11331
8138
1990
10383
4009
3693
9044
12468
3665
12908
8067
7630
528
7324
3276
2442
2636
11814
8623
12284
9831
12540
2597
12062
8547
3975
3487
1953
7565
7816
12367
11743
11801
18
12812
6069
4059
5084
757
13541
10541
11198
5348
11134
5842
1707
9983
905
1061
9454
11030
1598
13225
433
1536
4998
9661
13551
5563
223
1159
10723
529
15140
1824
6767
9458
7340
10049
10785
7447
2267
2215
5907
13273
3862
5516
7202
2918
3043
6968
6930
5500
9284
12916
3747
11474
12852
4086
8348
3615
3913
14840
2413
11501
11785
11763
14119
162
13113
3949
10241
8643
1672
13967
4641
13467
5087
9938
3967
3861
5460
9303
3594
7105
3692
3563
14944
5850
4944
16000
12854
7792
1552
8128
10608
220
5780
95
2107
11409
10153
5005
14577
7706
4853
13711
15125
120
4297
8582
10304
7347
8856
13897
14903
12634
4782
889
13932
703
13278
1472
6509
3773
4075
9611
13476
11234
158
283
7253
12596
10041
3200
3092
3034
9541
4095
9316
7535
1584
6595
1471
10642
9879
14384
685
14344
9545
13806
7828
4917
1609
14560
12879
5409
6975
12084
12624
11535
8452
6624
55
9951
12043
5163
7475
12417
6141
3953
11366
7248
11873
7896
9599
7496
1676
4816
14227
4309
13212
5440
14016
14713
7830
3167
4900
12575
4282
14111
7716
10888
13706
13980
5426
1040
8439
4896
12185
5853
2293
7657
3805
22
8983
13865
2855
3618
6912
1695
4845
719
3088
9775
5236
12611
2242
12532
7827
4241
13643
4829
12432
14981
13878
13928
917
7642
13128
1439
6580
11625
2783
1531
6268
11238
2580
10529
2724
1280
10343
3744
1468
14991
9890
1950
6143
1083
7868
2040
2942
10510
747
1619
10861
6492
8081
1781
6375
12484
9505
5804
6306
13409
2734
14379
10829
9399
6097
10605
6932
6404
12892
9075
14731
5318
12705
15236
1274
12804
4833
14260
9374
7667
6180
2375
12180
1027
8114
4875
12948
2090
2266
16017
635
15144
11850
2075
13043
8706
12018
13255
14769
12972
1051
6146
11245
14920
6515
9526
10338
14605
8687
8860
13332
13919
3550
14561
3792
7870
13658
12713
7001
13564
9426
11871
4287
15109
6199
13032
978
2190
13297
3207
7831
794
382
4153
2781
8896
2754
12759
5836
10768
12657
2914
11347
4517
1616
397
14974
13277
7634
14701
6573
974
10664
13114
14315
14946
145
4831
2604
3285
6929
7288
11292
13165
5574
212
2096
11026
2912
5065
1490
10534
5983
6303
13799
7343
12059
737
10144
7537
11451
7735
11320
2684
832
7057
113
5304
204
3972
750
11419
14760
11106
5187
7457
12572
4515
7713
11444
3735
11627
7121
14459
12762
4626
7932
7312
7071
4644
4846
7034
14323
1161
14531
12601
2306
7610
14698
4060
13618
9895
8203
3879
14338
9663
15071
5759
4168
9782
4138
12203
114
10317
9808
12171
14352
4531
5213
12680
400
14458
2819
3170
7117
8254
8472
339
9487
12192
12390
8425
2906
15042
2927
6997
6183
10867
15111
7052
3681
6549
5986
9492
3412
13190
6301
10647
9334
9102
8274
243
5949
10872
6561
8340
11268
14597
7781
92
2522
1249
9305
4704
15657
12777
4234
855
8331
6476
2878
2677
12590
11695
5515
14542
5422
4201
5311
3432
14319
6402
7978
2172
3902
10102
12514
9931
8210
2633
3339
13259
4203
10414
11183
6873
5700
11319
10189
12563
9013
9697
3027
9560
11827
12321
12010
7439
1462
13626
2644
10410
10140
11438
8960
15378
8597
13680
4661
3833
3940
9569
1563
15826
6690
3786
1772
13540
13972
11833
11995
14221
10355
3292
12982
5993
7772
4983
11430
6429
308
3888
14449
2177
344
11076
5702
5487
10219
10977
14042
13415
798
8680
14020
14553
6062
7928
6314
3907
8666
8307
14558
11875
1663
11317
4118
9173
5417
9240
13210
15024
11294
10480
1419
6986
11769
9912
5037
4431
8641
11315
13183
198
8965
5777
12685
14927
14070
15172
5975
15132
9756
705
324
168
6408
11212
6768
6750
4442
5595
9682
7283
12533
14309
9335
458
9558
1914
1779
4926
10609
11526
1028
14305
12297
8131
10922
262
50
5024
2303
4607
3568
10307
5294
8351
8266
8917
8335
11310
11628
12681
2655
4585
11179
8455
1882
11547
5017
6617
10517
6577
4222
8908
13012
13274
11617
9330
2643
4338
2858
13724
1077
9248
8795
1742
367
13251
1007
2298
8585
3317
9681
5868
5441
6703
5653
6825
14614
1256
14578
6275
12893
1703
6455
4608
4622
6033
9796
13175
843
10500
13908
3803
11008
2872
10401
13464
8066
7531
10300
4943
3180
6018
4841
3104
1440
3936
12936
11199
4808
5047
5638
8646
13819
1089
9880
7414
10107
3546
2036
10009
4285
2534
6950
14168
4837
4096
6732
203
3004
8772
1847
5410
8803
13121
8668
3466
12521
10379
4617
11405
3617
12980
9340
1032
3883
12290
9391
10327
2787
6445
7258
7051
8945
185
1478
4700
9146
14145
14368
10575
12466
12715
4144
14492
11291
8773
15237
5561
1207
6017
4543
3305
6629
13622
7058
8063
3742
7276
14845
4672
1648
4425
4712
2330
510
4873
10666
4119
11070
7484
13294
8508
12735
6035
2662
2615
9848
13905
8185
2547
14945
9896
12129
11094
11846
7814
9873
7840
12336
1330
11652
14592
4481
3293
4185
11025
2607
11352
8631
7638
2336
13348
7166
6096
12953
2016
13300
8097
10868
2031
3708
7040
11155
5006
13173
4121
7615
5789
2232
7894
6323
3685
4333
8418
4810
10225
10903
2119
10070
9962
438
1507
1093
8050
11496
14103
1009
12265
278
10949
14588
13166
680
4104
6916
13282
2980
4956
12050
3456
5035
6434
12471
14248
11432
6720
1431
82
7869
4769
12729
8178
11824
12342
6351
11274
6011
3233
14196
7812
178
7221
6539
14669
5043
14017
8806
13922
9304
6788
9273
12109
8201
3722
7222
12668
8769
11170
11517
6524
11231
14117
7076
14724
13447
5442
3122
13726
10714
13746
4111
3529
9532
9069
10477
4341
10221
4887
1337
6518
4272
1063
10836
10946
10930
4294
1068
8747
6612
9940
4046
15064
14496
8704
5271
7237
9877
6724
14929
5042
2689
14610
8839
14325
8161
12364
7020
12263
1366
14324
7445
10521
2700
3962
2004
3795
14932
7191
13488
3345
9932
5344
3065
3846
10339
11662
4367
13311
3059
9088
13077
1311
2247
2929
8835
4713
6815
3179
5964
14378
1537
2285
2424
7696
2664
13630
9270
7278
6797
14050
1287
403
4437
3755
6054
6047
13130
13301
10050
9568
8142
10941
5985
4727
3113
10917
8055
4839
14182
2361
6063
13609
9184
167
1042
3924
2468
8826
6616
16074
12261
85
5987
1423
1954
1712
3279
12325
1488
12619
2311
8188
6103
3480
169
12096
4036
5360
12706
4554
8075
13810
1181
197
10568
3598
10030
1363
10459
14452
13036
12465
8988
4485
7512
2728
9257
6828
4619
10726
7309
3768
3581
1441
16106
14152
1618
1272
11889
7021
869
13771
6150
5966
14919
14870
15148
13818
8898
14737
723
10779
1686
10453
3497
8846
2747
2736
10078
1053
4556
5586
7950
10968
6651
4847
29
1056
5249
7069
5201
990
3166
6538
1245
14358
6923
8498
8536
1406
12249
828
13391
9664
1317
2934
10811
2086
8758
13742
8883
13833
14707
7413
8039
5245
6413
8653
7778
11448
8890
2147
3758
8866
1709
3745
14837
12840
9772
11147
13099
1738
9685
9204
6654
10557
10452
15193
15084
3426
8606
10280
1436
749
5742
669
11580
11780
14398
1455
7478
3408
12530
11202
13721
13325
9971
9048
583
6775
536
12785
1691
7701
13492
707
12397
11779
6679
2344
2088
4429
11738
75
759
11354
9657
1905
12670
10250
7401
13048
10380
14757
9511
8659
8667
11724
3558
7217
13229
13610
2707
14922
6115
8481
9199
2499
8466
1188
8438
12556
739
2624
5379
14231
10417
10243
2546
961
13513
10393
1937
12776
11816
10862
11980
5060
3841
3942
9212
12119
7281
7749
12931
4675
6631
3223
5361
13386
13801
10364
15094
9990
2750
14194
1571
2000
6843
12373
2305
6799
14137
8808
664
7543
14716
13503
2218
1546
8471
3222
459
12272
1737
1606
7581
9889
3657
5847
9507
12031
6214
2115
2490
2632
2520
1577
14671
3147
11749
14719
4424
5314
774
10715
6688
8199
2103
3507
8718
9696
5808
3759
12716
733
13203
2207
15203
14913
8477
1791
1005
7387
6892
14596
341
3298
14784
2545
8847
6934
2910
10560
4239
9524
942
12831
8368
12567
11983
6864
3079
9907
13090
5032
10884
6297
2558
14197
3771
3654
1877
14552
7348
2711
13122
7879
5555
5976
4433
8088
4450
12767
4759
3193
14291
12219
10515
3068
8296
15676
5178
14237
9032
3540
1404
3898
13989
938
10139
1074
8929
2101
15977
4126
1567
4574
11934
12513
14639
9648
3577
6223
1506
7876
2454
8557
5238
8224
2769
6378
3410
6836
11853
8220
8159
11230
2408
8674
8546
14101
12350
14073
4512
9317
14411
729
9025
2123
915
5101
15175
14700
5730
8168
7895
12134
2053
7600
3719
11042
6705
15257
1430
5725
12550
11698
6523
4843
2603
13106
1848
1677
6834
10152
9894
14736
13334
3191
12291
9701
6667
679
7536
14217
8059
9742
1787
10729
3673
809
1697
3895
9755
13095
10220
13534
182
2884
2741
12691
2740
8490
12446
13514
3445
12597
8535
11752
8916
7460
9443
13621
6196
12398
12013
9077
6490
5614
4404
1895
4399
2091
359
13439
7871
8816
2656
865
8743
3843
6590
6281
3256
2932
10089
6645
14264
5864
2834
11395
1679
9494
5583
11415
3281
12410
3342
10722
12631
2815
5204
5333
13184
12146
1918
10901
4024
130
9624
2200
15093
11802
3961
7044
12033
11132
10397
11992
6472
14259
6626
11570
146
14584
4723
9769
506
13347
4347
11694
4031
227
1700
4817
5188
7747
8250
7522
13446
10446
5751
6071
8137
10119
4054
4435
13588
6861
2199
11696
7918
11776
1530
5562
10772
14522
13879
4377
15248
5504
14164
3049
12951
6931
8152
7019
7142
3920
6671
13249
14813
9307
2258
2868
2154
7680
14236
9444
5171
15213
4522
10013
474
2187
8728
7157
8904
7715
6117
8084
2752
13038
151
2818
3152
8241
6241
823
9865
3232
3063
6884
1106
5496
10927
8008
6504
4992
14191
14208
8746
1004
7305
434
2549
6810
19
4765
9591
340
12009
6869
13207
1138
9482
9686
5148
13407
8684
6247
10342
628
11841
11691
6008
13463
9198
6092
5846
764
233
4859
13472
3448
13812
8014
12580
5513
7310
6641
611
12019
5885
8214
7916
8269
2277
4676
9550
11840
14065
9806
389
14450
3249
435
13196
7012
5216
14441
1597
7245
8104
2897
10474
2766
9168
1721
13899
8952
1017
11214
14538
6263
6041
2401
3431
3702
659
12726
665
2441
10193
2185
9135
10754
12212
41
7219
4582
14628
6695
7646
10775
10415
1167
5821
13858
10803
7655
11921
4738
13160
14941
769
8788
844
14818
3597
9378
4724
12824
5989
6672
6190
12316
6305
4237
9779
12340
15529
14583
13172
4981
11024
12177
5028
1902
13432
5961
3732
7420
6350
714
15233
13708
14555
2467
11342
4789
5284
8334
12723
13450
13029
3815
2009
6439
11608
8094
1988
14685
5170
5384
30
4216
5508
3784
2063
13738
6357
9580
14181
13487
11845
12811
13111
9992
9595
4954
3171
13260
23
12589
3044
10154
9749
9408
6373
7942
12133
14222
1194
171
710
6266
10387
10549
585
13272
13328
378
10496
7501
8189
16087
6124
3040
7087
6650
1398
1154
7611
9455
7927
9234
14417
14950
1957
9923
12473
2430
1426
11908
10513
9672
1233
1444
7487
12660
11670
11680
15056
51
12662
14859
3690
256
1633
11998
3933
14088
7353
13910
12850
10445
10761
10694
1866
8859
12600
14599
10818
7695
13828
8069
7547
15036
9474
11464
9876
1862
8000
6726
5012
3899
10909
11277
6113
9723
11988
10530
10205
12519
7349
9637
2025
8483
10646
8759
12743
10081
4187
3737
2309
732
3938
763
7843
1586
14990
7360
5694
7072
350
2295
11441
6727
9791
10693
8187
14296
2710
14211
14503
4924
13977
923
7092
14385
13072
5902
14322
72
16011
3696
3817
10178
902
9149
10998
7937
11867
13250
1043
9452
136
3715
9203
11557
976
6326
8372
6946
8578
9404
624
1333
5145
8136
7063
3226
6571
3395
3527
12582
8467
7462
2038
4280
3483
11638
7579
10849
8010
448
4229
7909
1715
9074
8947
3444
5472
7602
14607
5138
6889
1625
1481
14590
8154
3827
6871
15244
12545
789
3038
8894
8011
4579
13603
6398
11387
3263
3757
10896
8048
1029
924
8938
11258
3288
2803
9542
418
3922
14226
10683
8586
7046
12648
5506
11581
11634
5207
10270
7391
14648
6370
4258
2178
2541
10187
5269
13850
5437
7045
13358
1230
123
7192
7093
9721
2439
3386
14453
8519
8767
298
52
14568
10870
4823
9465
11182
4122
5355
12211
14928
8707
11620
471
6574
13849
505
4863
1617
13226
1092
8231
11765
13778
3738
3474
5081
1517
11542
1375
7261
12794
15129
10203
6713
2975
9195
4628
2565
9314
13652
8005
3896
6318
4133
14875
2257
288
3851
6947
9618
11811
3112
6231
11431
3268
13577
6596
1144
8798
1637
897
1342
10800
12280
6010
12270
2647
11982
13022
13521
1014
5458
12740
1504
5543
12650
8261
15097
13901
7186
12942
6211
3987
14122
3032
7580
10655
4536
2808
8386
6824
1420
10269
3820
9840
8181
11579
38
1717
10497
12
7766
10196
11223
12527
5391
9841
8417
13882
10652
2071
4559
10564
14134
10540
422
2188
8247
2027
6766
1936
1886
