6338
1712
105
6285
4936
16230
4978
6681
1165
9927
1092
3576
7992
14475
11252
11319
7920
1072
11526
14440
4702
4940
8541
534
4367
254
774
5854
10973
3113
16580
3281
14544
1176
14864
1126
5270
9531
3727
3498
3723
1512
2834
1776
15560
14936
6079
4917
14086
753
9298
2645
2952
10612
10420
10610
15790
3083
10596
7695
1079
16594
7012
12106
6805
16313
2747
7594
2883
7617
10446
3244
1334
1282
3930
814
11541
6616
481
5174
9578
16519
9528
16794
5481
2389
6318
8240
3288
7051
15055
1117
255
4699
6145
15002
4843
15752
7302
15896
14432
16926
4206
7001
16226
4672
15063
9600
11192
7466
14280
431
8480
9567
7473
582
5372
9749
1577
3503
10688
3018
6513
6763
8425
16413
3566
15554
3735
887
1052
542
8567
4541
6927
16978
10144
7646
16635
9233
1185
969
2710
6692
6653
9705
16335
15604
1335
13308
10719
16311
13951
48
4309
15806
16637
3703
8563
12077
5381
3558
11970
5837
3862
6705
7146
14774
2756
9552
16443
429
5031
5591
14319
9756
3802
7986
13741
4703
16054
9071
6894
1632
145
9312
16962
9628
14965
10714
4799
4997
15861
9444
16855
2445
1272
2504
5977
16337
711
6877
9808
1684
16551
15570
8621
1451
11347
14697
6856
14782
16383
14625
1133
4147
9482
11349
14839
992
9561
15475
9027
1141
11770
4668
2276
723
6088
9467
506
3477
6177
934
8002
7009
3102
1303
17015
8001
7914
11133
437
4087
4774
601
15493
5054
10601
6492
4908
10659
15736
16667
5380
6344
1862
1580
1145
14511
5199
4957
770
10884
14942
15876
9737
1977
1388
9128
6817
9332
14179
9381
9359
7519
4989
7286
9955
3682
6182
11754
9728
16662
889
6181
4396
9363
3067
14891
6029
7546
5543
9998
9461
7465
3047
9846
9613
4331
4927
16686
7572
16385
15151
8869
9514
16694
10433
6185
8374
10711
3442
7520
5143
5432
9862
2076
6141
10434
16477
3312
9681
13750
6031
11737
2222
5203
5992
3908
14988
11274
11600
16730
10872
3822
11723
15340
4424
4717
16184
15379
546
3670
16326
1906
1815
7470
8732
11467
4039
10794
4752
9831
9540
495
7789
6544
16292
2938
11314
14562
6251
2081
11016
2566
10215
15356
14667
2085
4494
218
4793
2383
16671
11072
1464
2628
6603
12012
819
2425
14946
420
7230
3380
1391
7485
6131
4878
175
14144
14820
3968
6915
9148
3589
898
15574
9418
3876
2599
8780
9607
13636
7231
8628
113
14901
10032
5241
6804
15524
4202
7959
4330
15805
6765
1004
15689
14700
14659
9977
936
11023
2326
6506
4792
6124
7963
950
11798
2629
8701
8061
1859
638
9744
747
344
7839
4083
15371
10510
2735
15164
11213
4176
4814
11585
14145
5204
3105
9730
14792
69
3824
3562
11278
11436
9719
3666
10964
4351
7510
15753
473
10929
8090
17008
4227
8615
191
10965
238
7662
10653
9092
14081
6639
4688
9472
4931
16881
11791
1829
784
5814
10141
7708
16934
1174
9175
8223
2037
324
5596
9783
14390
9326
1606
16373
14250
6151
2115
2053
9013
11624
14847
3151
15921
16110
2088
8110
9142
6613
5249
4886
11572
4175
14862
2381
10087
6309
14744
1046
10265
6448
3353
2519
282
16904
14561
10445
1397
1686
9040
13613
10511
6342
1221
4870
1516
8766
15900
5078
12093
14419
1946
3371
11653
2158
14671
8778
7726
1701
274
16591
5124
8249
397
4106
16196
11632
15625
13972
10199
10270
15838
8251
11992
3646
15237
5560
4338
765
207
5504
8814
3383
3872
4129
7645
4656
89
6922
11671
9618
14451
5506
6608
14267
657
15057
10859
3176
9164
9389
10077
6905
15438
16640
11729
9196
5488
16436
8016
1555
155
14457
15830
10417
10484
14980
4199
16097
10103
8076
4292
15088
3394
16526
7324
15629
15175
16440
7250
2850
10920
5869
4754
6772
15410
16004
16745
6074
9825
6301
5377
16384
249
10010
11716
15182
395
10669
9758
1661
9615
9844
8844
3466
5184
614
10852
2493
199
10574
5728
7088
10582
10815
10408
15564
12134
9500
3885
579
3788
1756
11666
9460
16998
8949
7943
11461
4408
5876
14421
1159
419
11905
1075
2922
8177
5115
7148
3039
11540
133
16240
4462
998
172
8212
16234
1970
5394
16718
284
8291
3476
4779
6604
6838
8175
7661
11900
6130
9451
5806
1121
8364
4125
9283
2779
16854
5114
6259
14032
16494
3598
3581
9526
1379
6914
5573
6702
8649
8660
6524
10075
7875
1755
7675
14138
15530
6198
8232
2131
9090
1344
12146
924
8435
5676
10745
11082
990
10761
1226
8800
13895
4266
3971
7607
4798
7637
1830
7224
13874
5864
10578
4895
9368
53
16880
1590
4432
16642
6703
10909
10334
11344
7037
2882
7503
1363
931
4729
339
8202
2013
1666
14968
13482
2619
5846
14026
14929
4366
5283
4741
5134
6511
15977
2768
9121
13987
7439
4215
2273
8642
2942
16868
6592
7866
6054
492
15787
15803
1604
1022
15158
4457
1192
11872
2099
14613
4327
158
13713
2824
7131
5486
4604
16582
275
2590
3825
15046
7010
1593
615
373
15909
13948
411
987
4354
1244
10283
14361
433
10557
3205
15386
14310
3798
10573
16613
2142
9521
5685
10394
2454
132
4689
3923
7643
2404
13957
6374
10249
527
7826
2842
655
13933
2437
6748
798
1929
15980
12157
4641
11025
10076
16470
5502
6250
8315
4056
8225
15939
6820
10635
4605
376
647
15856
4782
3042
830
2308
15836
6098
16067
8996
13338
13763
11397
7524
14539
15669
3991
8316
123
5774
15741
9409
5208
2864
15512
13511
1520
2172
3628
16171
4172
11477
15851
15766
5069
5750
16469
11752
4737
9136
14204
10328
9035
10632
3253
14885
296
2995
16544
7409
11244
11946
8051
3753
9275
1739
11243
10264
16577
1687
1904
8000
6908
3300
7359
16715
16735
16680
4713
16129
15924
6953
15907
5274
6379
4920
7922
10618
10645
14359
15514
12089
6882
16771
15893
4693
6166
15042
15230
7229
10391
1839
12075
2314
4229
8284
2900
14764
9177
2021
902
5493
6475
1761
3409
8968
5710
3674
467
5916
1416
11210
7913
6009
14209
5735
16483
14789
13960
9884
8142
226
15945
10306
4569
6230
9774
16538
14791
3066
2795
8384
9082
6626
15041
7022
1689
7658
15789
15061
7829
14779
6195
6943
3757
3721
6819
13535
10504
8603
4549
6060
583
15426
7794
5612
11795
3046
795
3832
3065
9689
2035
16137
16838
16233
1323
10280
11815
14644
5613
6755
16222
1991
3595
4657
11143
2349
6597
16502
3571
8192
7202
14291
1228
5411
7390
5972
16736
10758
1677
5356
4263
13567
11227
10579
9062
11030
9302
10331
10732
15707
7804
10195
10893
5957
5321
3602
14327
1542
8622
12088
1384
7213
3004
14130
170
4208
554
7710
6785
2979
11548
5108
15874
15120
13893
5058
9661
1903
3255
11606
16879
8806
16959
13513
14760
15353
1754
15169
16948
6764
7280
14466
7965
5281
11165
3303
10550
14913
1529
2812
3054
14447
3643
11169
3122
9902
13962
2618
1098
3029
10611
15716
2408
14336
15963
8307
15119
16296
3536
1628
2247
5282
7630
13749
11983
7778
15053
7942
7651
7404
7944
6715
3548
14091
13863
11824
16589
16261
2336
15223
4816
3208
9050
15137
15829
9400
14481
14198
17005
4271
277
6645
607
7407
14596
14037
2705
11949
7859
260
5697
4525
15338
2174
9217
14604
5263
16049
2221
7851
15240
2118
4489
10860
14989
10178
11529
8008
4275
6595
3250
9339
5118
8565
2600
14115
16756
16814
2260
4010
4380
8356
10592
9836
2275
4635
8986
14125
16211
1216
10756
692
6272
11113
1314
7632
4570
3535
16481
13403
5501
16839
10356
10154
6656
7008
1487
16020
5761
9587
7354
5646
3372
7460
229
10381
15301
526
3069
11508
11725
3841
14746
10170
2412
9533
5665
14356
9131
16728
11753
3213
16568
13719
591
9045
6086
9645
2896
10866
8486
6178
8528
4107
16870
8107
8511
11554
8747
822
10095
331
5260
13831
5477
11451
10252
14872
7728
14973
7981
15968
10491
6388
4200
3229
14627
8089
11503
8518
8995
16531
463
1322
1729
10055
11674
7075
2433
8060
11114
1354
10839
2154
6179
1566
6273
3906
40
9407
8744
15606
7629
2730
13336
10831
12058
5370
8864
15075
4518
11811
1086
15692
1951
11100
8115
14185
2607
11374
12068
15857
2818
15488
11615
12087
10361
11013
3769
15553
11786
2284
11455
11744
15202
10486
8301
14008
14297
1395
9571
14769
3012
9516
10043
14283
7812
4496
10936
1421
2549
1029
2435
16175
5156
2160
2819
14128
9847
10715
3014
7587
10999
1614
11343
3452
2461
15686
2235
7699
8693
3139
10242
689
533
6358
11788
16779
7777
15981
4836
5902
7443
5240
7750
10628
9993
10347
16622
16030
10332
6172
1801
15039
5749
6918
2251
4980
8366
4508
5301
7818
9839
4267
9538
13993
1892
6546
4261
14605
11668
6213
505
14655
8188
4407
8009
4003
16823
7033
5732
5550
2517
10716
8877
1412
14724
303
9701
10047
6719
14810
11574
2957
790
7770
5218
14452
1330
8839
14287
981
5584
14261
2144
7459
9924
17004
5005
16947
3937
10591
2269
340
10363
281
3630
4914
4149
698
9523
16612
15050
5379
6930
14156
15018
3842
15901
13581
1523
8582
10712
16212
2778
10003
413
772
1103
1063
10559
11756
115
9285
544
14207
2341
7640
14305
16084
14516
11066
11159
14950
313
6430
480
5224
989
2991
15418
16716
8735
10516
7664
3759
5986
10181
2333
16140
6574
6139
10553
3774
3211
14233
10682
1836
3637
8817
6236
7451
15782
2278
3733
2876
2124
8808
4933
3807
8094
11945
4658
16807
11933
6136
11678
16952
3390
7392
959
9191
5389
8964
1237
7123
687
4875
7475
14103
2662
9294
7634
95
15914
3
14737
1578
11160
775
10713
9751
6428
4915
1855
4588
4391
7162
4047
10887
9355
751
13947
16911
3277
7370
7380
6786
15780
3282
15365
1061
650
13299
6070
9138
2846
11476
6420
3335
7872
11801
4414
15947
7881
10478
5021
4495
11536
14474
15971
8245
16341
15069
5894
12132
15463
2975
271
11054
15944
14413
11909
14815
8708
6493
5132
14163
4591
13383
3338
7297
11135
15662
16257
6431
2042
17019
5056
1603
3882
3688
8663
5291
14591
16512
10440
8926
3985
10982
9710
6484
5047
5880
829
10726
2487
3873
13332
14545
398
6977
14616
7628
13808
2295
8498
3618
10323
9371
11762
2006
16884
4584
6993
15862
16513
10663
8589
5296
5095
13289
6933
2680
15815
7016
15435
9665
16688
16889
4827
4079
11447
8117
3573
11148
4259
16364
1696
4098
16655
10874
7831
15249
15168
16992
14985
3220
15983
9938
15648
10899
9742
8463
5882
3274
718
5198
8468
10789
16005
5519
9935
7753
329
11893
1854
10022
14951
3887
8645
13886
5863
14502
9532
725
659
5382
177
5190
10590
16661
2376
10210
14096
7569
8872
10846
6452
1489
11130
2386
7749
11673
11231
5939
14433
7785
7694
10567
16122
14563
6184
11584
1373
15507
1420
13925
11318
10911
3899
10956
415
9270
6577
9317
14154
16906
1638
15645
5425
15965
15709
16865
15497
15756
9378
11342
9425
13335
3545
15679
11891
3510
7971
10701
7163
8992
11556
8328
1445
15690
6210
268
7366
13417
15394
5789
13783
9403
14611
7197
4553
5745
6370
9398
14748
2969
10349
6606
3084
13792
14049
10104
11818
14993
1769
5944
15414
5312
11109
7608
10517
9910
11888
8944
13920
3994
1217
1173
15739
4832
16105
3256
8619
10762
2608
3225
1300
9634
3724
9429
8912
1364
8172
9652
10182
2586
6112
13896
16593
3775
4818
11202
15728
236
3384
7393
7410
7365
12072
8193
16191
4461
5771
6062
10423
9323
15551
2204
2285
6148
6659
2264
6470
1890
13773
16245
4213
7035
4019
7814
7206
16113
2506
2197
15136
8267
10665
3844
14463
6694
16543
1143
2895
4028
10515
291
800
9445
6965
8429
1995
6170
16859
9375
10082
11407
4417
2105
2741
9566
1948
5744
4384
10697
7356
4777
15932
10804
15295
10792
2393
2754
3098
7772
6022
6149
9052
16182
14362
12127
14116
6979
1794
161
6902
15090
9454
10241
2429
6829
8173
3167
9781
4310
9948
8277
3921
14258
5570
9879
11384
10692
15918
3163
9065
14498
5692
8152
10400
5043
6762
9195
4015
14620
10039
2423
13767
15218
16816
5762
16432
13881
6724
432
14306
2935
8617
6673
10064
2121
7104
937
3354
3850
15299
2396
16396
4405
2623
5037
2477
5014
16476
7060
13890
3016
14107
4882
1797
7154
16764
15043
8734
13798
16468
2001
3539
14129
16851
3053
9788
4893
15958
2145
10404
15985
183
15440
9541
1501
2012
578
5835
8558
7474
5090
286
10282
7543
9067
6541
5337
6621
729
11499
3081
1341
9127
484
3254
11196
1056
9470
5384
3043
2675
446
9641
8062
6412
102
1885
6267
5517
15526
7220
13857
5678
3455
10823
3638
5672
3552
16056
35
16159
8591
6048
7631
9706
3940
4188
8079
5566
16008
1286
8862
16914
9216
6283
15194
2123
3323
14395
10102
3108
8822
9753
3653
16394
14788
5251
6556
6874
6075
635
11308
327
9099
16903
2058
6952
9995
1435
15030
6183
2343
470
9991
7582
44
15122
14921
10962
16648
15865
14124
5714
833
4544
15481
13806
11063
3150
884
4557
1648
365
6799
2696
14902
8958
8054
5726
14284
15869
2147
13824
5404
9101
1576
8419
1519
11103
3656
7659
10140
1240
7570
574
5474
4581
11228
5461
5018
4141
1284
2150
8602
5314
9169
10307
6707
4961
5856
13908
3118
4478
7255
5130
7511
3683
1757
11589
10482
14324
10551
4131
24
10300
11140
6468
15887
2497
11375
8593
14509
5568
13626
9419
3920
9347
9057
4365
8868
832
5817
16725
960
9951
8213
4418
16170
10370
16993
4767
8731
5913
713
12130
322
3415
14033
6071
8733
11033
2974
3745
4676
11380
9303
9815
3951
6788
7492
121
14149
3032
1536
8510
8881
11789
10997
3516
8283
11470
14614
16747
15226
11748
14223
10276
2782
16238
1473
2946
16475
7079
16573
12114
3417
262
6207
6945
6814
8227
16265
2828
1162
9197
13711
5897
704
9178
16521
6499
13552
16204
9501
7358
11404
9440
1844
1472
6306
5716
16283
16075
16360
1440
9569
1110
2019
16883
7552
8962
5654
11735
3704
3781
14733
343
7441
10957
6964
7047
15388
2459
11517
4340
1954
16674
6948
4434
1188
12153
7017
4911
8823
8683
11997
4325
7711
14867
8555
4061
3159
10548
10100
5991
4592
6596
7504
5452
4648
9010
10406
3270
11327
4869
1243
3880
427
13810
4907
2953
14937
15993
10203
744
3493
6682
241
8625
13882
7116
16164
4001
5792
2537
237
2126
16427
1418
4465
4519
6345
15236
5984
5699
4005
9826
10829
3058
2060
14964
11273
9038
12028
15682
9450
7843
10546
15566
3823
439
5720
5468
10105
14931
3907
14398
16314
1248
3875
13758
6089
7458
15143
2921
3835
4692
3190
9488
4783
8773
6019
15458
1295
7497
9610
14818
7185
4892
6644
15345
2440
4348
6593
10476
7691
16372
16492
3927
10326
3957
6888
12090
10285
846
3168
8588
15694
1912
1356
15066
14930
16144
7563
14350
8598
7878
6917
2584
4443
6194
15311
7969
7653
8764
10305
6516
1817
9
10521
55
16844
5353
2931
1513
7530
5140
10113
16624
8311
1957
9206
1458
563
1571
17022
3463
6362
622
10634
10353
2777
8402
8777
15185
1408
3197
15337
690
2572
10667
611
3635
16733
13819
15346
16131
6407
15811
2107
14393
9834
7727
15540
11125
181
9235
7813
2447
4247
10244
14874
2280
9762
13752
6701
15594
159
6625
1812
1919
9857
10295
7311
3519
5060
16331
1875
16796
13568
2137
16429
3810
16749
3553
1823
9778
2822
16595
14698
9226
16866
3504
4212
10912
3045
15324
9199
14317
15397
1681
1845
8724
17009
5214
6299
11985
9711
17024
1594
9221
11566
1922
83
10621
663
13510
13796
2373
3030
3432
9726
4516
8408
6806
10748
2293
2666
9229
15450
5107
2926
4677
1799
10706
12100
5482
3868
3958
14005
11840
16527
1238
8063
16210
11885
864
15375
1891
11614
3210
1833
895
13768
8469
140
3414
11097
11696
717
2983
2481
82
16843
2613
696
1474
3858
15037
7869
6225
16272
13301
9821
231
13583
6199
15578
1537
11020
11569
7327
14281
1080
1552
3202
412
4619
336
10200
4998
16125
5660
16960
1449
13696
14643
6364
2046
3294
9734
4651
15424
164
15946
7824
1269
370
8235
3302
7500
13743
11745
11229
8821
216
9721
10469
13918
14333
8174
8120
5575
2051
2950
76
5872
15743
14520
14907
8387
9739
9431
11076
1051
3531
7996
13564
15884
10447
1758
1554
14703
3976
14564
14599
16620
11198
13627
1040
2907
10906
14368
2918
7020
2738
13912
8894
1304
16345
11251
10201
14612
10932
10609
4065
947
1510
5258
14400
4155
15327
8890
1211
645
14484
1915
4809
8319
2525
3706
16964
1742
7454
14624
6990
2704
11393
3071
2954
1916
7070
1191
11367
4007
6988
935
3513
3275
5035
4203
16205
3180
5422
13865
8690
16813
10931
15910
13777
10202
4324
7621
16252
1255
3671
15844
15071
8127
15533
4231
6827
1219
16986
4392
11280
6061
6144
10775
9575
5346
4808
8570
2866
15646
13754
8697
14162
16788
6792
15799
7912
874
15814
16306
14716
10507
7249
792
8756
1822
4879
9647
10838
9889
6335
6753
14935
2905
1184
11045
2880
7192
8032
11015
4536
2966
5393
15961
15875
18
4157
14751
16676
8187
1062
3450
10951
16912
15474
3314
10137
11731
2981
5138
13992
769
3097
2568
14694
4402
2156
2772
1068
10120
6218
4332
5126
6612
10024
15816
15726
9003
6875
8581
2184
5345
12151
5523
9543
9184
9770
710
5272
4946
8916
7561
5449
5023
5838
179
5200
5419
2353
2534
8665
11855
16250
3000
10538
3530
5465
16012
8003
12063
7252
6376
7796
13837
7021
4786
8577
14031
15509
2594
14799
15724
9155
16293
4727
3490
2997
7900
16117
778
10647
3386
8849
15637
6818
176
14682
14288
2008
5410
2064
9851
10780
4416
3177
1659
14409
3367
12066
7065
9784
11139
15147
16987
16247
7412
3626
15106
350
8583
6900
10046
5569
7299
1952
7876
11950
14275
1700
15116
14360
16453
6839
496
7024
5751
8833
9912
11915
2182
10304
3318
3780
3162
3298
9047
1461
9480
8166
8709
13867
14249
3475
12019
3411
11216
10784
8465
10336
7565
6004
4972
1719
3070
5092
3926
2301
2986
15145
1015
1036
288
11052
16016
15146
8360
8247
15665
2612
10153
14495
16787
763
7464
676
10684
15361
3797
3935
8901
7667
14958
138
5348
1099
20
491
13827
474
1076
6386
2838
14100
14464
15381
1858
7200
10026
6521
15022
2218
5602
2693
548
6870
8272
3003
1078
8631
6427
5965
11194
14025
2929
6505
6241
4481
11059
14772
4483
1994
11232
10412
10176
11912
10721
7939
5797
3075
5777
33
16363
10895
11684
3522
1340
15464
14196
9881
2202
2910
14285
1543
16529
3617
16047
3657
7907
9438
10074
9956
4772
1398
1939
14041
8871
5594
2719
477
15807
2591
3330
5964
3115
13889
14152
5666
838
14351
5978
3736
2872
10383
5836
6668
6215
7999
4738
6300
7679
8199
10190
4074
1740
6077
15227
4169
8135
2009
6152
13842
14042
2840
51
10150
10577
16077
9483
6563
8857
14817
1157
16663
3222
14771
7134
14785
3088
4603
14035
11089
2128
15467
11445
8010
5653
11619
11631
3266
4012
7483
4784
1691
4273
13685
10908
8372
755
1153
16944
16872
10340
9957
1697
1716
5531
4565
1753
7471
10537
11784
452
7734
6850
10826
3918
7399
1667
16478
1968
9246
8453
10259
1745
10821
14899
1708
12116
16377
9137
9289
5210
4066
10677
10131
14532
4851
13428
17012
4503
11903
14483
14777
976
14153
16083
16683
459
5748
9382
1589
16649
11416
16449
9161
5895
15804
513
1649
2427
4501
15950
9435
11145
948
13815
632
16254
8668
15363
14226
890
11495
4750
14606
8460
3449
7157
13825
13384
11636
4959
8891
1239
4160
15754
5030
9348
9002
5801
15616
2632
5177
11222
10564
4182
5237
14555
5925
7219
2766
1470
7737
9612
2857
9891
6073
14029
1652
1675
5456
14274
2360
10729
3764
10239
4204
7188
8533
3313
7574
3795
14425
7534
3484
5934
4352
15722
899
14462
6234
10595
14064
1208
8252
16425
11046
259
7685
16555
6610
11994
6789
16928
169
1848
8760
2098
9775
6565
16778
345
15713
1821
15729
16179
1112
16199
2166
4023
10733
14711
14801
8427
878
14669
6985
8836
16346
14034
15934
461
14914
6393
16852
8730
257
15264
15596
8158
939
7259
4661
10751
3358
2162
2234
7049
7678
671
9588
14829
908
9506
10702
4694
8106
14961
4923
9358
16287
6749
9485
10603
903
2813
9037
15917
10390
6114
13923
1309
7133
750
14
8946
6733
7925
1026
5361
8059
4650
7087
10065
14294
8473
17020
13250
1641
16514
11894
7930
7853
2155
2746
3218
8853
472
15259
8347
6853
10494
16209
8714
5561
3949
13606
14731
8183
3034
16433
4159
9926
13995
10041
6017
1894
5719
9356
14680
5647
15269
5423
7698
6202
8144
7848
5053
4687
8424
15231
910
14453
6884
9923
14712
14110
12044
99
16228
14290
10293
4621
6322
3307
3828
16578
13847
5016
7045
7436
5013
2868
9102
9168
10840
5374
3240
8084
10119
3194
2775
15167
5015
5798
2254
5166
16810
15343
8606
14469
816
13906
1177
14151
4803
8957
6540
10919
5637
9517
15683
15032
14548
4223
13225
8596
6628
15135
266
5623
8624
11345
7078
1715
9785
124
7194
3438
14406
10121
10747
16754
10216
2480
7597
5948
16428
14870
14848
15427
6708
14970
5007
8045
5636
13897
15521
9597
6391
7411
4547
15293
16584
6021
16388
4211
3651
7317
1807
10454
13771
15204
11787
7247
2239
8609
8997
10686
6406
16362
2787
6235
9806
4504
16989
2783
12056
13841
1750
4146
3549
8497
7688
10146
11831
5840
560
15241
15775
14683
2049
7894
5145
2658
3717
4108
6924
2652
9439
1038
15430
6065
4839
265
3853
49
14758
2476
9318
3437
14438
16160
3187
4436
2597
6201
2911
15395
10671
3878
11612
11734
6615
2069
15352
1698
4986
136
15658
8750
10413
5101
2671
1054
5285
1856
1987
10330
16535
11028
11077
8329
4902
9537
8098
4421
10770
3138
8078
1499
15376
14257
10561
581
16515
9109
5205
1889
762
2553
8896
15222
6317
10278
7401
7891
1985
7310
14173
8169
4000
6816
13245
577
7788
3843
10068
15254
4193
815
1618
11363
8604
3673
1087
8717
2808
2514
7353
6046
15798
16641
8677
5842
16107
16435
10967
15447
14762
2683
1902
16248
15334
8484
17018
9133
2767
15326
5843
16980
6465
7150
2967
6655
1881
13961
5669
2399
4171
5815
5874
15154
4136
6535
8738
679
3787
16707
149
15067
6455
6998
5159
11112
4168
14172
15024
9693
14582
6769
4644
3515
16488
16830
3884
3099
7151
7720
1467
1967
6886
2421
16702
13549
4507
8521
15265
8587
15834
4854
3889
10814
17017
5165
16522
7109
16490
15600
4885
8768
4938
8036
16678
11081
3507
7165
1139
9182
1315
6383
3145
3448
11804
9380
11127
13790
5877
10053
1827
10679
13982
3063
2686
10844
2498
9081
7612
6974
10871
2548
10109
8812
7707
9574
9185
10801
2916
16190
2082
15115
7278
7336
10968
4922
4681
9018
8030
5355
5366
16583
15608
8897
9327
5173
6303
2764
11161
9263
12018
10169
16693
1868
15650
15387
8053
1814
1338
15957
964
8019
10769
5160
4148
4579
10211
157
524
9713
682
11136
14977
5096
4776
14099
11424
1267
2765
4815
16281
8646
5629
11405
4201
10251
3426
10569
665
16877
10233
15272
13821
7348
2068
1160
8489
14890
13990
5062
9908
11264
10063
4542
15591
3962
4394
9777
8941
359
16109
15360
91
6460
6434
16255
1431
6415
9103
16268
10147
15858
8987
9892
15244
7315
10525
4390
8033
8787
6270
7307
882
10500
16759
15795
2932
16644
1007
5828
10524
1763
3080
14358
4960
9447
3722
4053
3165
13797
4572
497
4409
14981
14718
10835
7665
4707
9159
3147
14062
7615
1752
6935
4183
15966
1972
9606
16614
6119
10698
13755
3938
4031
15012
7094
7819
1290
8652
8139
5064
15744
9089
15025
8648
6986
7968
4924
9867
8889
11553
5246
16704
14158
94
3419
6466
14662
16602
14282
16093
5691
305
15676
8373
8810
9805
16970
11816
1925
14670
6697
8636
6385
7406
483
10986
4930
14809
15926
14315
9140
3127
15494
8221
5556
67
7556
2080
8711
15573
9987
10288
14574
8925
225
5479
10522
11088
16208
1581
11008
2023
13676
984
8740
1780
15152
6494
9401
5651
8310
1113
16060
1034
11390
6667
7355
5242
14302
4374
5081
14411
7425
8837
6605
672
4673
14365
13931
222
2132
3611
1045
4759
8906
163
200
13780
16161
10676
4597
785
6132
6165
7892
7763
2859
16371
10954
1193
4181
2305
147
7372
15060
4163
15336
16111
16406
10303
5176
13732
8091
8611
6451
3593
6677
1048
8352
1558
6113
54
10174
5232
14558
9224
15297
10781
11730
16467
5046
14986
8728
13751
16033
3647
16981
6547
13855
10362
11598
8804
9861
15999
1277
14652
536
6671
8132
5621
8985
3993
4850
7482
15852
6425
13911
9449
14708
3641
110
8167
1803
10399
573
14893
6401
2331
10123
16270
9794
7291
14003
1945
14551
11108
4787
5079
13789
2472
8362
15563
7909
9306
15416
3164
11845
3472
5391
11775
13814
14028
9823
5330
9030
9760
13885
8952
12071
1478
10325
9166
5681
7253
11768
1876
5277
3897
5305
10640
16310
15235
2924
2237
4006
16596
10463
10730
3752
14166
2829
5025
6830
2644
16831
8988
9112
2570
14805
6706
14052
3654
13315
12041
3237
12062
14189
6100
2977
11527
7271
5690
13358
15083
1679
15755
11710
7523
15654
10427
2214
2365
15058
12166
5649
15368
8231
7081
15195
14690
7285
3813
6129
1198
1259
4634
1480
6076
5684
11056
6778
8798
6589
7966
9122
3126
3271
3434
15940
3020
6588
447
11095
9331
10160
4270
14235
955
4042
4543
15764
13802
10297
6443
7910
9590
8441
14381
13932
3744
5537
5833
4318
3057
1100
9051
13759
14231
3541
14925
2374
7806
11852
5700
7559
14689
6529
1642
705
9639
8873
2902
11914
15802
13878
12125
16460
16712
9676
8459
6411
6704
6109
11131
7596
15656
16658
7624
8794
15354
2014
15635
9822
7296
7494
3469
9763
11501
16180
4585
11427
15715
11058
14998
9274
10873
1291
4095
3174
6328
1186
6885
10843
6862
16130
1621
2258
11663
8496
860
16845
3456
4941
14006
1899
8450
6311
13919
4887
9319
10372
15405
14573
6906
8313
2169
15891
61
6331
980
4218
2569
14334
11587
8859
5516
7034
3650
5858
16918
933
5041
1059
15853
16776
3970
11492
5788
9314
253
10016
14798
7781
10662
8238
2867
8207
2245
13854
11400
7509
14650
8914
8111
9953
15703
3660
16558
15749
1298
4992
8718
15107
2401
6361
1813
766
3377
5426
14963
2965
14648
15171
10646
5485
8633
11301
9218
9947
16587
4423
9545
8278
16322
96
649
839
10619
1672
1694
6462
14184
10558
16917
9651
3766
7758
10185
8776
5943
4623
8532
11732
10709
9573
9421
1167
510
879
13964
13950
16705
16380
10421
7805
15517
5344
9901
8210
9798
8578
6410
3620
11262
8830
3614
221
5911
5752
11366
462
2048
4186
1851
5912
6349
16185
7537
3648
8309
1713
1662
2100
7204
2843
16395
7564
7019
9341
9813
15652
11256
6290
965
7733
2474
1568
16956
8295
3146
968
2714
3295
11432
16731
9911
4963
7858
8179
15677
6744
5933
6684
14504
9203
7823
8018
9448
14377
15772
8994
4319
6584
13327
6552
3346
9016
3324
7840
15321
1390
3895
15105
10031
9243
5252
4485
5323
2901
9238
2937
2052
11050
584
4745
11115
8481
7266
8323
11156
3629
9489
13851
5539
4990
1810
10644
9446
9464
15207
70
3112
1809
3407
12137
15794
10724
7215
8069
7854
3214
11790
10081
13779
8984
15610
9351
5201
14170
8599
2352
8704
13392
824
2958
14592
3821
564
2073
4640
5318
2530
232
189
1553
4600
5871
399
1969
4712
13440
10277
3311
7244
880
6180
10581
11551
7367
7076
6176
1381
14023
11573
16136
9792
4762
316
11682
7201
7940
16133
2327
9971
10058
16200
3130
5313
11154
15701
13174
1999
8383
8655
11454
1960
4497
5546
3308
1710
10878
11418
13880
3980
14193
5551
2753
3031
3995
10916
5196
9150
1722
5892
10414
4628
15631
13760
15801
2025
15641
68
8673
6039
5634
12158
4404
1008
14543
2524
16320
7657
5363
9288
6831
15897
9529
15225
240
2521
13999
9827
2635
11641
6099
8269
14908
4939
12015
15680
8409
192
597
8643
4337
15956
8931
13667
1490
8507
7541
9965
15840
14640
12162
5405
15455
2912
9801
6992
523
4709
17
10
8907
0
7262
15312
10070
10158
14594
2802
15575
14397
6949
2236
13866
3860
14507
6523
13273
7654
14675
14549
1254
699
3257
2078
3368
5364
15508
2550
6357
16045
12033
16557
2243
1247
3144
5831
14439
13788
86
1518
570
3155
15421
9462
2074
16354
11858
15404
680
4260
9120
7577
14211
6480
6487
4706
1747
11164
9558
15419
15672
13996
8917
16297
2031
8487
3092
9023
13884
3037
4636
16026
6780
7600
8545
9457
6559
8641
9248
6206
8972
8612
1135
9509
8458
11695
10865
5971
10151
10642
4145
16352
3857
2208
1665
4944
5244
2419
856
9349
8662
11237
15668
15920
8411
16710
11270
7330
15976
15925
5065
16323
7724
10955
10189
4398
16817
15004
3816
2029
3149
1279
10371
16953
11234
6534
16046
16930
2660
10693
14765
16263
15620
4739
1460
2178
876
10930
2265
12118
16775
10765
9620
10479
16601
617
15266
8013
3157
16050
8918
7731
8342
7715
3348
16698
7207
15380
10299
5746
3529
297
2626
4103
16021
15215
2740
8585
386
15624
10656
14796
10833
8841
1835
7927
10543
4995
7326
9841
14837
13690
9893
6115
7614
11426
9048
6871
15364
5347
8259
14550
13279
4558
8998
10675
11699
14016
2736
2230
10117
10384
5265
1961
2721
8241
8168
9292
16444
3322
10163
9443
10130
10777
972
188
17010
8595
7129
10050
1569
15843
2659
6898
6837
14448
4249
1923
14312
15821
5438
9563
6587
10944
14895
16299
14437
150
14430
7423
8456
2627
15166
1731
15812
974
1896
8320
8785
10519
2200
4034
7656
7111
2501
7576
6987
1406
16565
14123
6889
7946
7609
7174
15478
14664
12037
14352
5136
1651
15636
14058
449
6750
56
3100
678
5310
14676
1447
11019
7580
7825
8430
9603
3708
5104
14355
10407
15930
15049
16389
3737
11750
1151
2342
11462
6133
5688
3770
11647
5990
6498
14754
14375
315
3175
14674
14696
3435
7505
10885
10924
9510
9053
7837
289
8162
15898
13756
7975
4114
4862
9791
11422
15095
5383
5926
1039
14232
7865
13963
4866
15678
4894
2217
5335
7086
11102
6245
9242
5396
15595
16348
16799
5625
5520
3351
4022
16936
2941
4321
4996
11060
3228
9853
15453
10179
1816
975
8967
14778
10378
9479
11285
14082
14880
14396
3512
6627
4257
16282
509
16534
2760
6991
3961
6050
2116
15160
14967
7264
16099
7529
7578
2228
904
4974
8228
347
15408
5830
2771
5905
6867
14846
4865
7181
5947
14240
11622
2015
16070
15302
6845
9478
16441
9919
7422
460
10327
8265
11513
1579
13375
10007
1535
2769
7228
16909
5116
6693
4135
1704
8349
1765
4123
11820
14841
3978
2455
3645
13734
14208
6439
9491
922
14264
9427
2510
8350
1560
8229
6034
7122
8854
3160
14357
7420
13966
9237
13775
8902
11111
4446
4912
3987
5622
1930
9871
5235
1741
16277
4355
15617
16670
442
6771
264
7627
6879
11925
15621
14002
6810
8666
6105
2620
6445
14092
13971
16328
11353
9609
6802
3242
781
9353
571
9605
7898
15987
4633
15308
16451
9156
4652
294
16082
9098
3969
9820
4976
7560
6189
8632
4059
4840
3782
2002
8436
10661
562
6620
896
15234
16152
1533
8297
14802
2059
15176
7993
7058
6975
10655
8071
3445
10613
3814
6740
2774
5395
2811
4411
5106
7766
10029
11075
4807
16789
2773
10900
3184
3550
16357
7405
4033
9070
4823
6768
9468
16746
10018
16104
4112
16848
47
4475
13930
8044
4491
2676
10554
5341
6549
7069
244
4024
14766
7879
15189
3304
16419
9397
1910
10696
6346
11307
335
10245
9426
2364
4441
3509
7960
6246
4305
15170
8712
9135
2266
2303
3444
10066
6560
9611
4207
9716
15773
7446
8312
10759
8412
4630
7396
16891
15842
2624
8842
6711
14104
9962
2712
14472
11409
16537
10107
7911
88
14379
10069
1759
5369
212
7179
10187
5472
10868
4362
5811
15738
11094
16353
16168
6747
997
4026
7956
6137
2257
210
13949
3583
11176
13858
10791
3511
10984
15148
15989
16069
9012
5908
16340
6294
15162
6103
4645
2810
9220
9387
6296
9157
7896
16053
8982
11833
4791
6825
16864
16549
2379
16719
287
14298
4052
16631
16809
4844
2927
1301
4369
3022
11582
7738
9201
10067
14557
777
1834
13735
11452
10313
16480
835
10549
4244
14316
3048
7783
14576
3839
3716
9213
16213
8874
11378
7887
7722
1371
9983
11594
10206
10054
7985
11087
9029
2168
8476
5061
2513
7322
11185
5915
6781
6695
4751
6643
5741
4909
7551
4422
1204
8564
15855
8300
16968
16590
9869
14394
9433
5898
11560
9931
2678
8068
10897
9727
9542
2351
13800
708
7071
5791
457
11866
4036
5530
15005
1327
1028
8357
16359
8029
14768
8880
5191
10584
15970
2545
6848
2502
11329
977
16446
2394
5123
8818
2576
5489
7901
14547
6104
10451
14412
7517
1372
4834
13738
7223
6842
841
9291
6522
15742
6732
1233
4680
5080
14621
11083
14203
15839
9845
11962
6279
1111
5414
13826
7068
14653
5225
1453
633
5297
4577
2139
4763
14916
12029
12133
6247
9496
5503
9903
16684
3494
16087
2321
11842
10822
7593
9068
4071
3905
9773
16751
9225
9372
3119
13193
13757
16450
9723
8116
418
11708
13489
14343
2690
2518
9655
4527
10753
8848
10438
11771
16931
7947
3939
14706
7849
14159
2875
11646
10972
4102
9026
15310
13991
6350
6377
2141
1093
945
13488
5276
11421
12098
3928
5819
7184
8170
4143
7281
7588
8983
7305
3199
16273
13729
5532
7743
4283
9154
1146
4537
14102
9646
15294
16
9320
8275
15300
14915
4643
10607
3812
7083
14709
3135
14410
7542
11235
911
1831
5339
10409
16155
4847
15785
2598
10079
1601
9855
949
9502
15705
16387
6727
14568
448
11219
7652
14391
186
13657
6381
13728
3988
15082
10435
5597
8824
2209
14823
16742
5805
15664
541
16324
3026
12135
4480
15710
722
16156
5327
555
6956
10880
14882
8686
6661
7874
11532
10622
11758
9549
9115
6096
15750
12069
10572
14456
3440
9748
5553
3360
494
1620
3663
4856
3964
9413
3062
11724
168
15323
7437
7573
11065
4848
1114
4350
7416
14191
14255
2414
1850
7064
6090
13503
8522
15727
16145
15953
353
14112
16581
5511
5233
8400
15157
8133
14714
15278
8702
14182
10998
3870
6101
7455
4855
14236
7905
4838
6220
2334
10357
9008
1362
15873
9852
5373
8354
7890
3725
7160
34
9337
3836
8314
11930
9021
9236
7491
2192
5821
14227
2442
1707
9492
6224
5648
6094
2523
6835
14715
4029
4393
5987
5406
9009
4038
14407
1144
2647
14084
4614
627
5293
6983
14943
9313
11979
9295
2490
15399
15556
883
3121
11681
14512
5443
202
9740
10862
6938
6254
3684
1688
15111
10461
4660
8544
2968
9455
6736
6369
2335
7636
8080
8657
15634
382
14730
2143
8537
8191
3533
15622
2807
16305
8796
16619
3560
5008
1825
2426
1155
2879
16009
6042
7147
16195
6921
4993
3778
1345
4821
10492
14183
7237
5440
1083
16134
3912
7952
4357
9367
6157
5713
5139
946
3251
3186
4888
1724
9664
11051
1355
9679
6591
1131
9731
5299
16458
16080
15212
9232
10385
2104
10023
14851
1837
2173
2823
1644
11561
6026
921
5900
6734
410
14736
2470
8113
4016
16382
3874
6678
10048
318
5052
4720
5365
5269
4382
15288
5111
5236
6324
162
14239
3700
10393
16057
1597
4291
14875
6696
11032
13929
10419
758
1515
10135
8878
10717
14308
6320
11645
16308
9668
7958
3010
11290
9547
1206
16015
2294
10539
2473
4419
3616
15485
14631
7394
7100
1718
1749
15552
16785
11689
8273
1437
14570
4210
9688
5352
5969
9584
14739
1556
4906
4328
5331
2917
3852
7320
17007
15527
2322
3201
5755
783
7349
8520
10122
4329
7951
10938
14910
15183
2199
10883
14401
15029
14027
2110
5528
7095
11839
15994
3347
11306
1627
1787
3864
595
8073
9800
3945
16066
16085
5708
11123
15655
11434
11986
547
1441
16303
3193
13766
7493
4174
11121
13997
1869
14429
3601
12099
11755
8222
2189
180
2587
9863
15303
5928
2422
3792
1949
8196
4595
1587
13502
9824
16509
5759
14118
9370
3085
9124
2532
10193
10808
10314
12126
900
2026
11549
2653
1434
15198
43
5195
14458
10604
16157
14238
16059
3356
4463
3623
6754
3789
7673
7283
2801
15791
10966
4302
9453
14515
14024
6685
9028
10261
1222
14619
10947
3901
14677
360
15725
13934
7586
3076
14363
10042
749
3128
802
1658
3152
10013
1870
74
8742
4313
11070
3861
5024
11305
13727
9305
15369
14278
942
4456
7193
5480
15511
6676
16738
16315
3941
15818
15765
8237
242
7884
320
15643
2893
7904
5754
9833
10247
7668
8543
3975
8483
1326
6387
9503
16924
4594
7982
8214
4685
14628
10725
9536
5148
1878
5787
14321
2057
4363
405
14521
807
174
8256
3259
15462
1353
16039
1522
6281
4889
10225
10279
1634
372
9149
3561
5011
3547
9672
2682
10678
9782
4381
6018
913
1073
1044
14176
6295
2468
15623
12107
1070
358
6576
7639
4058
7736
9714
15091
1778
1433
14405
5859
2951
2781
658
14384
2702
1521
10922
14213
5861
8211
1170
2583
4910
11464
130
3758
2697
16803
10849
1457
15518
587
7484
8304
14634
15284
1285
11348
9297
10287
1256
8118
11525
15919
1283
14021
9147
2815
2706
6020
1463
1989
14218
8568
3528
16471
17014
4765
2956
1736
4831
4691
928
5718
8377
3525
11279
3767
10624
10547
1081
10036
7962
9974
13956
4598
8681
14346
14303
14366
2216
334
8919
11287
10948
4983
8825
10996
15452
11942
9374
7303
14186
14300
5071
16484
5661
16365
7062
2176
1693
15221
10373
7168
4427
15020
8150
4050
5781
15661
5412
558
4121
4017
8856
9576
14822
10830
6967
779
4375
3855
7978
5823
1377
15567
5743
11898
8407
11443
12102
5146
15465
5168
1471
2544
9097
3606
4610
4999
7273
556
8671
14071
16919
4515
4697
4370
4833
2633
14948
7767
15305
10566
1297
9187
1849
10263
5887
13852
8678
7440
1584
8939
9494
1721
16135
14560
2963
2043
16518
551
15273
4225
11240
10093
6575
364
10472
7449
5402
6619
9329
2232
13828
16505
227
16224
8474
3762
14519
2908
15774
11177
7827
14858
11807
14038
9240
5738
12149
14819
14200
1655
6968
16542
2791
16256
4347
9505
16723
116
1488
2010
5063
11939
712
4928
7902
6564
14492
4805
5780
2928
6801
2622
9104
285
5873
6390
14707
5077
14246
15767
9626
917
4958
9001
11493
17003
425
9032
6423
1357
8515
1399
4044
16652
8281
6624
16102
3412
11071
8155
1446
4919
10827
16588
16991
3396
9780
8827
9096
15476
7166
8099
10221
5524
13980
2800
2362
6045
13494
3008
8095
8151
6738
5002
9458
9914
3754
8040
8739
5545
3879
2631
4277
2061
12092
10296
1425
14838
2325
5549
5496
12085
4413
9299
3967
1476
8102
8569
71
134
11827
11575
7161
16034
2328
8048
10217
16636
148
14094
1088
2297
3680
16095
1907
891
14905
4929
3413
8129
14749
5417
5329
1021
12150
5571
11187
5215
11736
3514
13976
15935
16575
1500
11043
7663
10710
9262
14721
6743
10410
9210
16376
14811
6860
746
9322
4431
8754
10191
1703
10737
10923
11475
2915
10499
2211
10568
11356
1017
15771
9456
5446
3291
1336
356
3230
15251
16404
11976
1196
16158
16176
11613
5866
14374
10953
569
15808
3231
15486
10365
3468
11657
8639
16862
9328
14939
2097
14781
3929
7418
7660
14326
2814
16239
1511
11199
8682
10975
8549
6424
1386
11937
2611
7128
11442
4921
1066
9837
14340
3154
4559
3370
3771
11021
4583
1873
4891
7039
6996
12115
11069
3141
8932
799
16448
10869
7345
4303
7245
6739
7124
8248
15456
16236
6162
9055
128
10197
6312
15220
4530
7153
2479
3517
14444
16547
8775
11597
3979
1299
9290
16112
3060
1032
15031
3269
15208
15905
3110
1197
14050
3219
2289
6779
1161
2546
1783
5507
1633
14036
8752
2602
14873
2604
7040
5158
7589
4104
9967
5009
15545
4399
5157
3341
16984
9162
15943
9428
14685
15333
77
2041
14177
11935
2296
6847
1027
2388
1065
15219
1316
15568
9695
4397
499
11086
7269
4571
10799
14500
16485
11703
8561
6594
6758
14933
6037
808
1202
4258
9724
14571
4819
7836
8590
2377
5122
15117
893
5611
8428
11040
1997
11797
6238
2858
2717
15406
16824
15028
8903
10281
3520
7802
1410
407
10651
10320
8488
10290
15155
10162
8616
15871
10837
15697
16206
6834
3401
12016
7885
3661
3345
11414
4659
3402
11259
2984
16949
1236
9643
8415
9019
11017
4109
9997
12002
6413
14054
16564
14971
8519
624
9996
6872
2805
9325
8719
9842
9779
14497
9022
6160
323
8065
9334
4194
9183
9593
9804
16592
10473
7373
16374
2854
2292
16835
7398
6735
63
8178
961
6580
867
17016
4981
1514
5578
16834
11292
5552
872
5633
6106
7672
10468
13683
1494
1653
5956
13959
16629
2689
14903
8477
9091
3293
16524
565
4278
8006
10614
9073
8198
3765
706
10125
4228
8434
16332
9961
6571
16295
1548
8203
2989
3461
9066
16456
3711
4306
2438
2734
812
8280
9391
507
7989
7803
3183
6003
15769
7257
9324
10705
6631
6055
1154
13649
2119
7142
5766
10531
8793
10071
5536
8361
6730
12101
4540
15277
485
10090
2402
12172
9360
11275
14869
4094
3315
13360
9386
8217
8651
8087
16173
3805
7880
15558
1886
11504
575
1723
1104
8371
13390
7106
1936
16757
16979
8799
8762
14069
385
4062
2992
15469
2482
6287
10987
369
2987
6291
2536
16280
15590
3966
3607
14465
16500
2003
351
15178
585
13914
14979
2726
475
10637
14263
16307
11037
15036
1958
8540
16657
11677
1426
11805
10583
16977
13722
1064
11358
7677
5494
13850
7180
3715
9105
390
15023
10452
10354
857
1010
11533
8531
7217
5603
14887
1551
519
9733
14180
4874
5533
4356
14318
12108
6064
6123
502
9508
9583
5586
4666
4749
3698
9616
1982
4567
7810
2603
9591
3892
1402
8433
1654
2424
14513
15149
1261
2688
4284
4315
3433
8691
3059
5694
14639
10863
5455
8021
15253
9596
440
10129
16532
5326
7616
6095
14814
5442
11931
13887
3694
16857
122
1824
14372
4132
107
144
220
10740
6599
5178
6128
10921
7432
2642
11610
16461
12061
11010
195
4509
3052
10235
14996
4797
801
9933
8440
9776
16244
6585
7290
1348
14525
16766
1199
5881
7363
12
7254
14446
14139
11002
6163
8197
1963
7046
3470
16829
16643
14959
8392
3896
1235
9811
14387
14228
2165
5923
16014
15639
4011
9622
8614
14987
3738
11759
3007
15609
1735
16753
4021
15615
15576
15006
4985
5579
15605
2093
3326
9086
14757
5976
6292
1465
7277
2853
16487
4487
15282
1442
8745
15571
7598
6654
11005
3829
9315
362
8990
9059
14161
7994
12152
1596
15332
14210
5086
8298
14663
5328
999
8948
16207
16969
11313
9696
10316
3447
11974
45
15304
6355
11704
6555
1452
11749
4164
2392
4447
1592
2133
13977
6632
3235
1311
6454
2125
3786
15889
9875
5476
2083
4846
2403
10148
7489
8790
5929
8899
15003
9895
13791
793
10159
8970
7544
3932
16304
7886
16330
8260
15886
5179
4956
7689
4669
16878
15313
15112
15992
4086
10168
219
5475
4185
4400
14450
8365
14578
4905
5995
3457
13954
1532
8049
5112
16665
5074
2695
11141
16908
16368
14325
14473
4802
4675
4
5918
7998
14808
10298
11225
9519
10594
1014
8294
14609
6340
8386
656
2733
11882
1964
14293
7438
4975
15996
6650
16438
4522
11991
11267
1602
1313
9476
3123
5110
2311
603
15824
6348
1764
7531
14339
16679
7536
2539
4971
423
15962
4788
1118
8165
3221
14169
7225
994
11311
15601
3478
4085
8471
14132
10374
1128
11685
677
5094
16148
3079
14080
15000
235
15211
267
9042
16410
9925
1003
15529
16174
9231
10617
2108
10576
6841
14266
14441
10764
4452
11763
7845
354
8713
4358
4684
10974
7833
11849
3124
3181
2092
5163
15319
2529
6858
9304
9113
2826
208
16417
15383
8571
1328
11531
1491
8623
3292
3826
11027
1343
6437
6951
16227
12001
2500
11940
7186
2417
8829
10086
6011
7521
11977
6723
14242
3791
4049
3720
1781
16626
4955
8085
4523
14422
6887
2849
2134
4711
15543
14514
3385
3827
3779
14090
4638
11778
6955
14866
15584
1959
15070
6550
4601
14868
1526
6418
13725
2505
14687
4743
11586
14067
9632
16258
10913
97
8250
7811
5286
7369
9239
4470
15982
16867
3192
8302
7429
16858
1591
8379
6950
7333
15952
3428
16269
8449
11090
8638
15079
9369
10149
16511
3499
6365
5641
1986
6664
6457
16819
10888
41
15951
7450
12109
13805
2806
16043
2111
12128
16617
14658
16409
1232
13809
15233
786
6570
3655
11331
10208
3600
2244
3286
15809
11990
5059
2913
10108
6569
6153
15611
7292
613
6188
2038
3667
5430
3467
4158
10441
10980
8640
15199
7054
5852
1178
143
9208
1720
2856
13822
8882
10802
2972
14053
4425
10940
8042
2923
15013
11064
14517
2899
13873
279
1289
1504
1058
9365
1924
8466
9830
7983
8722
8478
4548
7117
5946
2580
10480
5891
16546
7238
6289
7457
11746
9629
6419
10942
15882
8772
2817
9490
5818
10501
16149
15047
4252
5407
9340
2004
16713
3678
1572
13975
14079
13376
726
9498
16503
247
1647
12023
1042
3209
380
16325
11539
2016
8746
8813
1127
15044
9684
2755
11621
5988
15748
1937
1913
4395
4346
5899
9144
11481
4099
8930
621
13967
11132
8699
5437
10882
5307
15581
6795
9654
3973
7882
1493
3260
16921
2207
7538
7417
2246
7385
14479
14807
4612
8601
15110
15285
1001
5941
9117
8092
5664
2571
6363
11440
5435
7949
15599
6001
11757
5953
197
10051
4430
7000
455
13909
10403
14618
4236
13500
10918
10971
16027
14994
8131
4551
520
4268
7110
16497
4009
8627
16536
234
7928
15699
3903
2384
8171
3421
3831
3803
10262
1378
2175
9123
8720
552
2378
2030
11085
9650
4918
865
3339
2889
8254
2661
10061
1573
3916
8070
2878
1367
11047
3178
16473
5542
7002
6892
7739
5729
7167
9937
14828
8462
7991
8887
7341
16905
15503
970
14304
12032
8505
11690
3755
6609
1998
9176
7605
15104
167
3659
11255
954
4812
15562
6578
15761
11967
1308
11263
11859
7378
1616
4701
720
6316
11180
9984
9860
154
3902
831
6058
16420
2535
4796
1482
14347
14171
1992
8965
6253
1456
5278
6844
11963
2324
3743
1037
14399
8816
4254
7007
4251
3241
4474
9989
16743
995
15704
8961
14962
5020
10723
9207
1934
4617
14842
511
6582
10963
17011
15048
648
11832
7384
15059
4297
6554
11191
8399
15431
6174
14725
15062
10301
503
512
9049
3388
11796
2492
1832
7115
15776
14586
3801
15585
1692
1296
93
2161
10722
2444
7861
11658
11630
9361
9617
1828
9330
16038
10426
3328
10523
8263
3361
9959
15190
5466
15491
6186
9900
11466
10128
4937
7809
16445
4517
11544
16426
6435
14803
1561
844
6193
5847
13883
8782
5558
6380
10555
13611
8262
8695
9551
9906
8626
16041
10858
1288
1033
6429
4871
15307
333
11926
4665
7725
8786
16820
668
7581
859
4081
9352
9134
6237
7830
6913
5644
12120
6504
13772
10811
16685
15188
2874
11530
9278
8546
1926
3143
4280
14494
16804
16609
11883
14487
600
15102
8826
10580
971
630
17023
11923
6895
10933
7139
1273
15085
14565
3340
3557
1517
5705
2585
3590
10988
11943
10049
6228
15390
14491
6635
7780
1908
13877
3285
9601
1509
7862
8592
10641
9736
11956
15979
10738
16424
2785
16647
8124
12112
3420
11124
426
15281
7516
7361
118
4979
11012
1702
15768
9268
7098
9404
9088
15800
743
5239
1610
1842
8698
10229
2380
16610
6192
10044
8101
16235
11494
7512
15081
10959
5228
3050
15523
5617
14681
7642
14529
12020
9765
1265
11644
5227
8164
7548
4046
8909
10708
445
5662
4080
9307
14101
14997
14673
2177
3226
5338
7107
3621
15685
1861
4732
9741
3597
7590
6072
10062
11303
9585
1732
13862
8630
14072
15127
1788
9110
1231
6614
3309
8913
15292
1400
14420
2821
8336
11959
58
14945
4867
4124
5790
16017
3321
5317
9100
11664
2860
9832
7550
6553
4876
16603
160
4824
14978
16096
8672
2703
1215
7666
2906
2346
16242
10754
16225
14040
1947
6293
13946
11773
15229
5513
5885
5186
7368
697
10493
2762
6150
1860
2122
8130
1668
8554
10037
13730
14845
3890
4966
245
6117
6698
13778
6399
1663
16894
979
16729
3166
1287
16933
1928
6731
7507
776
11740
3596
1612
8832
6278
5680
15064
13984
10867
7599
16088
16223
14699
15246
10943
3838
5424
7856
13970
5826
2339
15978
9978
3212
7990
6533
10562
3327
16972
10172
4964
3702
14342
5151
15721
7306
641
9257
16784
16312
3331
5261
1567
5181
2478
2148
8340
3172
5234
6791
6981
10941
6812
973
15402
4045
1932
15899
7498
14097
1874
1444
2457
8404
14417
14344
5890
7013
1619
9985
11826
16316
13801
6056
9163
1339
10375
14214
9789
1129
9809
5436
2138
10397
16768
11369
845
13849
8506
2112
6500
14199
391
15723
7014
14044
3808
4209
7338
14972
10818
7762
11381
1650
4718
11294
3734
1
213
2495
5298
8685
9768
7132
3252
3006
11110
15286
8670
8936
16018
13891
7755
7784
5182
6936
1805
6718
9085
7351
11410
4649
6777
6164
1900
1942
9786
14686
14983
8194
8123
5668
4532
9074
14787
14581
16100
4514
4841
16828
9954
5044
16937
1134
8381
9921
11004
5979
252
14944
16259
9683
15133
6497
8093
7527
4051
15335
2708
193
1725
4428
7205
16853
10425
16786
2191
11655
15860
6275
7980
16687
13325
6562
6040
5739
14735
5038
1138
5105
604
15401
771
6122
8542
11747
16300
10012
16343
4460
16677
13739
13900
3473
9190
918
3021
9799
2040
9653
10348
810
1965
1321
8500
5055
3329
5562
10019
9493
4255
10757
14004
9273
7287
15579
7084
9064
13945
9936
9559
8943
15717
6276
8779
10556
2511
1530
8667
6710
15603
3430
5832
2780
2980
11022
9259
3705
10875
16774
16916
16119
6102
8911
7025
15200
7400
8815
13998
14911
7526
16284
1528
938
2562
9261
14205
11782
1020
733
8077
1690
2865
6712
1260
14220
8243
14141
16896
13856
1351
14826
8905
16201
8303
5453
6038
9194
11003
16217
16781
5827
2541
79
8157
3584
2047
10021
6709
3068
10896
828
9738
6485
2034
16086
16068
11902
5085
14876
13916
1450
10005
9204
3136
7692
7309
9056
1671
849
637
15691
10630
153
3543
11595
3977
14019
16142
10231
7676
15315
15904
16805
15129
6822
737
2701
1984
14593
5707
9402
14477
15362
10442
1527
381
283
348
16392
16553
14047
11667
9031
7403
3933
16902
1879
602
7638
1955
7955
8959
8924
11104
9648
5932
16061
3261
741
5362
16618
7562
15382
3865
10848
16055
2268
4439
13652
15835
7099
64
8838
15928
3462
13981
16279
4735
16370
5359
7953
10905
2090
10910
15759
10083
5162
269
8414
8216
3232
3746
5628
363
1171
16604
8353
1730
10346
666
4435
8359
5315
4144
11221
10204
16338
16821
11091
1795
1785
4004
11272
9343
10156
5231
16983
3107
1422
7005
8015
8147
6833
14066
8580
2724
6191
543
8239
7155
6662
3950
8692
9698
11214
8017
6960
2224
1224
14637
3946
6741
10978
10760
1329
2413
14505
9441
1455
104
15349
16530
16114
2448
10854
9816
15687
1305
16355
14567
14834
7118
9253
15124
16605
5216
3182
9069
15487
1203
5464
5247
2290
2369
14222
8451
16035
16474
3811
5910
8726
15287
6049
1826
7883
7444
15040
15483
4197
13781
4177
9579
2306
1241
1158
5416
10778
6982
7191
5268
10429
8635
5670
14542
2431
915
1025
11024
8675
5495
4731
11576
982
10687
12105
8100
4449
11552
16965
15627
10774
15339
592
11238
1538
141
6647
11692
17006
15290
15538
278
14920
5172
7540
3943
14018
15094
1352
7172
7776
15468
12154
5076
9882
7469
5955
5693
11246
13762
5557
4341
7048
13907
14602
4451
6476
8004
14522
15549
7042
7248
1918
5849
6006
7130
14022
4002
9697
16116
13733
9589
2436
72
8979
7430
9511
4953
2871
6126
1105
4578
13574
6561
6014
4304
11396
1258
15984
2694
5572
5340
805
6314
10800
15261
2187
8509
2077
4830
11312
2794
2055
3061
11282
15587
16462
2018
11105
3804
6263
2578
3104
8861
15942
8843
6450
6912
10164
319
11162
14784
1541
16847
10439
4239
10456
9859
5862
16421
9670
3325
5927
2171
5884
15781
15351
14271
5019
8266
5608
14190
9249
2114
9960
13903
2516
13848
9964
3981
16777
10188
2494
15490
2531
14853
15532
17001
1414
16163
8855
11867
6997
15052
6601
3644
10267
8182
7682
8034
9171
12091
8893
8680
3376
7744
1562
16452
9084
5034
16301
10734
5309
10673
2763
2851
4127
9586
8523
7227
530
9979
14174
10746
9094
5794
6033
6025
644
1917
5855
7650
9627
15528
2347
377
1852
13835
402
6545
16507
7091
13770
7026
1979
127
5226
14630
10744
9364
10552
6043
3114
6514
10991
11922
6107
14345
11469
16078
10364
9848
2904
9897
691
6652
8495
6722
1670
4690
5505
7415
14202
8634
16249
5765
8937
3364
4064
5785
10246
10615
5135
13868
10006
346
1818
8333
3883
1760
6082
7159
2488
9990
14877
6461
10132
15479
11096
5161
16708
5155
15320
8126
3578
11326
8963
5620
10819
1927
14598
930
3954
10230
5311
14761
15912
10487
10134
5109
6044
14537
10116
4663
4445
13264
4861
16220
15864
2415
7817
15990
11785
843
23
9715
16842
5222
742
16569
14990
2281
14499
11392
3382
7240
11850
11861
3518
15243
5185
3742
820
10015
6520
8396
3532
6359
15203
16214
9139
16407
16634
5429
1147
10683
11379
16422
4459
14131
4438
6392
1209
11611
2253
3866
1292
3169
10257
5687
8208
8929
9379
14992
15633
6255
15142
5371
15001
2930
3818
15642
8594
4082
8027
9423
7031
1012
10355
7112
16748
1124
3544
2770
3799
9385
1190
307
14917
5451
15392
2307
1624
7077
5772
109
11884
6471
9838
8610
13623
2113
3392
14569
9766
1281
7256
10627
16945
11715
5782
10773
7742
2943
9752
559
16811
3492
16943
6775
7950
8145
15783
6770
4037
11683
13876
2361
5088
15267
2947
5606
9981
10593
16414
14793
1617
14861
1074
6934
2186
12143
14388
12122
11084
59
9604
7793
2725
3418
13296
2709
8146
7961
15828
16397
6203
716
15139
15706
2625
5590
15822
9843
11360
787
3041
14259
11862
6378
709
3500
3095
4810
10073
674
4629
7601
9675
2017
1770
13782
16499
7344
15792
15163
5068
9581
4205
3011
14894
15342
11364
15859
4403
5194
3203
16741
14909
3342
9835
8321
10040
10598
3851
5302
156
14830
1438
1417
6670
2036
821
4835
2955
501
15671
14313
15520
8840
7916
7479
15484
6351
3633
6976
16350
2299
10699
3848
16262
7325
6618
15384
8736
12011
10127
764
5197
5334
16052
4448
11456
1428
8299
15331
5878
6629
6784
11119
9265
5022
15892
9281
5867
15731
9644
16071
14661
8504
993
409
14148
8767
7800
1933
15101
2793
5245
3094
6714
8443
6373
5671
7539
5906
4296
11515
173
14856
6994
8153
135
11879
1319
5773
6135
7754
14816
15213
4415
2432
7212
6433
5998
2350
9907
6542
9694
2050
8341
13953
6509
6446
14713
8688
4682
10448
11702
2869
1317
11936
248
357
5983
6675
15128
14755
1728
3496
4608
1096
966
983
7080
1743
7214
7618
15506
15314
16608
1385
4828
16029
16540
9757
4119
3772
215
10488
12043
8292
7568
6782
5695
5585
14309
62
9228
15093
557
4859
10736
7453
16946
2891
13221
4642
8074
11142
2961
2685
1976
16875
6691
7467
6846
6432
16639
5961
16076
5192
15612
3582
11193
16493
953
2994
6641
4250
8447
1791
2094
15019
952
10344
12117
5829
2227
11018
8758
5740
14533
10807
2574
5113
11568
7103
9829
30
14756
1175
6957
10274
914
4118
8886
14188
5342
6954
4719
8446
3161
4533
2180
5072
1084
7294
1413
6761
9267
8163
6280
2567
15516
295
12076
5350
6
10253
28
8358
7518
4272
978
42
14705
388
13481
4401
10889
10995
10345
4744
1366
5392
7850
9560
767
4220
12051
517
4126
11080
6083
3033
6304
9244
2179
16437
10790
5959
10269
2491
60
1574
10750
3989
9602
15534
15449
8860
5497
3111
11126
3129
639
16808
10793
1673
804
6118
3834
2430
14011
7700
16703
6249
3103
869
16187
3714
10382
4795
16169
10602
119
11368
7860
4442
3728
2332
15096
14536
7120
4122
15618
6966
1294
1733
10292
957
3934
4813
4883
5193
6611
11869
11488
7987
4555
5202
7138
9949
13861
2962
13979
6932
16347
430
1583
6648
6015
9918
588
6305
2
16032
10534
11195
137
16162
14120
15673
16923
2255
12025
15854
14434
8664
3355
6746
1980
12080
5924
7595
13839
2797
9708
618
10329
6121
6209
5784
10157
6573
7289
6332
2684
2316
3741
6474
13838
9264
8927
14301
8759
13898
2887
11128
13968
16850
6803
11298
4586
15868
14480
14786
16846
5121
10114
5994
8687
9222
2852
1349
15931
6158
6665
9507
1657
3594
2248
15480
3436
13787
16051
10223
13179
6167
5723
9406
9518
14408
13550
6651
6404
11571
15309
4611
3188
11430
3604
5901
15832
13769
4097
8355
2238
406
16229
967
14566
4607
8185
352
1973
539
15718
5580
11413
5211
5006
16006
7765
866
2577
6024
16910
986
12163
8148
6517
15214
3233
9015
16501
1013
2149
10950
6909
16123
1953
13879
106
10171
6861
6264
2213
2538
14747
15454
292
5775
8789
7063
6525
7226
15473
15209
4546
1257
15825
8215
3931
5213
2557
2673
5349
10742
6156
9394
15973
7472
1598
8134
8494
9790
9940
16106
15412
6539
6876
5702
2804
1615
15539
15348
13926
4154
11919
9158
15174
14251
15986
14742
13803
1508
12022
760
1000
1762
4179
5057
15459
4789
9219
2411
13287
5917
6896
3101
2318
9316
1130
9904
5997
8334
8181
1041
14017
2103
10294
16400
6657
5149
6367
907
13774
5711
4531
10638
8978
8613
11129
15732
7495
15866
14248
7176
5367
7126
803
16765
7924
8242
8552
3577
6721
1436
7314
7092
13694
9114
1169
4246
16606
4622
4054
16982
2552
5169
1337
7488
727
11808
14435
14353
7635
4952
10396
14468
811
15377
15420
9759
13624
16321
3658
16700
7979
5534
15660
4511
15569
15103
10428
5153
6444
6859
9080
7702
10879
3283
4471
553
2527
7623
6214
1350
4472
10541
8324
3613
9671
4482
1645
8274
16430
14775
11588
1943
8867
10431
14314
6326
10318
6962
9745
8696
16752
9475
9174
11523
15428
5875
3898
7791
1682
6356
14575
13973
10392
3185
12060
4412
3215
5219
1462
7972
13913
16508
16418
11638
14014
3869
7751
796
11490
14136
8792
31
10220
4897
7532
10825
15906
2792
5017
16178
6467
8955
146
7929
3317
4904
14585
14083
368
6959
7241
9487
1077
6308
14160
10937
6658
1172
6395
15902
15355
10855
4027
9865
5154
7152
11565
5223
8431
2456
7669
9211
4226
16064
1559
4477
14827
6901
14518
3540
9254
9840
14850
9795
5385
2390
4775
885
1635
7030
9858
15350
8282
15076
1802
9972
1895
7775
3422
10377
12124
8253
6567
9383
15823
10418
251
7604
1409
6472
5793
5712
6916
4734
1631
3429
9812
7873
6855
14470
9350
9916
16892
16732
15495
14695
11107
4224
5981
8953
9755
4505
3763
4190
5820
1023
10000
5010
6600
11634
6219
5574
5583
11168
3051
5294
7908
16243
1360
2596
9333
8679
16863
7041
9637
14215
9106
16689
1382
5467
673
4977
1242
13994
11652
2368
2699
15132
15933
7371
919
9909
11068
6402
2757
13922
4077
1380
6634
6053
6248
728
7919
8654
11215
4282
10606
1376
9686
7820
9515
6337
10359
3453
1392
10935
9619
2651
9868
3709
129
408
1570
7871
15626
14530
5809
9690
590
4161
15760
594
752
15613
3948
8388
2270
5576
4864
1893
11814
4987
881
15714
7362
14299
15015
13935
6007
5459
16203
14057
1507
11651
8991
10786
15719
8288
4316
2788
38
10782
4639
7718
7221
13726
6005
7795
2672
5521
1053
15275
862
3672
5850
16632
4300
469
4554
1625
16659
15675
7716
12026
171
16562
16246
11465
2416
15466
7626
13939
7701
14212
16548
15788
12156
12004
9430
3542
8201
5444
6530
8081
13620
5289
87
6939
2894
10268
681
10089
8438
10138
7957
15087
14192
4967
14855
5003
7067
4716
515
3534
1245
16042
2358
11676
13944
10813
8390
11245
10111
5816
7515
4333
3871
7620
7799
7895
6343
14633
14752
14195
15997
16920
10977
10008
57
5073
1871
4722
14486
8097
10575
9732
15260
11783
8499
14957
2163
5357
7121
6233
10322
14418
14759
6672
14821
10060
5564
10457
13724
929
10891
6866
8883
5960
660
653
3608
36
8206
4778
6797
8035
6865
9034
15820
3693
2589
14111
16019
3017
15366
9685
14832
4030
16153
5701
10795
2601
15403
6826
4063
8246
13340
2319
7514
7815
2159
7313
300
4880
14610
11383
10570
7756
15
14580
14646
610
4969
4221
9968
16288
14354
14938
4389
6881
10009
3025
3179
2220
9024
4845
6319
6490
3591
2181
6028
5879
10309
3486
7304
14201
14431
15373
2944
5659
11189
7061
14093
10145
3451
4383
424
9060
2086
6146
16734
4105
4314
7263
6200
11688
13622
16351
9209
14121
5388
3911
151
10520
16393
1888
7575
8935
9880
11649
2323
5189
4860
4705
1766
3505
2636
2486
14587
11078
12021
4113
1705
14638
103
14589
4664
16721
9192
11153
5320
10366
529
3996
8707
15974
1136
5420
422
1194
1106
8898
5631
7462
6323
10817
3400
10057
7057
14478
1737
304
11954
4322
11717
16218
6051
15796
3669
2130
12167
7270
6720
7976
6890
7043
5973
643
16554
4140
11629
8938
2279
8694
7424
1792
15451
15960
8574
10315
16798
6502
14919
16403
10205
5938
126
4950
3264
15559
5230
16274
14459
6941
8618
5931
16720
6773
10118
11843
14780
8923
15779
7558
8067
6873
7801
2313
10222
9241
15448
1220
10898
8452
16386
9704
456
6636
11607
14947
9395
10560
5615
9223
404
2063
4253
1714
19
8037
8444
10741
10020
8851
3925
7486
16939
16758
1564
7127
7316
14386
5229
15525
11697
4279
2558
8579
14224
16025
5857
6512
11972
10368
14221
10785
14800
4934
15536
2458
16563
11284
14335
2547
4230
15837
4994
16806
3697
8332
6327
120
4336
8770
2463
5439
14376
37
2395
7705
15477
16378
3366
4771
10718
15283
6548
8727
625
9564
2614
8715
10767
11057
16465
3248
10681
13397
10416
15400
4241
6091
2188
15437
98
525
101
9944
7774
11546
4361
7870
15735
15289
15016
5390
9271
16510
15258
15640
4187
5514
16699
2796
15180
14254
8940
1214
15541
9720
9459
15423
3984
1365
6080
1140
14338
662
3349
14654
3952
13795
748
3273
3609
2940
2835
8676
5150
1180
2151
15638
6382
3471
10763
7847
2056
9193
8285
125
16795
2312
2489
2219
14804
4307
7028
2449
4368
7868
701
9814
6400
13840
7967
11079
3776
6700
9717
16231
9691
16874
12159
15065
4528
2833
14367
6489
2832
2044
1793
6252
15017
5300
10657
1938
14217
9434
1887
9087
757
9301
5042
4858
6403
10038
14892
14380
6751
6405
9687
15740
5599
16291
9873
6528
10727
13263
14954
11564
15242
661
5083
4388
16827
2054
5499
5029
6579
1310
16792
10380
5921
10152
416
14795
9043
9276
5450
7686
2641
14270
2711
8234
9465
1312
5962
620
3096
10600
15923
15998
16783
8025
10028
1393
15878
314
8200
1454
5996
11034
4616
10903
5421
7988
10341
5922
11928
1018
4110
1132
9677
13747
11558
14445
5950
8159
1840
4596
9570
2183
9973
16709
2072
5117
694
16065
4458
14743
11120
15010
4500
7606
2022
11510
7055
4606
2304
7619
13784
3599
1306
7841
3806
14523
13680
9005
2679
13371
16132
14060
16666
9054
1166
16073
6776
6068
9922
367
8236
11074
14127
3665
7072
214
6527
6372
325
16010
14722
6798
14402
1401
16405
16957
3524
4943
7246
9572
6607
654
15583
5757
10654
5378
3555
3953
10533
2467
756
1090
7211
4768
12030
7308
6518
16769
7611
10707
5535
8915
10339
1905
11448
9287
4801
791
7571
2340
8653
9141
4100
9077
16615
4742
10161
2522
9075
5093
8043
8335
1163
11698
6221
15929
1565
3501
4467
11980
3439
39
75
1676
10243
11276
3690
14089
7413
1229
16089
7209
4170
11371
10430
8753
13955
8892
10450
608
3685
5463
4568
10110
14167
5722
8512
16165
6154
5403
9481
10877
3619
1819
11596
3508
4312
16898
2263
8380
239
8109
10342
7740
2861
15457
2106
139
13804
4678
521
6354
5810
16520
1586
15614
1544
11144
11841
5639
13921
9942
13408
16361
2579
14295
13776
508
16186
4473
15975
16356
1901
1181
619
3443
2469
1249
6745
117
4857
8226
5886
16895
14645
15519
4655
1798
11053
11675
8820
9041
11269
11277
7525
11406
10755
15089
8308
12136
6638
4863
7447
5760
321
3336
11635
4240
13534
10004
6495
6229
2428
2592
5724
16216
16151
16664
9198
3284
11514
2993
6288
8479
15256
9463
14289
16974
16681
11001
15144
11955
6669
11924
4670
2193
4708
4222
14647
6590
11580
1469
1043
1268
258
7468
7149
15118
9582
13242
2287
10052
8904
14146
14833
7391
8257
10527
2784
4962
12086
6823
9234
1109
2707
16141
3027
13316
894
9366
9877
11579
5883
675
9580
7235
11117
5540
6256
5703
1738
518
6642
3379
6057
4057
8475
11182
2638
5638
196
5212
8472
66
3280
10254
7828
8637
3999
9205
5686
9640
6409
1333
14416
14854
10824
13708
8491
813
13853
11911
1613
8125
1882
1683
6261
646
1935
16672
724
6880
15434
15316
3917
11830
5324
13871
15577
5587
10649
206
205
6204
15357
8529
9735
7906
9405
11774
1318
11286
7838
16990
10324
2286
3334
9657
8028
1539
14541
1137
3073
3998
15565
7748
2153
487
8421
4219
853
7156
2643
1067
825
14960
1006
15867
11324
8066
10990
2231
10462
7842
7547
7183
2897
14857
9497
6984
1250
7015
5807
707
4055
9076
14732
16192
8866
10503
4725
16812
16366
8650
6416
7360
10291
10033
6453
10616
11637
10586
4359
1841
888
7239
15522
5824
8490
5989
5736
16126
3036
7816
16585
6767
5657
14879
1639
3974
3086
3243
14253
5084
4043
6271
15733
5868
11000
5674
11241
7822
16706
6093
684
9408
897
5462
4173
12006
9172
7195
3624
6813
16399
5896
2397
6689
14812
14009
16489
3726
9173
9200
5170
2964
428
4773
5527
9146
5673
4156
9718
6159
14535
8966
4060
1630
9595
3459
15252
9044
8104
16653
2751
15826
7169
5458
6222
8870
15007
9083
6422
8327
16339
6756
4070
14181
7052
10536
2185
4484
5248
16253
182
14617
9905
10387
4311
8276
14526
14225
2391
15126
7347
5717
10228
2640
9885
958
228
3527
8376
606
16668
11853
15628
7732
9266
4804
14934
3480
8863
1403
11257
15250
15035
10845
9678
5642
6067
13594
2528
8022
7846
11739
7288
2385
15693
8119
14489
15009
2084
8467
8947
13936
11993
8885
8875
8140
5903
9950
15051
5626
3489
13983
1656
13859
8445
4935
7864
818
2387
3091
7499
3272
15784
10810
4198
15846
7173
355
10080
14454
4075
7877
7190
7321
5935
9625
16398
3245
15027
7792
13559
16576
6774
5853
3837
9767
13736
14559
4506
5677
4020
9181
1101
13924
4945
10652
9966
963
3631
3636
4757
16091
15080
468
4488
8426
14918
2484
9300
14595
3044
4120
4951
15657
401
11429
14969
11006
5577
5786
7105
2129
9338
11687
6640
11509
10133
2441
15372
7044
16517
11178
14984
5316
1201
14603
1595
15179
3585
12160
11204
9279
7135
5909
4276
3603
14331
15398
1931
11521
1179
16818
16574
15161
6360
5510
2407
7433
15344
15444
14364
2863
4900
6147
16286
3265
8513
7683
6269
5582
1838
15413
6928
6787
14087
1278
1182
8791
6334
9614
2250
14672
17021
2262
609
773
11166
16147
2367
464
3423
8535
14075
10904
15358
13740
8038
5376
8363
2443
5860
11643
2499
11828
9251
11250
9046
1009
15482
8562
6666
16560
16002
6469
2512
7379
4096
6063
7198
11718
4196
8751
15954
14995
11876
10411
8351
11388
2274
11386
1466
9817
16036
7687
15471
9153
9913
10589
13860
3301
15593
1808
14117
1966
10985
15123
6027
11061
7821
567
14460
10470
14426
10236
10432
14884
2847
8559
4167
8797
5949
16044
3506
4101
14753
9466
4326
11881
14554
16955
14262
16886
2715
11792
6863
6686
3170
21
10787
3365
3695
14770
3369
3398
2827
4826
6196
3153
15026
273
3357
16058
1091
4698
4453
8502
11370
10056
14219
6286
15191
16003
378
4625
4320
15922
7786
13899
4696
1271
7613
10925
5652
306
4545
7074
185
8781
3206
16464
10198
5290
14906
7704
16579
14244
8448
15995
932
4733
11382
4761
10585
732
5183
5865
14949
15210
14122
4837
9553
10766
15461
4609
8835
7258
1156
15700
11350
7085
15257
16459
15181
10542
5469
5188
10836
8180
3965
489
5119
8526
10540
14247
2786
280
3125
1122
1637
8050
8014
10379
15433
7761
1880
11106
13697
16539
7272
14635
4695
15894
3106
14404
1611
7680
4433
7797
9126
16770
9642
3375
8464
250
14143
11764
7923
7790
2845
2971
16651
4466
9309
3056
628
1331
8375
3332
3224
1726
7903
6143
16849
2259
1168
4811
4299
6216
8723
15108
2862
11137
1123
14423
8560
9929
4008
1270
10928
3915
15098
2716
233
10496
2886
8492
187
1477
14493
11122
5920
4184
5804
15298
11223
4490
4345
1975
1419
14904
4493
3800
10001
7342
11484
1116
714
361
2452
9399
14269
16696
5051
414
3387
3077
8831
4233
4025
7926
1148
2288
8910
9818
16840
10532
14482
847
2439
3408
15140
848
5709
10563
1307
9546
13218
9888
15262
7741
7113
15684
1609
15941
15555
4991
11041
11957
925
4018
15988
5040
3676
8154
4615
3289
14726
14927
15131
10240
11291
8264
10471
5332
5624
14137
3785
10272
1864
9945
8556
15827
8393
16598
7782
836
11989
1680
6442
441
15849
10284
16697
8774
13952
6869
731
4932
1503
7222
16198
14982
15911
312
8834
4535
15156
850
16028
10674
4715
15737
3729
8945
3815
16194
11578
8888
16092
12040
4133
10803
9495
10970
3362
7964
16887
10096
10704
1800
1993
3687
7706
2515
1325
15847
11208
13844
3316
10248
8005
7584
4372
10945
15443
5100
2890
1149
9255
15159
3768
13430
16763
15688
6085
5164
2720
9941
15270
7674
1002
6277
788
4454
14501
14794
6958
15885
4868
7476
7108
7171
2371
5487
6366
4476
16961
7293
8143
12038
4426
11201
6800
466
9390
15751
16660
9802
1432
4450
13786
4342
11062
384
3625
16711
7243
3249
9849
15492
14142
16516
1183
10776
15391
14955
13811
14678
9417
4662
14871
3416
16381
10788
6012
10894
14693
444
5870
10389
11449
11821
2195
5133
13872
16048
6891
951
8536
5963
10529
3575
15072
14952
12017
10072
1405
4647
3262
152
7318
8410
7592
10444
11701
7023
16623
9699
768
15535
2650
8103
15848
400
1685
1996
9152
15008
2564
1981
1115
3732
16309
4984
3191
374
1767
4724
2803
7889
2420
7300
7036
4137
1545
5559
5812
2798
6059
3610
16691
8934
4627
3627
7714
3019
730
3479
3845
16486
11722
721
16401
8156
1164
640
550
2363
6868
1430
10449
14590
15557
14763
9898
1660
5102
6035
1768
15908
16442
7189
6030
14134
7480
4437
669
16750
10224
7445
7970
16695
6394
5089
26
11543
3024
5767
2028
2743
4166
14928
46
14265
9180
3689
6110
1369
9310
4747
6449
10177
11336
626
14059
5845
14896
11419
14546
9078
8369
14424
4982
14245
11932
11011
4512
7481
14332
8338
10917
2194
4563
1187
3305
451
15034
9819
14865
9118
15460
566
6023
2790
16692
1525
5273
3692
5001
8783
379
1505
2460
3914
7528
8031
10771
7376
7721
2575
7018
10227
6532
4755
10927
10165
16391
3793
5295
3290
224
1790
4293
15903
6794
5952
14956
2606
11599
2201
14583
2729
8382
3352
9535
11099
1394
7603
5457
14147
14000
276
10002
4756
11712
14932
14692
2210
3200
6538
16090
15747
7934
1771
14926
9707
4575
6205
11439
1872
10530
11899
9424
2310
15187
7729
7807
6910
2728
2718
5522
5253
10545
6482
2398
8088
13508
15937
15542
761
916
3691
8186
15602
10192
8082
14506
15407
10027
1914
16654
2731
16790
4877
3739
6329
4353
3909
9709
6864
15442
4410
9969
5731
8114
311
10460
15916
8296
16276
6173
858
3028
4973
5851
14728
14068
514
6944
16154
1549
6893
5431
7004
3171
14704
3910
10232
14843
1898
4746
5490
5082
2639
5888
12008
3072
13928
2732
703
8255
8189
14579
22
8204
739
4498
15073
7798
1636
5103
15972
11172
10401
11408
16940
2302
11917
471
3913
5727
1588
6572
5567
14106
4130
5473
1863
3198
4764
5795
8105
6598
9550
16999
450
11299
6537
2533
901
16434
9293
8553
14415
16726
9793
178
6447
15396
2881
16108
15056
1784
16669
8052
1774
13869
10690
6463
11854
9928
4152
8846
6496
5822
7352
15649
4262
1251
6508
9958
10526
16533
10260
9252
11873
3900
11205
16349
15955
11300
5937
2418
1424
15077
14524
15964
16439
13410
4281
3731
11498
7003
3142
9111
1607
16717
10969
7268
5152
1847
16271
3263
9036
3790
15659
5635
1035
2526
11479
6716
5742
985
10059
2555
3983
3109
6683
2277
9771
8230
8437
80
8900
11260
11401
8989
2102
11042
15206
2745
3761
2656
8928
4151
3002
7487
13554
7567
7232
6155
6384
10139
3246
4115
10398
3397
16646
2475
7641
8921
9630
9269
6078
1497
4294
3424
2000
14311
2677
14577
5640
6161
9384
14626
8700
842
16971
14999
6679
3465
9982
7535
4301
10703
16317
1050
8524
8828
8703
1057
10631
3664
9512
16950
3605
3568
7375
3924
15276
6339
14666
13917
15172
7339
3760
6084
14140
1459
3120
6297
15991
10485
11889
7275
1097
15238
3819
2657
6000
4700
5257
3893
12083
14859
14878
9212
16177
4949
7490
15833
8597
1524
7374
7670
3580
3238
516
886
3406
15370
1102
16127
2070
5645
8318
2898
8325
5048
10739
6002
9764
3446
2649
16832
8725
2939
11014
2722
8551
10857
10680
12070
7421
2748
4671
15949
4068
2844
16550
1107
4770
7038
12168
11907
8322
10952
16498
5675
1492
5131
6302
6783
16997
6352
1361
16167
9878
16876
6501
2581
1748
14641
2382
1225
9746
15325
16447
5448
2750
11982
1804
16290
16031
10629
5734
5308
16457
14292
9165
9025
14150
16525
3373
3777
13958
15153
6092
12042
4067
2839
3972
10666
4091
14371
6947
667
16188
9932
3278
5
2062
2330
3840
6168
6713
6849
5601
15592
16072
6919
15130
7261
4139
14234
3696
15644
686
6052
9976
4285
877
453
13845
16081
11230
299
4162
488
1230
11304
3458
5306
2024
14734
500
14597
5715
9167
13985
5555
3196
5498
493
3867
16727
15548
1024
5478
4295
7208
16344
6911
1031
13637
14824
4872
9934
11411
5940
3847
4736
7506
7921
5658
14719
11067
4090
2087
5592
4970
2744
15322
5067
2582
6417
16001
8141
6226
7938
11489
16645
14020
7555
2982
3922
996
13915
7974
6824
10588
5967
7328
549
8368
2451
8058
9119
16120
13937
15711
3783
2366
16251
1897
10443
956
4385
16431
11258
4881
4631
2020
16600
1843
9633
6265
9638
3481
735
9280
7857
3497
4153
2799
9422
10805
7137
10695
16782
8809
16967
3740
599
1563
11721
1646
203
8658
11150
3009
10989
8956
16143
2776
5796
8530
7089
10142
3297
1944
7032
14348
7508
2630
11639
15499
14656
4566
2837
8721
2226
9556
2542
5589
13799
14428
16463
14241
3849
2282
1207
1909
16966
15317
10466
14898
10847
8024
2884
1486
1212
13875
4890
3431
338
2033
7610
10828
15141
6581
5656
14531
14538
11608
3239
6438
14178
10453
8137
3156
7579
3296
15841
15417
13894
10768
1772
11322
9336
2320
16412
5554
7210
8138
6883
3089
6854
15667
5287
7
10512
8331
9354
14496
10587
5454
6970
9039
14835
15330
16925
16074
4806
16793
14197
16963
16673
6483
11266
7735
11049
14442
14701
10467
14836
5433
7768
15197
10214
7712
7427
3730
4264
14443
4093
14108
2466
868
8418
6963
4766
4564
6097
8136
8306
14194
14328
670
1711
11998
14341
16836
14385
15436
6169
6617
11402
1789
10112
2610
14078
16319
10286
8908
15378
9594
8547
2241
13870
9452
15936
9373
14277
8385
7170
16633
3405
15086
3344
11335
6630
3279
9125
2836
10173
15504
10605
7984
3992
11261
10514
8605
2609
8534
10832
3399
4873
15271
4243
3877
912
5128
5518
2091
16897
3546
9132
2190
10994
8644
7267
7757
6353
11938
3441
2654
1108
16379
11157
7389
16416
5721
5129
3464
14688
14553
3563
11944
6458
15385
7690
1302
10670
2170
16893
2508
3640
4048
9946
7899
2315
9896
3482
1674
11220
6989
6138
7164
16491
16566
5428
2540
3642
16011
421
7769
9284
5288
11433
8218
6972
16541
4069
9920
15666
5292
9258
12096
27
230
11648
13257
16079
14273
2005
6920
2370
13545
1427
9807
5747
8454
8395
3612
9980
8047
4916
14750
12046
6903
14527
15255
7723
4520
4014
12145
3148
9522
10350
73
2970
13480
9994
5783
16815
7329
2032
15670
11146
16800
13793
5209
2203
14383
5683
14436
9539
3227
15619
403
9810
7251
1262
8980
7233
5529
16737
6752
5607
782
16772
11254
2205
941
16871
4502
15489
1883
11458
6488
10437
14490
8121
8608
5769
11660
10958
2101
11302
8954
15651
855
7029
3956
10458
5968
7381
5137
108
4624
3425
5180
4377
3592
14852
5470
11609
5813
5733
3773
4560
745
246
3306
8933
13575
4235
9544
14230
7383
8895
3712
6066
15501
6510
13282
1263
3551
3809
14883
7082
15472
211
15513
15217
10864
3751
6217
3236
15099
435
7557
10881
1439
14608
16922
5447
7746
7199
5616
9474
11007
4988
4794
14710
4529
16802
15184
14039
3333
6282
9436
10302
4142
5012
16586
15877
14252
9631
7066
6047
9700
4373
14717
2152
5993
16232
4790
13196
7452
5512
5091
5627
4334
1727
5099
15758
15021
532
8378
9344
6543
9669
5483
7136
1049
2400
6232
13816
7522
4898
5704
3526
9986
9598
7434
16013
4440
14727
15296
8689
4073
13745
4376
16773
13904
6978
7747
9020
10870
5525
1678
10842
6961
8290
14449
15224
14886
10273
3074
3337
16761
7334
15586
1941
9725
14427
688
11446
15763
6242
852
11224
780
3427
9412
8607
10091
3904
7533
4084
2855
10853
9432
7647
10376
3579
16128
5460
2345
3586
4925
5368
14552
50
3833
15347
9674
5187
14528
9357
7377
100
261
540
4552
837
11206
6793
11969
11953
131
1347
11706
4287
2344
9179
6729
2691
4593
10806
6519
5264
1557
12048
623
4926
5604
16882
9186
1011
5221
1782
7852
3395
1971
9659
12053
15632
7357
10851
5354
3750
6231
3487
14684
6515
15274
8149
1846
1055
10308
8755
8011
6081
5958
870
4479
3474
2595
4683
1534
1669
13836
14691
7787
7622
8508
6127
9722
16479
3267
7745
5581
14976
6389
7696
1324
759
6995
16638
7995
2674
490
10395
6646
652
4524
5303
5434
8041
7340
8485
9975
4820
9787
8763
9130
5167
13834
3748
6971
3276
3040
17000
923
14329
7301
11092
443
5768
15927
10939
8326
11761
5206
16837
5400
1475
4686
7140
12170
7114
1495
8573
10731
10078
7644
15425
10464
15097
5799
15810
3087
14584
15607
14642
15109
11650
9230
15572
15888
6036
2914
15121
10664
8575
13292
5942
10088
13322
15193
1884
14048
3639
1210
1974
3559
15502
8981
9420
8439
15033
5026
14296
8852
8417
2621
14510
572
1429
2933
10255
13334
1125
11468
16985
16103
988
2464
10915
8346
8557
5919
10981
10502
8743
7719
16621
5491
1423
3886
9608
6258
2959
15730
6969
7096
4842
1411
12082
16402
2338
5848
6307
13969
5609
5779
16094
16656
16973
14403
3649
6223
16942
4387
4574
2925
1983
3997
270
9129
2988
16504
2359
7435
11412
2668
10623
2065
8401
9376
14095
16264
14389
11158
8057
10098
2655
11151
10337
2617
2909
11781
1623
8705
13902
10155
92
5803
14337
3564
1547
9245
6111
16900
4323
15845
4829
15797
4753
16101
8305
142
309
15367
10639
5563
5632
6175
5358
5039
15959
14975
9277
5333
9151
10886
5238
2816
14740
15498
6687
5259
2727
1865
8406
16958
2841
11537
9939
10648
2664
5610
5951
4335
8659
2355
10333
2985
1599
7274
11654
15819
15389
8413
6459
14745
10183
8969
3393
4954
16625
6262
9345
9000
434
905
10084
2157
1358
5663
2196
7387
7395
1293
4589
1640
15531
9943
15948
209
15588
10436
10312
217
10834
10992
8184
10700
15630
2198
14860
11186
892
2011
4468
11055
6760
15515
8865
5682
5401
10907
5565
10352
4580
8819
14534
12131
85
11742
14085
12094
16988
9682
11485
13901
4406
2563
5141
14063
2723
5834
4298
3652
16454
3537
16166
16062
16298
3207
6464
10934
4646
16237
9656
2291
8258
10720
7073
1468
11138
15422
1443
3404
1332
8020
15663
2999
1276
11387
14723
14155
7513
9680
4849
4269
6397
2267
5800
10092
10085
9189
1375
14773
9899
10321
1095
9282
8550
3521
5825
2996
10797
7141
5698
4286
3569
2919
13927
8270
10850
4134
2998
15359
9692
165
6408
330
14607
851
15239
3854
14133
9256
16556
4901
13938
8975
9854
4710
13820
1746
4256
7335
2039
16275
13813
10034
6171
9874
6757
2298
16037
9160
4232
5262
13965
1496
337
328
1359
5930
754
1709
3936
8729
840
4632
16146
10509
15074
6759
6486
16740
4942
10626
16267
7461
6142
693
11803
375
11777
683
11048
3134
5508
1585
6942
1387
2520
15510
4587
3830
14070
9145
3859
863
2665
8807
4913
2670
8344
10892
2848
9557
4947
15537
10650
11779
7408
1205
5778
8584
16941
3391
4429
11098
11988
3719
5619
2870
2405
8539
8801
11026
9555
4521
65
7323
16150
16861
2593
2669
5336
6815
6426
16528
1479
7977
15598
5492
2503
15201
8525
6266
6503
11385
7717
5914
9107
8971
10367
593
685
7764
8224
4469
6843
11471
16690
7945
605
14272
6980
6120
81
2067
5280
740
458
14046
6436
2465
3707
8974
13829
4344
14953
3846
7502
2135
8517
1867
15125
16181
15786
9410
7419
1150
7182
5266
3287
3881
10505
1019
2164
8420
10405
10289
5764
16415
4041
12049
8811
7187
1857
5509
5526
13988
2462
14187
15291
9033
9471
7397
11175
4378
9093
6274
16714
1071
909
11147
16935
2450
4526
7402
11890
6828
