8448
9861
8744
11992
12414
16285
11374
1753
6240
17002
3418
12633
9768
4769
4567
15742
14656
5640
7174
7702
15907
2787
9089
10674
4601
16684
8958
13670
10071
7822
10706
8617
8769
13897
9002
7213
5438
12630
10782
6103
13890
9540
2757
15548
8381
4942
13105
3922
15186
10019
13722
14782
12152
4099
7473
7735
7775
7381
16037
1363
6951
6588
12812
7977
15033
11284
12473
8530
5657
7917
12696
12158
8726
9615
7048
9694
15479
16130
10504
7088
3959
9560
3719
3066
6312
7724
4211
6572
12006
15656
15176
10104
14500
12001
4525
5023
16412
11812
13198
5899
16169
2306
1459
10136
12237
4582
10858
8635
14088
14119
14377
10025
14112
4155
3930
8047
9272
13143
8823
14074
2339
3292
5783
2955
12295
16734
7663
12808
16299
9695
8274
7558
14025
15906
15982
4799
2396
9353
8625
11055
13943
8670
5156
8279
12340
13512
8123
11129
2503
14860
8431
4235
13060
3524
2926
14152
9119
11449
7449
2312
5719
12785
4894
12855
16500
12554
15948
3692
9140
2061
11644
16228
10158
5895
12166
9221
2270
15437
7828
6242
2552
12936
10251
10635
5633
3696
5119
5196
15304
6196
16041
5922
14777
8979
7726
4476
7878
12665
6932
12925
11774
11310
11159
12076
10980
2762
11296
11157
7378
2610
13510
3410
14734
9332
2853
2792
9192
5614
5404
3081
11640
12800
3726
7669
12629
7741
4238
8237
13524
12684
8649
6599
2906
12221
3672
9009
14217
2533
13074
4750
10665
10243
10203
2275
1936
5295
15554
6582
4832
4731
4604
4555
6208
14137
8513
15165
16156
5032
16373
12123
7998
2070
5816
8855
15131
7534
5078
4495
16795
13003
8238
11719
10008
14188
10462
12411
6236
2682
9422
15761
15308
14323
9256
12805
5108
7746
8838
13528
9152
9609
4926
8801
2951
16882
6828
13219
10125
16716
8840
4207
2958
8585
14038
10600
6752
15018
14856
1333
5451
707
15833
10029
9538
3466
10905
2126
16442
13248
4268
13857
6005
6997
11519
15595
15590
12964
9177
3981
3470
6028
8383
4348
7491
9431
15743
7223
2277
6526
4358
7642
7651
15586
15895
2793
1830
5723
7803
5223
2953
16996
15206
5413
14414
13823
15323
6954
7694
15804
3149
5248
15439
12768
9029
8014
3033
4944
13602
11397
13767
7554
15914
8410
6578
8703
7851
10062
2301
15364
6907
10667
15454
6581
6866
2962
8860
2402
9050
15935
10634
14944
13665
8298
4839
9925
11753
16010
3698
4417
7645
13009
6424
5379
4311
15619
15597
8442
11916
2355
10244
7857
1710
6482
4862
8117
6731
6966
4364
14273
12831
4066
10296
7192
9932
15522
8983
15783
2434
10741
8065
12810
4952
16602
16152
7328
5257
16313
5519
10475
8085
15896
12881
14565
4655
6841
7690
14324
14468
1255
7553
11021
16659
13641
14252
5574
4141
2919
2840
14443
13925
4730
15633
5130
4287
2715
13031
13792
3069
13318
2060
7535
10039
5024
5044
15307
10339
4552
8694
8774
4693
14801
11148
3977
12328
7589
9856
13885
6744
16102
7401
15487
6892
2047
10206
6246
3833
3542
6739
16385
12896
16675
16218
2021
6895
16774
9401
3272
3987
4917
2568
5016
7627
13969
11973
13424
8753
7906
9143
14451
16611
7418
8569
3330
10944
6406
13488
16419
7004
4542
14056
14284
10543
6088
13563
7902
5947
12153
15891
6593
15145
5436
15993
9374
8320
3805
4758
4046
10242
5347
8645
11056
13584
2010
836
16163
2096
16111
9868
8101
1714
16492
13626
16461
4727
8483
2985
13572
8644
13775
8936
16628
9927
7799
9778
8814
5592
9466
10213
14968
6251
4387
6432
16778
13059
10535
15961
2183
9830
3768
7156
12776
11596
13015
11652
7992
11417
16250
13801
13134
13475
14580
12772
11909
3572
6441
16537
13776
3444
6137
4189
15218
9319
10532
15082
11443
6938
8114
15737
14002
12110
7819
7893
10386
12307
2905
10844
5978
6085
11364
5696
12857
12954
3035
2260
15047
7904
8727
16625
12720
4272
16577
4536
5462
6407
14951
13232
5654
7867
14458
15355
8430
9608
3362
12370
16711
9438
12973
10069
8247
15083
11498
15265
2255
7955
12591
16481
9239
4505
3408
2904
4128
6466
9231
11104
13316
16943
11197
8335
15030
6341
3125
7465
9732
10873
3395
15564
14912
4440
8570
8798
3201
6357
14873
7926
12673
9253
10435
4801
2041
8926
9195
7637
3047
5527
6408
11987
3638
10870
6698
10347
7729
10626
4062
9561
13405
13068
13055
7792
12477
15699
15108
16519
10589
7022
3774
2113
6682
14740
2410
5321
7136
2631
9937
7840
10430
14924
3790
16912
16117
4959
3809
15539
14019
2459
10594
10898
5353
16080
15709
8802
2439
16993
9070
11153
11286
15466
11689
8841
5235
2818
14379
9031
13386
3188
8216
9361
2317
14759
3053
14810
6741
8159
14255
16554
11585
11650
15250
15197
16224
5149
3553
16014
5341
8847
16502
2230
6692
9674
2179
14742
1660
8954
7966
4110
13913
2429
15878
8822
7104
9677
9168
10331
10197
9544
7993
13546
7974
3584
9218
15253
16256
10821
4015
15962
9133
7710
11823
13672
9123
16789
3363
7391
2637
14090
15234
11744
13876
14206
11663
16575
14928
8293
12599
6110
15392
16143
6134
8296
12552
11808
8895
2289
13387
8994
15946
12481
7347
9320
3983
9390
2237
14194
3735
12918
12729
4608
12054
12587
13319
5262
6494
13825
9430
8310
16232
14370
1638
9867
8654
12483
16621
8722
8912
3770
2858
10636
14639
5622
5623
5598
13231
14702
6500
10376
9314
11576
14987
9548
14675
7652
4865
4282
15992
2194
13275
2997
4225
8839
8671
3040
11564
12573
15815
12819
5184
16432
15708
14281
5222
13557
2522
8816
14044
16395
11528
15441
2648
16192
14393
11010
7856
10301
9853
2786
16220
3437
7847
9888
11209
2107
11026
11385
7956
13537
13724
9083
6429
15540
12296
2726
11531
15280
13643
14344
12985
12053
3505
7251
14741
12363
7363
12708
10077
2933
5683
11085
4558
12653
15923
17001
12177
6651
12297
6959
5280
13580
15338
2809
757
14899
15261
13995
16505
6983
11645
5124
5648
13185
3162
14606
5139
12079
8566
8080
13639
5667
7717
12144
3006
7980
9008
8175
6625
3503
13007
10518
11420
3565
3811
10539
5466
12085
3909
12109
2877
7260
12065
6905
5488
6002
10935
9076
2444
15184
8035
11905
3706
2875
5964
7605
11022
14906
3007
15765
15653
14812
3534
10984
13673
3979
2484
15836
2537
8545
2691
9619
15277
13206
4469
15236
4372
6758
14051
7383
2813
4539
16663
15673
4386
5742
16831
13886
10723
3478
15669
15841
5875
15526
11798
11041
10225
10188
6040
10364
4040
10891
10625
13816
10191
14718
6307
7744
10239
15080
14903
15144
9496
11236
16713
4816
8168
15857
12535
3899
8712
3949
5468
6793
2207
9786
14071
4103
12169
4621
3499
3664
6361
15852
7687
13056
11908
5883
14632
6656
2383
3645
4028
10230
12736
13303
5856
11299
7753
5835
5009
16283
13183
12422
14616
1228
14840
9725
6506
10992
11356
9033
10962
12087
5365
4786
5956
8115
3819
14116
8627
9459
16838
5183
6000
10398
11707
14870
9516
3152
11863
15865
8497
5729
7503
14055
6563
11328
5536
12462
4936
5595
12194
12607
9949
7183
10447
9673
13791
9395
15235
15162
2753
7794
6017
5195
14512
12317
7310
8738
12826
4988
2680
11437
4578
9826
3342
3854
12157
3654
5896
13032
11214
13379
9659
14904
7849
14312
5146
16336
16910
11970
14666
3713
8728
9718
14028
9599
5749
13213
15912
7229
3127
13486
6204
6124
7546
10389
6314
9730
9345
6328
11829
14677
7685
15028
9100
3355
15477
2420
5264
14798
6956
4251
5935
7271
16340
3839
2829
12000
4937
13631
2629
11355
8844
16965
12081
12972
7838
1550
3337
5629
8189
11534
6010
11739
14688
10311
14631
16251
4306
5724
13908
10363
9387
12748
3801
14797
13632
13986
11826
15543
3918
10607
7818
10095
2811
13902
9523
13442
14426
16183
7047
3326
9291
10274
14535
7921
8523
3275
1611
12321
3890
15994
10304
12142
15970
14612
10337
8680
11471
9812
1200
15112
2615
5484
10268
5435
6216
16518
4529
12178
16243
16157
10652
6873
4518
14802
1168
10387
6543
6226
11605
6001
12149
3230
13847
9209
8800
2090
3925
6368
6018
15495
4164
6055
5178
4266
7765
15259
9722
5670
13676
1304
10356
14676
9052
8287
9769
10002
12553
11771
16819
4833
8735
7313
6430
10397
3612
13987
13984
10186
4675
6965
16782
2938
6009
4922
12479
6190
9282
16455
12756
5208
6743
5421
12174
11680
13783
5706
7701
10076
4886
8607
13849
8542
4989
14554
6955
3991
8445
2814
12989
16948
6233
13837
15951
9078
7342
9772
11910
5234
2266
4781
15634
8299
2689
6597
6933
9621
9296
15398
1799
13048
5090
2772
13855
15924
5374
13568
12004
11263
1610
4072
7346
16444
9157
2438
8982
12704
7355
3961
4778
9454
3393
9376
8639
5744
11761
14697
15734
13464
12376
5476
4427
1594
11001
10679
10453
2309
8411
6054
14893
3974
3615
16159
2083
17004
16560
5274
15230
13274
8257
6057
3209
14026
15347
8648
16971
3079
3259
10632
6665
6911
14226
13054
7841
2284
11260
5929
8384
3158
2468
10000
15482
9300
16309
2170
8945
9478
16259
13796
11995
3041
7171
4947
13150
16969
16475
7119
14814
2190
14271
10249
14979
10512
16768
3424
8325
4097
12318
9764
12968
12703
13703
2034
8217
15215
3048
8842
6145
5166
13894
7441
10654
11018
16926
10708
4308
15285
7758
9708
3537
12640
5716
3591
11114
10388
2506
12273
7823
7944
12641
814
8574
2575
2172
8463
15752
9531
15505
13373
16397
5612
9950
12205
2502
4837
10971
9753
8765
5740
1985
14133
9596
11476
14207
15052
6272
4218
2864
2051
3549
11270
2954
7536
16394
14609
13357
14887
15740
8724
13997
12947
2475
6440
13245
5541
11337
8661
8708
9377
6493
5957
4877
13917
14331
9281
13541
14821
8010
14438
10700
15838
8375
4329
12029
11108
2635
4519
13050
2471
3266
8140
13346
5791
16030
2683
5008
10086
9864
6346
12997
11845
2481
14356
3592
5745
13063
11974
6230
1210
15297
14275
8686
2386
14566
5931
8845
15344
14966
5906
16968
11275
12834
16321
6318
13904
776
7831
14562
10097
5515
6970
2163
6151
4708
16853
9472
12132
7232
4627
2397
13717
14716
10056
10217
13485
9672
3160
4222
15148
5088
12580
15247
16270
13758
3932
6947
9396
13778
11917
16289
7087
9325
14779
15143
7517
13945
15000
6908
4134
6382
15980
8106
6338
11478
7200
9737
15904
5945
2663
5395
4741
1367
16379
3512
8305
6433
5811
16685
7017
7769
15778
11403
3602
3905
14730
3500
15681
15856
6385
14108
10126
9043
16004
3180
13998
16856
7321
12453
10438
11038
5345
11070
6767
2029
15562
12090
2723
11162
14843
10664
13426
5830
4661
15859
7369
13473
13378
15753
16482
12656
8962
7466
10109
4206
8739
2650
12041
14827
10284
12866
15021
8517
2894
11183
12214
10790
5881
15410
15205
16236
8139
7101
13545
11681
15863
16427
6694
8575
13604
12448
12935
7504
5091
11053
5928
8797
5171
5153
2779
16325
11192
13973
8532
2791
4193
12191
15514
4691
3238
9090
1257
2099
3968
13859
16616
8323
5282
4462
10366
5463
6225
9828
13045
14411
14975
6792
6244
2504
16028
11093
14501
2462
16814
7206
13666
5801
13687
5204
15069
12602
15077
14851
10892
7269
7898
13700
5240
15608
8417
2175
7208
16620
16697
15801
12290
5526
11791
2797
5283
10979
16235
4327
5821
15480
9064
10576
9948
15569
11523
5769
4656
8192
4821
12227
11843
5495
13226
16255
12365
5711
6641
12298
14104
7161
14811
3061
11925
6370
14452
2940
13298
3675
6172
11697
9456
10770
12740
11695
10359
12344
10479
7406
5555
11936
8904
4663
4855
12387
12461
6170
2356
14240
2511
4012
10910
13029
12664
11462
10385
11720
8646
8794
6781
9960
9665
3088
2370
2358
2519
6207
13805
10288
12643
5121
12413
8634
3371
9510
10168
11361
1552
7723
11666
13756
7468
6278
2709
9072
11419
12192
14921
13806
9838
12513
11090
13679
13164
13851
2837
16331
11177
13047
10548
9766
7393
4411
14770
10676
3946
12671
6718
6810
12824
7216
3914
5144
13985
3724
13936
5335
2164
1734
16764
8215
8783
9776
9752
14909
13069
16767
10107
15470
6899
8205
17003
15093
7934
5237
16855
15725
2019
8190
14738
14839
4960
9940
2598
12084
14371
4977
9372
12456
11776
8884
12654
8409
8369
6631
8231
5785
15717
16960
13757
4823
9207
2349
1462
11273
11555
14871
11913
5559
15118
10231
10424
3744
16702
4017
16312
10342
12966
15054
15425
12562
4808
4382
10582
15918
9126
4976
5489
3194
2585
3099
970
10900
16464
2445
4981
3504
4344
15688
13939
4768
10032
13438
11718
5774
16956
14946
14484
13844
4835
8028
7894
11617
14907
15286
6602
4313
6046
8147
5315
14305
15214
11611
2037
2593
16022
12649
15187
1870
9771
2254
7246
2576
15702
4418
7490
12127
16297
8538
13603
2473
9988
13942
15159
7532
15207
7362
13660
15623
13239
8078
7543
3024
11599
13115
7040
16558
13744
3129
11365
13112
2285
4788
8666
12493
6985
16160
14736
870
7676
11757
15146
7424
12943
10265
12093
2187
3340
12470
13960
5926
3329
2863
3103
7631
16794
3858
10146
6142
14547
14681
6153
3351
4428
7146
13690
16584
14197
2721
10478
6821
12011
2201
5510
5070
5482
12797
6091
4438
16170
11866
11243
16705
16351
4634
10128
3876
2063
4228
12216
11295
13598
8006
12236
9629
3471
9248
5590
2982
15759
12512
11684
12383
4048
6135
3341
8224
13751
16126
7607
8235
7976
8066
10934
3951
13133
13257
6584
823
11092
2483
6365
4685
4116
4549
15680
12732
11554
4963
8729
7075
6295
8076
4759
4278
5988
15621
14815
14588
14930
5637
10948
7228
7850
13642
15377
16899
11956
12937
9720
8256
5168
12246
10490
11059
13525
16425
8313
10834
15750
7747
10680
15316
4441
11088
3567
9021
7080
11463
1874
15938
4614
16568
11502
13880
9011
11738
5105
16011
9860
3865
15149
4076
15485
4301
9668
9964
5467
14650
7777
12895
14529
3978
15555
5508
13403
3618
1416
14508
11825
4930
6250
5279
11873
5938
2142
7451
10568
5796
12120
5098
14665
7434
13036
13192
9473
16696
10760
9645
13136
8077
7405
7375
6074
6130
10806
4856
4955
1674
6666
10924
5912
13119
14237
13445
12100
12249
2427
16222
3409
11515
12710
15716
2622
11391
9227
2108
5245
5253
8440
3573
15254
7413
4463
13394
14272
8454
7420
14236
6994
8745
7559
12833
15178
7270
4290
12702
14497
12809
5557
9962
1223
6524
16422
3650
7028
9069
8174
10082
12841
11128
9684
6047
9657
8614
8067
8836
8594
5663
9336
11371
16426
11928
6639
14641
7639
15664
7632
11390
8434
2286
15086
15630
15552
8866
10930
6688
3146
2280
6818
10042
6795
16453
4449
14752
15530
3017
5030
13368
6256
2120
16305
15877
15220
13978
16509
8245
16214
5312
8388
6557
7858
15414
6979
15925
10255
10955
9709
6161
12245
2155
7739
4797
10689
6144
16060
11442
15222
8488
13441
1815
12276
6347
15117
9985
12454
4371
15163
7784
7093
12565
5741
4499
9998
12135
11989
8060
6546
15510
13832
5704
6499
14166
5517
8486
5802
1425
4875
6575
2215
6403
10571
12341
3283
14525
1244
14389
3406
2523
6158
5478
16120
8261
11373
7107
13739
8098
9857
5399
13678
8971
6470
11754
6579
2052
10950
14454
11360
10067
9680
2451
6628
14539
7996
4885
11023
4899
5921
7026
6789
1627
7173
3192
8689
6850
5052
3131
13170
9179
8337
7581
13307
15378
1689
9402
4458
12051
8947
4190
5673
7409
2981
14424
15486
13404
5966
14737
4760
9145
6100
16135
6415
1770
12914
9303
5133
1573
11716
3875
4456
8372
11763
16758
14888
4864
5053
14477
10788
16216
5339
2803
7577
5776
9834
2613
16339
16689
13325
10037
7303
2903
6419
9285
5664
4520
4250
9610
5107
13790
3523
717
9228
16349
7570
10701
12875
6345
4401
10090
7282
8924
3563
3214
14291
13838
11329
10147
16567
10320
12435
9130
16660
13506
16748
5843
10888
8861
2184
10646
8104
2263
15252
6515
9406
16978
15599
16842
2560
5298
12272
4410
8858
2202
8917
12887
16199
9420
14597
12329
14867
8533
8989
3440
10510
5846
10967
3531
4478
3193
5503
7812
14564
3776
5731
3747
14214
16825
12264
12878
2135
4687
16388
3965
13129
3559
8110
5641
12239
14929
6366
12350
9275
9317
11082
11609
3090
13254
15786
11469
8828
5844
2628
11439
3381
5762
7407
13644
7254
10784
8128
7358
4216
9803
13933
16902
3836
10536
4755
15811
15618
10080
11080
10043
15238
2310
11325
6840
12067
6684
15183
2405
14052
3458
8502
15303
11015
6910
13173
6685
15326
7485
8470
4911
9968
2790
13492
14726
9620
11872
7334
9734
8232
11948
10570
3335
16294
9820
7950
14251
14319
3296
12243
11876
6619
16033
7918
5610
12199
7520
6329
8894
11096
15605
15155
5581
10726
3804
16890
9464
5085
16946
8786
10822
10915
10812
12615
4584
14952
6855
14533
13041
3252
12270
3539
9181
8213
12606
8588
15612
3976
3530
13223
3688
9036
7077
5254
8893
12962
3775
9458
14991
3467
16796
4763
12057
12561
13748
14096
12745
2435
6296
15428
3511
14253
4359
6650
8742
10227
2500
3831
3265
4484
8959
8899
3045
11568
10437
6882
12313
9201
13230
13507
8589
5507
14831
13944
15579
3157
3731
4916
10467
13873
15255
10818
2437
6805
12189
7715
12371
3239
12097
3984
7153
1572
16706
16744
15329
9018
4197
6186
16885
4934
6305
6647
6696
9930
3823
16526
5591
13697
2850
1553
6764
5546
2221
14307
8610
9461
5073
4990
16609
9491
8741
12818
16337
2111
4377
14018
12337
8961
6344
4583
9266
11809
1368
14176
2927
8944
5860
14800
12196
15291
11525
10254
10058
8022
15640
12825
3133
11451
11398
3343
10800
3525
10419
13914
7886
9918
12764
10968
16008
10929
6043
3404
16603
3651
12837
14231
1951
4241
14472
2028
13750
9286
9174
13429
13884
15892
3095
5067
9092
14599
15100
13628
9904
10099
12604
1569
13146
12017
15864
3398
11483
15588
4014
12832
4255
5014
4509
10973
7707
12600
11174
12118
16286
2109
3548
6740
14179
6313
12724
9410
15122
7435
6738
3581
10774
2760
10859
2461
13107
8348
9503
9051
3888
13460
10476
6876
3822
4397
2826
9365
10101
16000
10354
7657
8004
12877
6188
11735
15657
4407
10134
9341
15628
16151
16553
10728
10835
7591
11971
12404
12304
6964
3139
6865
15372
13225
7579
4803
13162
14727
5962
13734
16179
5493
8219
10308
2139
7755
16542
6614
12373
5122
17013
13865
7808
14464
6197
9246
7761
11322
15217
15934
5781
12852
9831
3375
10021
14077
3673
9576
3982
10026
9215
7656
3912
6421
7187
2712
7928
5317
7501
8282
2959
3648
14790
2921
10585
3169
4383
10506
16876
4824
9508
8149
10791
11556
13733
3627
10452
12538
15062
2168
16118
11137
15103
1892
11598
12967
12162
5963
13098
5079
5778
13899
11945
9055
12271
14977
3621
10860
9818
9433
16737
5033
2137
16583
8385
6667
6453
6809
4415
4121
10977
7250
10833
3377
14144
4932
16181
6836
7914
15099
2084
5790
16196
11242
14997
3848
12293
6309
3312
10129
2785
12784
12934
15191
6968
4479
15607
3715
4041
2470
13782
3939
11003
9833
6987
5898
15532
7139
14637
10554
12391
2335
9252
16808
8526
7551
14682
4804
6879
14280
5363
13993
11950
16939
14818
5116
9515
7447
5035
3711
8558
16691
11095
9552
11649
15810
2868
16088
4818
12686
10660
7454
4035
8018
11161
15689
4667
13822
6863
3459
7951
8270
14582
9807
7864
10224
11748
15040
16164
5967
7884
10692
6775
12530
5110
10943
10065
8679
2378
13305
2114
13955
3380
3055
16992
10383
7768
15350
3464
16374
13693
5720
9327
13209
9626
9113
14294
1310
12712
4000
14333
14181
11109
2624
2589
4376
9190
12039
16653
12970
4379
11886
4224
11969
14756
3174
8996
15814
15336
12933
9537
15060
12095
10627
7235
9448
5041
3011
12775
14517
14931
13163
4547
5011
14875
10117
7843
10823
773
9379
15620
6469
15868
8580
14320
15916
11557
3743
8377
15472
2553
1876
5627
11440
11381
14611
12801
6577
13369
13586
16720
10465
16229
16703
5456
6143
7115
8967
10033
11424
14773
13868
15942
8827
7287
12858
11320
11880
2998
10102
13210
12799
14059
13425
5284
14849
9122
16301
15087
9393
3382
6556
15594
16185
14082
13023
9306
3015
13169
6600
12176
10841
2071
3029
15070
11828
6644
9790
7152
6676
9344
6645
13605
2469
15613
3212
15457
11595
14158
9250
9622
14910
11345
12035
13072
16345
5161
16025
2925
3105
16074
2472
2443
3674
4632
16964
16092
13542
6811
4892
16184
14499
14574
5320
9065
11858
16903
2990
11036
4154
7931
14808
15706
9804
5531
2806
11655
9162
12543
6977
3413
801
7970
14559
4587
16054
2198
10145
9967
13097
15687
7102
2362
4574
12443
10427
16601
13078
15136
15584
4227
12347
6988
6919
9236
16068
9391
6773
13046
10088
16905
12261
3025
13214
3059
8612
16695
2350
11795
15698
13466
13066
4331
5170
9434
8561
9848
12238
10349
11086
5859
4105
13409
12870
10508
10151
4901
16864
10566
10063
11237
12356
6183
9383
5863
9689
15729
1847
14211
3710
10173
16829
6463
9205
15233
14516
5430
5903
6454
10779
12791
10153
10648
7170
7523
8406
2943
16146
3653
1737
9080
15655
9485
13858
6488
7061
5644
3184
10656
13083
16154
13342
16357
8354
15973
6843
8239
5604
10497
6227
5429
5249
11999
8221
12082
16226
4226
3911
8602
6411
10195
8886
12106
10393
16247
12138
7322
6771
6031
6999
4827
11610
11775
2741
2640
3200
16679
15940
4774
6389
12718
2174
16209
14970
10007
9334
5850
3469
10309
8438
5440
3681
8908
11421
12648
4071
4515
11796
11216
7108
14140
7953
7195
16975
2080
14110
2338
13850
10739
14015
11930
15095
12489
10563
2102
2509
6491
14434
7508
2382
13128
3182
6507
5841
10814
4650
16799
16508
11181
10345
5221
16145
8051
9744
6476
12289
11307
8361
8986
7613
13196
9403
11667
14167
6128
2304
13184
9278
6435
13323
6414
2646
7455
16097
3802
3217
16479
2125
8476
11204
3062
9000
16581
3150
13663
10411
4859
10422
4504
16949
7212
11982
11259
5767
7911
7071
2272
6680
6310
15797
4133
9549
13615
16638
10683
4350
16043
11728
14806
16541
6890
13618
9484
11252
2788
7204
11548
1159
16466
5010
14210
7479
4402
6076
11624
10670
14337
9204
15629
13818
10257
11138
14883
8392
5336
6560
7492
8492
2542
4477
2247
6340
13401
2093
8276
2611
3630
11306
4568
7009
7457
10996
12744
15473
10876
8177
6413
7510
15736
13779
16661
4068
10194
4020
4286
2448
13320
9206
5789
2498
11380
3597
7736
10524
10053
8013
9366
15290
11980
8387
6086
5401
10514
6087
3186
15825
6888
16884
12783
9371
3657
3472
9338
16708
2971
5239
15383
4326
16608
7665
3286
15989
8020
15928
12334
4098
2789
10691
8105
6285
6734
15489
16612
13288
8690
2805
16976
16989
9517
2931
14360
16947
5651
8832
11120
12545
6833
2777
7782
12892
2073
16549
15249
5101
7033
3596
5686
10004
8021
10949
8366
15202
16699
5660
8321
8467
12566
3148
10357
16777
10091
15741
14648
6062
6420
8709
4178
12539
4589
12661
14638
9972
8953
9363
15270
7072
8638
3897
11049
11382
15850
7149
7227
15922
13771
6234
7109
9196
8799
1980
8390
1436
6249
6504
2566
6214
13645
8170
4365
12864
13033
13235
5255
7462
16700
14950
5042
5296
15748
5671
13451
1175
9878
9142
3203
10054
10059
10240
9187
4285
12608
14572
5607
10333
11039
8357
2557
4054
2865
7304
11670
12651
11274
15263
12675
4416
11710
3348
6548
6832
12585
5965
13685
5502
7873
2847
9996
6542
3141
6870
10725
16994
4248
13529
6224
3112
7361
15354
13165
4044
711
14595
5092
14667
12159
14626
6431
11298
5290
6537
4443
4297
5382
882
14011
9542
2918
9890
5068
11870
16589
9509
10330
7023
3870
11267
2686
11778
8212
14845
16333
13766
13292
11994
4602
3431
5949
8355
6814
3760
15711
10547
16805
3611
782
16002
16780
11302
13400
12946
14994
9457
16503
8402
1184
4511
12291
2412
1095
15147
14046
7938
11659
16571
10846
2204
15663
15251
11915
10171
13971
7190
14446
6011
14659
11566
10245
7564
10838
4770
12026
1835
15601
14048
16572
15758
6992
14189
11184
8303
2417
7377
2287
12733
2091
9582
10421
5442
13797
12232
8615
16386
4466
5152
7929
9271
10854
14163
9170
10954
12738
14941
12912
6335
15704
5201
7732
10302
9881
12283
3671
13963
2934
11851
16600
5300
12431
11489
3106
2320
6052
1540
16786
5973
1330
9569
14115
10083
9254
2939
11000
5173
8399
12737
6304
2845
5241
14182
6800
11968
2719
3964
677
12754
16123
3814
10015
8525
10482
6765
2659
10233
11500
2775
12774
14120
10712
5682
686
12333
15658
7370
14546
8137
9413
7166
5608
8636
4184
4854
6755
6394
16215
14633
6498
12542
16672
4550
14541
8568
13668
4866
8194
16034
9129
11517
12618
14913
1559
8317
3389
11081
12581
7253
3269
5378
2129
13781
9437
5418
14679
5765
15911
3021
14145
8663
15116
11516
7496
8063
8196
3541
1542
8621
10757
4196
5213
15732
10519
5287
10352
11485
9330
12563
16380
13674
14399
10868
16607
9656
12743
16490
14020
2422
9006
6112
9891
6732
14717
3540
9316
6916
15995
5313
6898
16548
10114
3807
13956
16687
2239
3301
5217
15677
7842
6846
4713
1538
10629
13505
16738
14783
12098
730
5910
8560
8363
3725
14068
16958
8882
4615
12884
3926
13073
3765
10602
5974
6509
15068
10121
4191
5229
7538
1993
8584
7037
14398
13861
16182
14531
8474
15371
15860
12374
12389
16050
10472
10287
16701
16551
8968
11169
9942
3748
2930
2602
11493
14186
4815
4716
7730
8240
2558
7832
7226
15309
11150
9479
3628
8181
14823
10671
16656
16644
11856
5756
6475
14348
15986
12049
13547
3350
4800
14834
10066
11560
2148
4874
9424
2045
7688
12998
10220
14768
4119
1995
7659
5157
7067
3931
12005
9283
1640
6736
4126
5486
12584
10745
12381
14005
9240
12055
3745
7888
4777
8809
9835
3004
12179
14427
10551
3232
14313
15226
7599
16227
8082
5806
3694
3956
11654
9713
15418
7085
9767
11083
3934
11503
11804
3349
10925
6787
7092
13793
3297
11327
12186
5136
9844
3236
10647
16047
7871
12037
15174
6816
15788
8365
5701
9872
16655
8468
9938
14618
8553
7386
16520
11220
4619
15582
6649
8136
10201
2616
11631
15429
10344
2332
5961
6448
4430
14301
13852
4426
8473
5031
4293
12210
6181
6377
16450
2040
13772
7985
10167
2607
7616
12956
6606
10755
7601
6371
16894
8408
8329
3147
2734
6717
1735
8668
4562
9706
6722
3895
9800
4361
16462
7215
13809
4517
6538
1955
6156
11830
4347
7848
8126
11422
6275
9164
13110
16108
11200
14131
10907
16098
13290
5330
10072
2632
2241
16920
14698
16040
11946
10187
12965
14846
11164
13418
9546
16866
14879
4725
15160
13491
16867
11187
9099
3884
7320
6642
7618
2490
15177
10659
10953
16327
7306
13711
11389
4653
13449
5118
10595
10599
12742
13661
9518
13637
8576
1721
5983
15283
15659
15102
8072
12869
14369
11510
10857
15649
16761
13694
15528
14857
16712
9245
2146
16015
10852
9951
3310
12758
12955
10698
16110
11732
13166
11789
7965
3254
7692
11152
3071
16539
3439
11734
15558
16474
10055
8201
8024
5886
10011
16248
4420
11683
3896
11848
13411
7057
11835
8353
13589
3027
4471
4950
10436
3763
12364
3240
12670
8079
13253
13539
7628
11473
2949
2617
7519
16846
3891
12168
3641
8302
7698
4793
5786
4747
9553
2835
11072
10705
14242
15409
11304
14223
13151
5292
14678
12827
12773
2433
6875
13590
12932
3423
3400
16300
11583
16816
14321
8762
13994
10851
5060
15422
13906
6918
12223
14960
8344
10335
2313
14150
12777
3222
10468
14024
8092
15172
16295
4789
13435
9750
4147
5533
13689
11042
13551
6287
16888
16979
5018
8788
12548
10283
14442
10574
11619
15474
15379
14615
12848
15037
4795
11743
14099
16934
10684
7397
6824
2910
12688
3219
12197
3601
8740
14001
9618
11932
3810
14230
14986
6212
4265
15873
3003
5376
11210
8314
8997
7236
10326
13000
11674
4153
13306
6201
11790
1834
10241
12650
6265
3633
8747
2993
718
9575
7203
4089
13233
16896
15180
13431
6950
4591
3488
2781
4170
16396
11803
15332
13271
2830
8864
11646
15098
14766
16128
14895
5815
4831
15318
12361
3126
12706
12590
2535
11171
8371
11679
2694
8881
11149
8042
10456
7920
11206
11579
10538
13531
2909
6485
12410
7582
11802
6803
7053
15933
5154
15075
14552
5782
6638
15179
11490
16071
12031
15610
13795
3690
7870
14084
13919
9053
16392
17019
11387
5338
8253
3841
5690
2745
9715
13664
13738
12314
14607
1606
6902
9815
12427
9675
7969
6527
6445
12888
7154
5227
10003
9912
15237
8716
16387
6830
3319
12883
1676
16665
13768
10605
16377
16095
16242
6199
7509
4107
9310
3313
3279
5286
8332
5818
6980
9321
14456
14478
2200
11888
12322
4404
8330
16001
16189
9541
8657
4185
11353
16511
10965
5955
2159
10005
14328
2186
16125
10940
16147
10545
14439
1506
9483
5855
13786
2965
14567
3842
5618
5909
15089
13907
16262
2307
8557
3670
4169
6427
11752
3728
5177
14844
16233
14621
16918
8472
8165
14165
2203
5582
3378
12429
6037
13140
1398
13831
12244
2885
4419
7264
8227
11529
16962
11903
11941
11253
7890
12395
13414
5409
8990
3838
9224
3606
13979
10074
13760
3910
12063
10933
6683
13841
15091
13039
10210
3533
3803
12500
5281
13349
10132
15519
10403
7489
4049
10170
2548
11602
4658
13862
14267
12436
11723
2064
10177
10987
2225
9222
6268
4467
7396
5022
7705
2849
8732
13285
16736
2216
4666
2843
12433
6675
7606
6302
4090
15684
7608
8286
13321
9348
2368
11699
9208
10122
14278
5923
12993
14825
11572
13814
14990
6479
5780
1813
8767
7683
6106
10266
3208
8572
16872
6590
10156
2501
15126
9784
10051
13374
12124
9352
9943
3518
16055
5991
5759
8359
16900
4556
4123
10123
12441
3649
6474
16677
10155
2696
12816
7845
16605
7148
7846
5721
12372
14212
3067
13324
4018
13585
8306
11601
12009
13976
10527
15592
10049
5357
8342
3682
10747
15829
16669
12349
13619
6751
3797
6353
7486
14302
2899
12175
6562
7273
6089
16109
3260
16928
9574
15611
4545
7312
11405
5089
13677
9499
13201
5355
2979
8228
1221
10861
6245
1693
14460
8640
13108
5314
8250
2630
5523
10232
13053
4247
2730
15106
7194
6885
2550
15952
5630
16690
4200
3610
12564
3085
16459
8183
5134
9692
10406
1521
13999
16210
7760
8544
3561
7157
9781
9936
10461
4007
6097
14502
12750
14387
4721
2242
8907
11864
15058
3020
7390
10793
11937
15300
14792
9440
10455
15170
5046
4425
15128
8254
10432
15337
14971
9261
16016
12330
5325
7940
14594
15420
14724
2136
7272
3463
12077
7452
5636
11257
4009
11444
13237
15059
15503
9238
7480
5381
8163
11454
6802
6099
10050
16619
6646
5420
9139
15034
15223
4588
13570
2528
4261
16533
16566
4622
4355
10628
7261
4787
12224
2057
2794
3446
14448
13606
14288
2162
6363
12506
3456
11821
10081
5063
9973
15453
7191
3622
11853
11642
16237
13247
14739
6317
9042
12537
3339
16504
11693
15518
3295
13561
10837
9416
5702
2294
2227
5083
8484
15134
12632
10970
2586
9329
8516
8045
14787
1424
9757
4867
13713
9442
5571
15580
10248
14527
11099
10624
5561
12447
12148
4360
9154
10669
4137
8851
14039
9802
10423
17024
14105
2784
7706
13785
2375
8318
9524
8998
9160
8456
13331
833
12992
13458
16494
6627
2404
14561
10428
1707
12749
9901
3782
5043
4861
16986
7380
7585
9613
3411
15826
3247
13440
10381
16230
11340
1408
15239
8957
9118
8187
9995
2869
12083
3827
12741
5934
4374
3554
11819
9024
14016
5259
6996
2718
6798
6352
15553
5059
7483
3712
15190
1173
1863
13336
9012
13983
16332
8510
2395
13957
3821
10762
3794
8685
15209
15269
12343
6098
7438
1176
10608
12779
8048
1914
10041
6383
3759
10036
12467
3001
9919
9743
6952
12338
5573
8999
6820
2346
5293
15931
15885
8499
8688
4543
2669
5529
6094
6622
13569
15278
10591
5434
13601
2098
16802
8771
2733
2913
5558
11319
4757
10420
13516
4384
16751
6215
5141
15781
13138
9944
1440
16582
10485
2970
12497
2130
12392
2336
5805
2251
15025
14513
3855
2599
2838
4202
12379
4514
6605
6213
14848
13145
3560
11004
10362
5148
4240
13723
12976
13410
16335
16970
8905
7123
2722
13621
13566
12923
6973
8804
13174
10291
13497
4389
3702
13315
8367
5496
1534
12020
3756
6624
10732
10638
4674
14315
9555
6036
6797
15367
6072
15583
9605
16421
12872
16935
3402
9307
11112
4104
12863
4596
10731
9219
9356
15883
13142
7802
13453
9987
14937
10396
11844
8180
13351
10615
7379
5880
2449
14482
4590
8220
9274
11762
6726
15195
12213
7672
10759
1926
7954
7815
1565
13175
1320
5015
10546
11643
6279
3655
1669
11315
15092
9182
3115
2357
16486
4380
3447
1546
6859
5819
3306
7467
8118
3908
1475
16650
2907
7644
16473
9961
9981
12503
13471
15787
3320
11496
4341
3665
11935
2391
12798
10161
15067
13008
12689
9686
7301
16066
9933
5270
9917
10657
14723
7044
5459
3885
12078
6711
12045
6643
7207
4879
7500
14832
5076
12038
15828
3824
14173
10488
2739
3354
10697
2614
9287
14392
15777
7680
10533
12047
8373
3850
16514
7331
2687
12464
9294
2795
4651
5080
8733
13640
3179
16330
9646
15692
7576
8660
1903
8991
3412
14989
12048
9132
3577
6286
9643
6673
8875
12951
9444
14699
5370
2428
2749
14655
16618
9079
15913
9223
9984
11047
15792
10410
13161
2043
12207
16195
13314
16282
2701
1248
17007
5672
7103
6658
15839
13883
14308
4095
5601
4061
5398
9384
16875
14661
4508
10338
7150
11632
6391
7070
7722
11607
12555
5795
13833
3317
10293
8316
16645
7817
15081
13707
16445
2180
13422
7177
4972
5393
16727
11784
16361
6595
8826
10881
8292
13765
2861
2697
15771
10685
14936
12557
9439
2655
10295
12616
7751
3685
14556
10463
3121
15768
12352
9423
8009
14890
11287
9125
7566
8364
4626
3068
6995
7083
9290
9138
10989
14646
7162
11690
13671
3767
12042
4362
5371
16410
4117
8259
8304
12594
7826
7117
7679
10718
12013
6565
4600
9669
13916
8061
4210
3419
11901
13189
11016
10803
13836
16153
4513
14859
16137
14784
5247
5621
8697
8859
10742
3877
14241
11939
8422
7754
10281
12018
16187
6972
2968
14998
13954
2217
10087
13102
11952
9634
12682
16753
12638
5405
11194
2596
12906
13250
16211
4694
9920
14881
12494
8469
9493
14617
5007
15135
5858
6270
5473
16826
2604
8435
8446
11226
9953
16274
4320
2467
9293
7623
13882
15041
10610
5425
7624
8938
11637
14780
13714
1719
11180
7105
6121
16598
2379
9047
7477
14829
6166
11198
15471
13747
2574
15390
13920
4459
12495
12751
3242
5506
5269
9048
16150
5936
9188
15294
827
11351
5698
15572
12419
13560
9825
7043
12592
3063
1289
6763
1700
3943
13494
12861
15071
10750
15005
3967
10781
13746
13753
7351
9963
6558
15991
9731
3255
16624
3520
11668
3078
13028
8125
8099
13234
16788
16743
11411
3142
14868
9323
16368
10972
3432
11499
13094
16849
16770
3073
4398
11597
10279
7514
12478
2290
13310
15164
6014
8853
10596
2196
783
7124
5354
15138
7749
13338
16006
12885
7180
13636
7300
14771
11475
14129
6105
15053
7459
5250
12490
10106
1457
9955
9740
10384
14444
3278
9627
7160
8981
2579
13255
12960
8345
11221
10990
15194
13459
4630
15733
6569
13709
3792
13416
9892
12544
5552
16719
16499
13826
2348
12900
8164
10292
2494
16174
16104
3370
14295
7626
2048
14022
11024
6115
11570
14598
3662
13080
8200
2700
6203
1927
14261
16452
7445
14423
14751
8706
14985
11131
16035
6102
1609
5625
15661
8664
12299
10205
10297
3536
9312
6257
14642
8922
1575
14581
7081
9135
7983
4188
6708
15231
8835
6883
13010
13077
11725
11885
15449
10795
7549
8202
12790
7762
10190
11702
2974
12116
7572
5191
6749
12683
16249
15335
3599
9914
12014
3528
12678
14657
7013
2892
12647
7708
6238
3475
5542
7524
4312
5677
3191
14326
8770
16747
2492
5989
11497
7432
6774
15121
5982
10555
5691
6815
2055
15182
6613
13534
5632
5602
6989
9532
3580
14707
15211
4929
16729
3985
6271
14805
7450
8017
2376
12570
12104
2710
4692
6462
13266
5209
8975
2526
13444
13461
5588
2832
7137
13081
16860
13354
15467
3598
6120
2980
8691
4158
7497
12693
13521
4034
6571
16739
6333
8108
11840
15614
13152
14169
8642
15289
15969
9763
12415
14654
13587
3218
5914
15757
17015
10956
3428
15550
7316
5360
10722
6173
7265
6941
13363
7852
16341
14828
14649
5797
8700
12853
4871
2606
4246
6129
14070
5145
14557
1186
2652
14953
3578
7277
16024
16840
4728
6232
13749
3643
13651
9926
9994
14003
9197
3054
4756
8263
10399
14948
5128
5849
15435
4039
13892
11661
8623
15775
3309
12550
7129
14955
13478
12160
5123
4233
17000
5528
9003
2804
15721
11205
3114
2530
9696
11814
11218
10573
3893
12331
10578
4468
12662
10163
2986
10530
5597
14995
13016
10046
2690
9191
3834
16317
4208
6303
9104
3574
16107
8985
2327
15527
9242
14684
4762
9027
8813
2167
15158
2398
13070
11346
4299
3016
15606
15525
3294
15311
14256
7158
3123
8233
16756
9263
6399
13058
13680
3729
5584
1216
8358
5384
5273
3575
10769
14092
2956
14981
9875
8405
2426
13302
9155
17020
11622
7575
12622
8162
2608
11334
7561
6827
10006
4309
10418
6384
13252
7443
14748
6164
15538
1520
6154
8198
4941
2112
4834
4316
11147
6465
12687
8978
13662
16324
13611
9921
16079
10561
5709
8764
11584
14932
6845
6508
3846
2479
4291
3625
14085
14854
16757
16709
4412
7354
13158
4470
13934
3772
14041
16646
16434
6691
16731
10139
5318
13829
4081
16904
4013
10756
2161
3360
16029
10783
12811
2089
8604
11331
9572
2393
8507
7807
13034
4253
2205
3143
13526
14306
14634
3924
13117
16078
14353
6783
9041
10661
5019
16614
11311
9098
8360
9727
2867
6974
15546
9005
1839
2229
7772
12815
4310
16046
16666
3455
8451
16180
3656
11678
7813
12185
8518
11408
13382
14029
10315
8831
11123
4236
14155
9865
7714
9751
10380
7079
3889
2623
9425
13828
3429
6409
9504
10740
11212
4593
7967
5135
4115
11953
5572
10417
15678
10529
7811
10575
2485
7526
9691
10964
14920
7169
14419
16393
4670
11349
10473
9534
4516
11639
6081
10641
13014
4642
9400
4775
14543
11578
5197
13810
5538
752
9297
3603
14254
5525
7341
15468
15726
2414
3564
10253
4330
5990
13794
6678
12432
7458
8443
3594
13397
10766
11134
9159
10360
11409
3595
15210
14232
15298
3707
8258
14674
12128
8290
6713
14965
3755
5871
13340
6437
14509
16103
6038
9775
9328
5792
8622
7344
2169
11054
3750
13100
16683
15789
4501
16769
15413
11737
4921
16149
8929
14350
10034
13443
5331
10250
15349
2493
15109
9915
5544
2210
9244
12713
12043
11133
2941
3014
5924
11282
5198
2994
2388
11985
1272
6630
6282
5361
4432
1328
13295
14762
9598
14309
8909
10937
14385
10681
10159
13156
7788
16036
15314
5563
10703
15412
4400
7895
6243
16536
2325
6184
5481
2408
12040
15812
9351
16489
8974
16350
5609
8437
10903
6971
12172
3376
12792
9956
9451
4811
5020
10946
9305
4215
8145
17008
10160
9176
9441
12002
5138
12280
14521
5927
11891
14518
16852
8401
10809
7748
12202
7598
3952
7593
4029
16746
4905
3397
13500
2580
10862
9631
6496
17010
6231
7711
4100
4403
13947
2754
16615
11920
11665
5842
7734
3820
13555
16908
15362
10272
7239
1345
9389
6192
11193
12769
3948
3635
12200
7515
9641
15152
9630
15846
11698
8704
15862
6871
16534
15036
15654
13743
14012
15624
16891
5069
15576
9482
9911
6847
2115
16944
5937
16370
16139
11526
9258
15451
16049
3980
10111
6439
12536
4985
2296
7060
3793
9761
11135
13646
2252
4696
11535
12755
4229
8956
11453
10598
14519
4851
4343
12030
12450
13454
13482
15157
6326
9601
16048
12234
11929
16804
15686
7385
16062
16776
13869
3399
9832
10909
7899
9032
10991
7323
13484
3777
11141
14651
10503
7474
9304
5047
11230
9030
13001
7211
4057
12983
3291
16493
8647
12574
3270
8593
2964
13249
1495
2257
7256
2400
14819
12659
14183
5857
3935
8244
14060
4465
12534
3327
16244
14185
8252
9566
11461
15055
15049
5985
12771
4280
16328
16293
2833
2545
14864
15395
14171
5827
7533
5356
13141
2232
9580
11029
15910
15447
15124
8669
5738
11816
16267
13037
6549
3705
10528
2799
15431
5316
11215
6056
3669
10649
14514
16454
13477
8447
13649
2078
6276
12507
8248
14488
16173
16784
912
7106
16488
7674
13763
2209
10939
3826
12092
2486
16424
13827
15438
5728
14908
15491
4002
751
16704
3783
5288
2855
12787
11383
9134
5972
8143
13327
14157
12667
15881
5006
5291
3496
11067
8710
3140
16435
6770
2211
12830
3228
2267
2594
13144
3415
9587
13343
6709
13087
2246
16059
5491
7779
14199
12112
10714
6428
2555
16081
7425
3593
2725
5167
1178
12140
16428
9670
12303
14168
6587
7699
4965
5890
6695
5049
11755
11234
7257
6570
10981
7029
5389
14891
7482
9324
16407
15886
4533
4181
2765
9378
15228
2234
11492
10189
6791
2916
16722
16356
4177
4534
12209
8191
14228
13871
4264
4080
10016
15351
2807
8376
1167
16783
8461
4620
903
11868
16277
3116
16026
2590
5214
12767
2454
6323
5026
8591
9220
3795
6788
16165
12308
16913
2193
15415
5458
14459
3267
12428
5997
12699
5390
9866
4011
11158
10893
15293
16815
16681
6637
7034
9902
5831
12342
15498
9671
4646
6273
6068
10579
2740
8760
5454
15849
9816
15423
11897
13490
16197
2716
8425
16116
7537
3752
9432
11480
2460
7689
16268
12714
11227
14191
11533
13634
10550
2147
15508
8535
9758
15524
15445
8218
7516
9779
10878
16781
9094
11837
11106
14614
7793
2261
11290
4392
8675
11860
6596
11907
7428
10511
2891
7897
14390
9407
10085
6735
3663
2831
3414
16824
14429
16497
15832
12073
4719
14161
2341
6707
6756
8397
3280
8562
1976
11094
6960
1590
3840
9110
13773
2206
7750
11368
9846
16099
13417
12130
6513
10001
2912
7281
11429
2316
14065
6725
8792
6701
10247
14054
2569
5180
11441
6745
4701
15248
2238
10103
4548
9488
9971
3086
12332
4192
10832
8032
5129
16916
13127
5492
10222
13540
16178
3396
15325
10369
12491
10675
15333
7471
11232
9015
16848
4393
2276
9017
15956
7502
5474
12517
4140
15977
2372
2768
12598
15855
5263
8075
6398
14603
15966
16436
1261
11988
14073
3384
7442
15682
9760
9340
5408
15450
8144
4151
13432
8522
1655
13578
9667
2836
2101
14668
4711
6262
10874
9419
9520
3604
5975
15879
2547
5444
13543
8715
7621
7716
11415
4740
7984
14553
6790
7050
10765
12942
8413
8246
2666
12475
10768
2888
12804
13212
1687
5577
15632
902
4962
15722
5911
2532
10603
9863
16470
7513
15137
12963
8480
3825
2878
13845
16859
4260
2517
6058
5055
14257
12636
8382
15411
13558
11247
14807
5993
16790
6942
9717
14861
15791
3727
3155
9301
5836
7241
11540
5094
15776
8825
7410
3684
4345
12228
11063
9354
10727
2592
11062
8850
5037
4145
5219
16579
1400
9249
13815
7073
10709
7096
3529
16803
4680
10057
12386
3175
7422
3507
12230
11618
14577
3746
9502
9906
5794
16122
9851
16338
11265
11176
12465
15805
7506
11396
12511
13893
6598
14130
6518
6825
11395
14203
3368
11694
2684
11636
14400
10412
3321
4303
11172
7498
9809
4527
15394
12188
16355
13946
14764
12846
2359
4138
3225
8002
6379
11301
14886
15357
4660
4493
4951
13834
11794
13322
12919
5837
14160
16045
14340
7035
9023
16862
10906
10310
10612
6750
10753
13269
1771
2092
15575
9795
6998
16266
13347
3037
3955
13625
2100
12486
8030
5628
14961
11228
9600
12828
5218
4352
15240
14000
9414
14660
6502
10828
12033
14330
3545
13020
12164
8880
10450
6689
7064
15884
8834
11136
13688
16017
13708
8567
7728
9624
11569
4991
14335
2960
10719
5410
8812
7932
11446
14653
4907
713
9153
12922
7766
9044
1958
2695
15488
9362
2054
5678
13527
7675
14537
11139
8683
11559
3921
10871
4872
6842
12007
12669
5206
11997
8278
4648
9700
6390
3808
10630
4183
3741
6034
9026
16963
11007
14785
6944
10819
3513
11664
4136
13592
15626
2679
7648
4444
3274
6926
9067
6634
10199
12218
15880
8374
1917
16261
9226
3483
8969
8751
15842
13202
14504
3950
4569
7097
2377
14101
6714
8930
14735
3299
8605
6080
2085
16007
14640
10619
11769
16322
8095
16818
11543
5535
15408
15484
13398
4064
11151
4858
16654
10486
15819
766
16759
11504
7964
14126
3882
9109
7511
14204
8932
6003
6653
16090
6533
13573
12015
12052
7024
6150
16019
5142
14004
5017
10541
12546
7494
16798
8285
2963
14057
15048
8687
11918
8918
12101
11143
16129
3221
4526
8426
4065
13280
5888
5452
3132
16927
14563
16134
7853
9698
7565
5870
11575
6261
15385
1752
4258
2477
8559
4607
6567
4422
8695
14410
7141
7949
8643
1620
6573
13455
15262
2657
16093
16207
10124
13341
2780
4931
8775
10491
11758
2269
1196
2842
10758
16532
5034
8734
7125
8432
16545
16378
13517
11647
10887
8736
5359
11145
9114
15745
14394
15727
8960
12430
15915
16930
11582
14368
1405
8038
11107
14919
9839
8094
10643
6362
10319
8025
15407
11367
1493
2621
16651
11425
4323
4530
6349
12217
16915
4679
7654
9500
7507
2702
8988
14917
12220
9173
8088
1384
7242
16124
16487
4052
13780
9579
12958
12611
10234
6677
14507
10060
12499
7267
10214
7094
11084
7423
2419
13224
9658
12926
9681
10694
16861
14067
4957
5406
6079
7872
8966
9889
4978
16119
3916
16463
12715
6299
7629
10983
3585
2311
5853
16089
10416
4109
5127
15436
5635
15345
6388
6948
7051
4563
16257
6291
2801
12201
3096
6564
10314
4706
9368
13364
7830
16630
2025
10780
5391
13627
14956
12899
16241
2143
4586
13682
2087
16005
2886
11524
2133
1426
14809
2105
7372
15464
4075
5747
4333
3474
4024
13812
15483
10078
14243
15926
13514
11459
12451
10525
2936
2764
4436
13701
7550
4096
14757
12305
13968
13970
2086
3900
12488
14317
11326
14277
7436
10277
3863
7005
16245
12377
8389
13706
4987
2841
3070
3387
15713
11979
13900
15198
13399
13276
16077
10270
15806
5061
5892
14570
8897
7317
3583
13977
13624
8677
5226
2591
13656
10658
9214
14290
4652
8682
1277
5799
2708
10238
14343
7889
4217
8900
8537
16591
8272
16056
10223
8380
15945
2231
2578
9931
13695
8655
14803
14239
12134
10581
9745
16027
8803
10916
13522
5252
13614
3853
6053
12907
5004
7175
8197
7987
15577
10185
13291
4219
4408
12355
10075
9564
2463
15512
6148
9392
13909
2044
9001
8352
5158
7709
10269
16877
2131
4008
9712
6195
8718
15831
6943
6984
10682
11466
1790
10328
1851
5661
7244
15506
16052
11767
8592
6119
6900
4481
1822
8031
6768
9602
10957
16854
5106
4480
8003
8153
10235
11736
4532
3942
10804
13122
12114
8111
5638
10544
4829
2403
8222
2573
7218
13508
5666
15129
7855
6418
6386
11871
5228
13241
11589
15011
10969
13622
8100
4304
5175
8444
12753
8632
9577
9313
11507
16966
11874
6477
7620
4201
4487
6075
12348
6248
3687
1451
11783
5882
10572
13891
12312
12701
11428
10193
2664
3120
4446
3667
9386
11269
3780
16710
10064
11993
16586
13220
11788
2507
14620
11561
15456
14064
4940
5303
6794
12727
7988
6822
14381
13935
11491
8086
11815
6189
6753
7415
14415
8885
10704
3740
15363
9357
14180
4718
5757
8308
13633
5874
4618
14635
1460
4433
3556
10105
9993
13200
4812
4305
3867
7825
8857
8173
2487
3284
2957
4102
12301
8773
4108
15602
13932
5439
7332
13061
14958
13430
8608
15800
4267
15772
5687
6782
6259
10896
9924
2256
2727
11033
7636
11606
10847
11479
5428
5768
3058
2662
12399
1268
2300
7800
2212
8551
12986
9269
2643
16693
13092
5485
8057
4982
11245
11967
10696
13361
13887
10286
7198
16384
16596
1361
11927
5051
10502
16326
11955
15101
11813
5593
14758
12260
9309
9289
3796
15074
5297
13966
6127
10285
11487
6434
11064
5717
2706
7274
11751
5358
7460
7311
17022
11817
6848
9280
12977
11959
3881
6149
8069
1647
9151
8913
2653
5210
13727
5460
9652
12324
3568
13612
9335
8667
11912
5639
16198
4845
9638
15644
12163
14080
15944
11170
11943
10976
3364
10642
16606
11335
6293
15937
7556
12719
12817
12396
15754
13345
1712
16064
7875
13988
8154
10047
12802
6180
3869
16887
14062
10096
10426
4349
11571
12642
13571
8915
4332
12233
11687
11551
11261
8756
5155
11077
12971
4914
10137
14363
11676
13287
4772
8596
6118
3383
9106
7634
16372
9635
9373
15718
11567
14172
3993
11416
2798
13879
4283
16352
7127
9103
8606
10963
6096
3392
2334
14260
13741
14374
9589
15785
12257
11786
15890
11280
4720
14495
5699
10110
7868
6359
1246
10098
16822
9710
8005
7960
7525
8586
12180
12125
7475
12981
11427
15432
10118
8539
11724
12765
7055
6219
6867
8719
4026
5075
16121
14550
4733
11629
1803
8283
7835
2729
8898
14136
3785
12405
6045
11168
10889
5603
3631
14590
13408
14009
9567
11089
9593
15551
4828
4946
3963
1681
12603
7165
5564
1355
5703
15635
3847
14296
5917
6525
8920
6703
10280
6576
9735
4566
2678
8874
14383
10542
9716
10702
3941
6777
4163
12069
7664
3318
2748
12463
7041
12487
5662
16921
1860
15728
11250
5304
2633
8950
6953
3733
2248
10564
2677
14341
1413
7039
8129
7151
4919
14224
11729
16522
9578
9337
1446
13617
9551
7086
8555
14027
12520
14413
16999
2354
13176
6035
3661
2124
9591
11339
12248
10401
15869
12251
12949
8504
16086
16752
6490
6205
8351
9824
6235
8791
7258
8928
7339
12905
8141
16366
16292
6868
9545
5182
10322
15685
4378
3091
14978
6393
16879
15384
8155
4131
13393
11264
15637
5708
13898
16766
13380
6092
15900
10215
8508
16881
15295
12066
14467
7518
7296
14121
13154
4460
12862
6697
11027
7324
4023
2068
12763
7745
12634
14089
2515
9481
4686
12835
9992
4888
8124
3154
5342
11911
15167
11378
11741
15141
11983
15017
6067
3361
15166
4572
14021
12880
8341
11558
11173
15547
4853
9536
8090
2228
12154
7188
15545
3944
15153
9262
16219
13263
11231
5885
3407
13071
3243
7787
15598
16938
6147
12920
15587
13370
3220
11591
15574
8951
15662
14878
13131
4682
14481
11801
11949
11087
14686
6664
8490
2667
7248
15006
12056
10856
8820
4698
7181
16604
13856
6874
9661
8249
13353
9355
8873
8312
3552
16732
7419
10865
8016
3799
9097
4776
8714
3894
5700
15820
4628
9704
10236
7356
6862
13575
7392
4125
7783
12378
9884
13583
5423
8948
9765
6801
11126
9463
14534
12281
9797
10558
12874
11207
12597
11521
12952
16957
4798
12571
7209
10169
14325
4473
2233
16415
9822
7900
15652
13579
3485
9929
4782
10651
16562
8887
2141
16100
13842
6621
16640
7058
14852
9408
11430
15615
4637
7975
8112
13251
9907
9519
2067
6218
7279
6674
2344
6343
10662
10813
6301
10131
6266
8910
4609
2521
9806
16728
13025
14205
15287
4078
16206
7484
2946
12807
3082
7448
5530
5522
13923
8297
13770
12320
16252
3815
16617
6705
4669
12171
2778
697
2920
16063
8529
4554
13554
16837
16343
9212
13903
3438
4069
16399
7357
9594
6311
11651
3647
16084
10471
7427
10306
8214
8495
7771
9885
6443
8054
15050
4498
12789
11573
5620
9899
3614
4302
5309
10348
16420
3229
14430
16363
6321
15672
7763
14091
8171
11675
10952
15115
12856
11068
3331
2911
8204
10717
8776
2121
2873
13699
15854
9533
4896
7678
14778
3044
6712
12644
7552
2003
16288
9742
8995
16835
15707
10787
7472
15903
8458
13530
16525
3676
14346
9862
9203
2264
9756
3886
15943
10584
5433
11506
10678
9966
9978
16371
7368
4122
4647
2278
5668
12129
5403
971
6315
5383
9333
9855
8015
4544
13564
2050
10484
9616
7885
6104
2182
2220
6909
12440
6107
3002
4925
9989
8211
2436
6237
7263
3482
3034
16281
9096
3435
12398
11272
5064
11413
5694
6369
11847
14772
14336
1672
15389
15045
3722
15591
11904
9997
3683
8482
14586
4033
15475
5777
7402
5586
5448
16570
6108
15790
16284
5748
13256
15823
8587
14190
8987
2767
5933
15773
5771
11203
3391
4633
11100
7338
8268
3097
13820
3521
13242
15988
7891
5681
4003
6171
15570
7583
6636
16942
5013
5040
8939
7038
12705
12480
3887
7327
4494
5750
15762
14962
9939
14200
14988
11481
5340
7673
15370
8356
3996
16546
16091
11954
3501
16797
5784
7615
10113
5570
7684
9148
12829
11692
16144
3689
5904
7795
10988
6635
4421
11363
2132
14841
13931
12637
12982
4321
6834
2571
13123
7814
16610
13928
7757
6023
15908
1490
13493
16069
8890
7759
8941
10802
13038
4051
10559
12868
11258
3138
15749
14148
8471
5159
12969
10687
3064
2431
2572
13360
9028
11239
952
12979
12794
3800
8452
4724
14613
2703
12122
10413
9556
16238
17006
12596
14788
4485
2860
8631
2173
16674
3005
5551
7007
2452
14496
1626
14229
13657
5568
7927
6687
1900
16221
10176
14882
7693
4160
15932
8421
2759
8103
10084
4722
15266
15520
4152
13026
6416
7531
11587
5397
14959
6455
10068
2901
15556
5323
4084
8824
15646
3118
16557
9827
13193
11518
12725
14974
12469
13752
5865
13194
10371
15031
8496
12631
10350
11271
16441
16588
3223
10045
15496
4785
2714
8629
9969
14209
15400
11254
12845
14749
4022
2295
10644
7882
7567
14963
4198
10263
16832
9225
11414
8524
9843
7478
15964
8754
8810
7350
3277
7408
9302
4953
15301
2928
6566
8746
8135
16810
6281
8731
10152
5585
4923
16031
3305
6187
11179
7016
11189
6070
3502
6064
4237
4616
15013
15563
5432
2670
15051
7252
5445
3486
10597
9045
3315
15822
15359
6554
1236
9558
9859
4464
9614
4986
6547
12639
3136
2676
12547
9813
11628
12938
6861
16544
10028
12838
7111
4492
5027
13799
11545
8138
8579
6289
7065
9074
6209
9467
4367
2340
15208
11160
2893
6690
16456
9788
16940
13577
12181
5576
15065
14490
16471
2177
14691
8787
8001
9084
884
2127
7326
7289
6611
7412
4595
705
10738
7336
6946
11608
2524
5984
10586
15679
9721
2559
10748
15542
15844
14685
9183
9897
9876
7138
13027
3289
3903
1439
13086
14208
9655
2387
13462
3457
3695
10928
2587
8595
13487
2458
11292
4457
2308
13300
10863
4334
11590
7633
6423
14118
16733
14935
2244
2271
3697
10443
14578
14973
13159
8485
13385
10454
9486
8029
13669
11178
10567
8251
2343
6381
3734
11185
12400
15537
12823
12147
2988
9649
7635
14234
3832
8415
5832
6185
16765
8651
803
12663
8167
12170
5465
12560
1757
5131
13064
3547
14334
15549
14712
10978
7662
6924
11235
5012
3619
13536
10493
3721
3642
15119
2390
13447
9858
9146
16311
15097
16418
3480
14602
6222
3732
9699
8503
3739
14286
11722
1588
6710
6523
2743
777
2088
4067
10017
6779
6702
11431
8275
14218
5224
7957
8455
9557
14942
16898
9682
2644
16593
10836
4223
10517
7910
3677
14316
11712
5567
12717
3388
9237
6747
3159
12258
15078
5534
7804
9318
8265
12351
14824
5726
1601
14076
7936
7916
4734
5735
7925
12844
7163
16833
7827
9315
9821
11418
13178
7046
10181
17011
10030
11223
753
10216
11514
9141
1783
8498
10459
9586
6591
12886
9583
5847
6131
14695
6853
11406
5743
4638
2298
2978
3527
5285
13301
8721
5930
11616
7658
1729
7544
3646
5332
8616
11146
7548
15941
2153
11727
4156
16775
11862
16429
12425
13011
8450
11883
10316
2365
5472
16177
13179
16112
11947
15511
8439
10415
5864
4346
16342
13420
13476
13171
9077
6857
11052
10031
13759
4784
16828
12117
12931
4848
15747
950
13498
15746
6481
1273
14584
4969
16771
5995
13293
10911
15515
4729
15799
16191
14687
8161
13918
1694
3008
12806
4294
13228
5181
12107
11317
15760
6063
4689
5165
4182
4165
11354
9999
11960
8394
10912
7090
16362
13691
8549
11857
16556
5798
9445
4690
6778
4641
7305
13030
9585
12061
10451
3736
8509
13273
12253
3817
15110
11892
4275
3261
12438
4093
7908
9935
7374
12820
14187
7360
10252
4203
2577
5575
14898
4497
9279
2512
11394
10209
13148
1747
5979
2639
15292
5114
5734
7469
12472
10457
10951
16717
2603
4576
1888
5461
10746
11978
5499
8807
2991
8419
9755
9728
13437
4486
5163
11399
13299
12614
10048
14601
3680
16730
8271
4214
3151
15200
2876
7285
11547
13402
13860
8511
12222
3087
11357
14627
11288
7325
12645
5732
8460
12700
13018
10799
13079
13597
2711
5650
10820
14013
2731
7809
11046
3937
14714
12309
2192
12300
14287
2134
4624
3244
8878
4948
12928
12484
15490
15568
2750
15719
8870
3050
11717
15798
5373
13448
9597
14258
14969
5845
7952
2489
9101
13726
8693
2491
7791
15012
12898
3322
3844
16354
10405
1625
5925
3049
2082
12759
2881
14940
4551
8236
9034
16175
5497
4356
5516
11208
11942
4744
10192
15020
15181
15321
13912
7353
2495
13317
2922
8156
4199
6471
3328
5132
11423
2554
6610
3605
7695
15204
11002
16358
3145
12088
2634
12583
8179
2546
16231
16735
5230
8243
11895
14061
16634
2145
3582
14141
15809
8146
4644
5986
16460
2165
13067
11350
7217
8676
9194
12532
1969
6893
13022
14249
8707
13996
16032
7197
14915
5453
15957
5713
13720
7614
9185
5514
12929
10278
12707
11005
10711
16755
1675
9475
855
9347
16076
14134
3285
16451
16148
16763
3498
13798
7400
10645
2619
12266
3757
5615
4920
16127
6817
6078
14365
9061
12256
6618
4004
14889
6319
4263
13433
3857
9581
15396
10298
2154
16648
8007
2447
6620
4431
4037
14922
14298
10577
12980
3813
5272
2322
9794
11032
5907
862
3566
11633
9777
8613
4512
15452
15380
4636
1986
5932
9088
6486
12953
11313
7237
15469
3425
6125
6025
9547
14238
9178
15015
11708
10073
7155
11028
3576
3010
5066
13853
14425
2497
3198
6982
5350
2176
11779
16280
5894
5200
12975
10792
14522
12746
6066
4077
6460
12407
6277
14094
15566
2839
4806
10994
2736
6239
7098
13874
11850
15710
8000
14604
7557
2649
16937
13377
2423
12311
14781
8789
2321
10941
5038
14469
2880
7414
9787
13267
9974
14947
16629
2999
2288
14402
2525
6608
7670
7896
13208
11195
8494
6806
4114
5578
13120
12316
16003
12576
7488
3043
15500
4254
5364
3356
8081
5500
8980
8241
4735
7352
16592
8343
5808
16642
14804
11343
3287
9808
15132
3632
5470
16072
3325
7308
11484
3426
14505
11962
2738
5834
10258
9535
9810
11546
11154
5400
6534
15461
6178
8658
7417
3176
8554
11256
16448
14644
4640
10505
8609
15393
4339
6512
7721
7622
7074
15871
12522
6891
14760
10429
14916
5954
14855
12211
13607
16409
3237
2882
10556
5653
9514
12284
10127
1787
2802
16323
12685
2688
3960
16200
12821
10831
4132
13721
15596
3928
12388
7095
5679
15130
5025
8935
6426
12617
14006
5693
6742
11581
5343
12508
2457
11621
6348
15695
15403
12496
5838
4585
11323
11682
7110
9124
7280
14491
15416
15358
4912
2783
5766
15676
11122
9642
11671
10440
16995
10373
4891
9543
14221
6958
1981
7863
7797
9685
13866
14043
5362
5800
8301
3892
8780
4187
6284
8973
8540
16443
15779
11155
15334
3241
4883
3394
3704
14796
12416
8852
14943
5050
14993
14957
15002
9259
2352
15022
4269
12146
16688
15079
2331
8766
10815
6660
16897
16985
14358
12990
4810
4043
7359
6449
2531
13019
9905
8964
1407
9928
3314
14300
6497
6914
12380
11332
4130
14196
2995
4391
11293
5878
4723
9265
12894
3224
12668
13365
4324
12851
2337
6700
12890
4868
14010
9468
5953
6084
6990
9640
14510
4381
4277
14245
3166
8696
10918
9637
8590
3369
12593
3076
5599
5879
12716
16009
11268
7681
1767
13259
9128
6574
6923
11308
2465
2851
13591
16273
3558
2810
4897
9311
9270
4472
11163
9060
15763
14268
9650
3290
15299
3786
6823
9465
3334
7712
8429
11549
16643
4973
4088
8378
10885
15221
11747
5867
15455
4173
6109
6706
2895
4999
14378
9381
7718
12424
10433
9946
4540
5039
8023
16754
5120
4565
2816
16857
7012
12113
16225
10808
8334
14520
2976
5626
13926
15817
15513
9474
13692
9180
7860
10481
4424
8501
10135
5942
12315
8863
8327
6041
10520
3843
5854
5065
15442
6163
8346
10218
9462
2046
14435
12165
15509
10521
7859
3878
10358
7883
14573
3644
6957
1352
3579
14035
15322
15213
11623
10400
6945
9913
10613
2819
16865
10226
15648
9010
15651
9714
12008
4580
5207
16194
5498
7099
15559
9841
12568
15705
12916
13283
3226
6008
7345
13980
6464
5125
10164
12891
738
880
5913
9785
2020
4736
14270
8889
1295
14511
8672
12839
7731
13044
9908
7052
14227
1765
7780
9679
11958
7903
9257
11017
14775
14592
12325
12859
14816
12882
5048
10620
2178
7330
9869
10631
13215
14523
1166
4878
8277
16360
8914
16478
11855
4195
2299
8269
7315
9703
11330
8821
14673
12726
11279
2328
11740
5427
5718
16431
11976
16987
14174
7461
7691
9447
7700
15975
13104
12822
9171
11780
15374
12408
4771
5480
16998
10947
4144
2305
15516
14721
7167
11977
9163
7100
1504
16573
7697
2006
12167
6254
15979
7184
2626
13474
14753
13864
10829
2942
5891
11196
9158
8772
10875
10061
4221
17012
15256
4453
16698
9469
9959
16967
5072
3177
10639
7164
11990
4761
16316
13278
6260
12476
3954
3195
4213
7834
5058
9562
4968
13279
4880
10931
6766
6555
6831
7512
2181
11069
8620
10024
6422
9617
15225
7560
4779
12694
6093
10686
3462
7179
15902
4697
16087
9693
7924
15866
9260
5443
5417
9521
12577
16723
3493
7011
15867
3352
5676
12492
10368
13375
16517
13167
5203
2065
14327
13088
7225
5655
14694
13502
14366
16528
4434
5000
8230
11494
13581
7284
6928
3764
11854
16265
16649
9628
7000
9747
15990
12579
4256
10890
4924
7806
15807
15830
10142
5352
10867
2756
7590
10958
13111
9873
15448
15171
9954
4975
11539
14743
13297
4461
7539
12103
12589
14476
16204
15463
14964
3450
16404
12871
6012
11433
14213
13335
2825
16468
1785
7844
6668
8158
12466
5869
9644
15421
7421
10882
9346
10264
7431
9075
3927
8207
11773
1279
12681
8571
16671
15929
10198
15042
2456
9115
2425
13334
16085
3104
15085
3788
2556
15306
1218
3570
12133
14422
6039
13218
11370
3308
10256
2319
8070
4490
9037
17016
13125
10715
11961
6872
8879
4863
12437
12582
4668
16961
9852
2075
10474
6648
14503
10449
7796
6330
2268
15593
11630
6021
10848
12567
16741
12619
16791
16254
12012
7299
12609
4175
13396
4357
6991
11061
7861
15175
3000
5642
7219
12275
10246
6629
3298
4870
9687
9421
5081
5233
13681
7923
8157
12219
11688
10115
6300
12024
3634
9870
10826
14304
12879
7091
10879
8626
3199
4846
11841
10361
13915
5659
4249
3818
11432
4074
10480
11800
11312
5294
9874
10329
4983
7653
10313
8074
16919
13383
7008
5192
4082
10749
10797
12327
8720
6334
13412
13549
8934
3920
3699
10172
13949
4106
7725
7612
2820
8815
8931
9398
14220
4298
6019
10938
12677
3997
4056
2699
1891
7298
7014
12893
9570
4665
8350
11495
16801
9977
14072
13049
6090
11066
1904
14441
8169
10805
11144
1977
10540
14283
13520
7773
9495
15076
15140
3367
3636
10743
8362
14117
14299
13177
6327
5613
3986
8876
844
7318
11914
15578
15273
12278
4954
8322
10668
3557
3751
8684
2333
9359
13406
10040
13667
4295
4005
7349
7877
12393
14138
14905
2536
16878
8121
4524
9322
10138
5021
10776
12623
2817
7411
12578
9394
12452
15712
3516
16306
4933
6724
12782
3829
9568
10735
14078
14386
6884
15998
5616
8653
2822
9035
3181
11538
2347
14722
13147
9411
14408
7084
16836
12978
11701
12739
4338
8785
6228
15840
13635
9193
11465
16449
11410
8856
6799
11940
4635
6967
13391
1488
2827
11412
3210
4979
12292
4958
11450
8148
6780
12403
13896
3357
4442
6160
7588
15173
8055
14664
8942
15386
13630
4171
2123
13599
3183
11400
9590
14710
10763
8943
6459
2929
6762
5920
14493
3806
8916
9277
5416
14672
16922
12660
16945
16632
2866
16535
11902
8391
8052
14996
5477
8725
3300
9349
7140
13469
15027
13468
4059
8833
12062
16513
10960
2371
9588
13389
14263
16058
15858
2824
7437
6191
4752
5813
14397
13004
6480
2056
4502
7464
15014
9724
755
12226
7978
6290
11482
3999
8583
4873
11116
4281
5028
12323
11787
8600
10690
9189
4413
9471
7892
7522
11447
11057
14143
8064
9409
4437
4884
1463
3958
8597
15947
2185
2188
9991
9004
7131
9719
12803
13924
5449
17021
14475
7238
13052
6530
13718
15639
10498
2852
12911
10165
12854
5968
4980
14124
16315
14826
6921
11224
14926
3453
14524
14106
7578
4906
4678
3347
6657
5082
15038
4414
16530
8172
12268
6247
11044
10182
12058
6519
5539
6139
5951
15064
10377
14933
16917
3852
4396
7030
15816
9284
11839
2095
1531
14037
16038
13381
16346
6935
4791
13191
7592
4085
6878
11520
10143
10604
6669
11075
3607
8903
964
3094
7597
10489
16639
7824
9903
15897
3436
4743
11456
11336
8750
3913
12957
3137
12518
12401
3515
5310
12173
16190
3451
12939
13240
2008
14696
15870
6217
4243
15847
9647
4274
16668
11071
9298
9965
8398
5001
12434
6082
15755
4001
10460
4715
15104
4047
7395
11030
5394
10716
12860
16909
6796
10986
7963
2800
5162
14489
11919
9049
16472
15405
3640
15901
7862
5550
9105
12588
14109
15381
2724
10112
9739
10434
14652
3907
9497
2366
16911
10523
11766
15264
14487
12813
13043
14982
16561
1775
15609
11255
4764
8534
5944
13188
14793
10617
14560
4423
3691
16073
3535
2737
16823
12731
15985
875
9247
1165
16212
4528
15670
4030
4753
7364
3812
6030
10372
12412
5412
5415
8925
10640
10811
4448
7986
7945
5674
15531
2430
2505
4244
16223
7394
13479
6844
15585
4166
6438
12263
14558
11806
8407
5754
10379
5045
15199
7995
6607
8475
2077
14351
8550
14014
14471
8178
1455
10513
12948
15312
5833
5194
8837
8019
6906
2984
3730
14709
16932
7487
6672
12502
2977
12360
14409
1984
8946
16521
15955
8862
14703
5969
2453
12913
4700
14417
4328
13419
11846
11434
16447
12121
4488
7528
14195
1809
13204
13126
9970
8134
9230
4664
10267
13168
9273
13333
5117
754
6819
13501
6020
2160
7719
9111
4314
3130
9385
4373
3837
15376
8927
12126
10772
15043
7778
10850
9412
9748
11281
15072
3555
2514
13789
10801
4739
9288
14711
6552
8441
7255
7403
4703
8142
3762
11025
13330
3107
14542
9276
5553
7521
6540
4766
3052
8491
5862
11785
11890
15769
12255
5457
3871
5960
14571
14146
4150
5437
8723
4289
11922
14700
16353
7025
5710
8652
2642
4617
15433
10441
15949
1107
2543
8464
14154
13467
2258
12302
13965
4592
13326
7042
16133
4531
6686
16105
14463
7068
12059
12695
10775
6263
3970
5545
15954
2947
15861
14551
8281
16334
16565
7089
11731
6746
14100
1817
12635
3940
3709
13762
12339
13552
3023
12468
14894
3588
5755
15008
13062
15567
6167
5804
5324
15310
12019
13702
16113
9923
7901
2923
9799
15571
8479
10448
6886
16013
10044
13787
13715
12903
6324
16012
16155
3264
5646
3009
16817
13356
15003
10324
14247
8333
7915
16834
3042
13863
6373
5464
5104
4234
2432
16414
8459
5739
6387
16726
8176
13623
5656
9234
13421
16383
2625
5915
3170
11705
15965
4949
15693
4908
7373
3975
4581
4390
3538
10495
7018
9934
5824
13446
2551
10942
4575
16240
11923
15603
11865
2808
8662
5763
16871
6592
16440
16213
16390
14175
8087
9200
14515
5366
14262
8379
6339
3430
11869
7571
5329
13922
9131
14763
14361
11635
4083
11142
12060
7922
16201
5566
2191
6274
5095
7367
4474
5893
7555
15339
6730
14093
3477
6522
8543
13075
3018
8280
10923
3517
10516
984
12023
7727
12505
5096
9331
10180
15521
5665
3923
14045
14670
10663
13096
5848
16626
11105
3248
10221
14418
3491
9980
13238
6716
15667
14276
10531
2668
9738
13116
15346
3465
2329
2567
7619
14474
10367
13620
3205
1582
15738
4537
15313
15848
6447
5276
8743
16275
1298
12612
6492
15267
7609
8418
4712
10466
5793
3652
12531
5414
12288
6400
5999
11213
5005
2582
16550
14747
2600
11706
14866
8234
2223
3253
14980
9093
13761
16724
1665
10130
9020
7767
4319
8315
4092
4127
10778
15192
12921
4927
8424
15258
4370
6915
2996
6157
3490
15735
15958
8203
13155
10228
5901
6223
7348
10469
7638
5562
11344
3519
15057
4038
4796
6633
16402
14820
14466
11620
2488
3433
6060
5225
7268
13638
1965
16075
8133
14729
7943
12182
14643
2549
7283
3258
4841
6446
4027
3901
15404
2834
8489
8403
9019
15188
2156
7309
15936
13686
13745
3544
9513
1651
2758
11894
11879
14683
10442
9678
11113
10995
5479
6880
10022
14125
7062
15201
12908
5594
12666
1974
14159
11691
14972
9798
5958
12613
15697
9623
10650
3856
3036
8512
11933
15893
7907
3373
16997
3947
4928
14492
4489
16020
16239
9358
3109
7006
7650
7655
10830
8759
4783
4751
11240
14367
2735
13084
9726
12941
11805
2069
11824
15373
12075
10100
2564
13769
10394
7202
10786
10273
8819
15111
8984
10914
5565
14630
5556
15794
6308
3422
11166
10445
15888
15959
7453
13286
10816
7069
2924
12902
16787
12094
6442
15660
7132
13911
11921
16555
15274
9910
9702
12457
15462
16381
13057
13594
14706
6856
10318
3613
14708
6146
15427
6202
11341
10351
4335
3144
15502
14847
7182
8466
14662
5684
2510
6155
3251
5634
14380
3506
11058
6733
14532
3489
8976
16569
15458
13616
15927
8102
11352
8892
15967
5268
3026
7343
4610
14063
9958
5752
8033
11563
6934
2766
16821
7874
7399
2138
1740
9879
10332
9612
2823
15331
4322
10966
15701
6551
16406
10730
13135
6168
16552
3666
5093
14339
3448
10035
9636
8368
14345
5772
13309
6851
3550
10557
11963
11975
3051
12528
12161
14625
16594
16812
12814
10027
14433
11076
11477
13888
12036
9213
2761
2392
3390
4086
7786
5998
11594
1515
5260
14877
5187
9633
10720
9896
9770
9759
13819
10777
10140
9666
9417
12909
2539
4368
16495
11347
8132
4677
16742
15481
16115
4070
2409
8059
4887
10883
16344
13270
3989
5109
4439
16308
2937
10092
6283
5115
8705
7499
11246
3998
5469
13002
7600
4300
9697
4746
3374
16067
11470
11188
13576
6925
11426
8011
10404
3039
5970
11375
8097
12679
3917
14382
10789
13875
16578
17005
3065
7979
12865
2118
11073
16714
10458
12501
4270
7189
3060
1195
2862
14837
16140
4754
2898
15288
9571
1433
8208
10157
15229
9871
8536
12927
16647
11037
14548
15665
13817
16269
10707
3197
7292
6568
8656
3679
6049
10590
6292
3617
10999
16667
8150
6785
9071
12105
7032
9137
8528
14880
9169
4577
7247
15981
10321
11527
8519
14162
15971
3358
14095
4094
4738
10382
8034
16858
8262
2508
14817
14901
8603
5658
13910
15279
3874
17014
6264
5077
8846
4767
12402
2128
11379
3510
8457
11660
16506
8393
11377
7143
16401
8805
7130
15224
14198
7611
8288
13372
13051
6826
6559
14265
12353
3495
5817
7587
12086
15939
10507
2074
4825
14135
5349
10207
6813
16762
1325
8267
8423
16347
7574
6877
11165
6617
7020
16467
10982
15241
7444
5826
4662
9477
16290
7660
7002
13199
16973
6759
3966
7340
7961
3233
5475
12458
15260
7527
2097
9922
4230
8044
12917
11536
6404
2782
5387
6126
16369
8188
5839
2151
15536
3276
16813
14530
7958
15035
16895
8637
7541
7602
790
14836
14113
3449
11867
9068
8811
15953
14713
8868
4186
16417
6417
1477
3973
7082
12559
14264
6671
3128
7968
3311
786
2106
8577
10499
9014
11452
15227
1177
2975
14704
3102
7836
13808
7433
1886
5256
4021
14791
16446
16485
8225
15675
15641
6904
15382
3080
8186
5160
14850
10849
7294
2704
3883
10374
6141
3708
11202
12287
5447
12418
15353
12734
3546
7774
13652
7240
15114
3288
13452
14292
10262
15818
9264
6401
12757
15534
6061
2399
2987
3484
1756
9046
5959
10093
15813
13613
15535
11130
10133
11512
16658
7668
12229
8130
15275
5751
11749
1845
9091
6452
15793
14967
7056
14034
15419
16613
7319
4903
3119
3898
8089
6122
16715
6342
10290
6484
9199
14911
5185
8673
14127
12680
15533
11011
6267
4673
9688
6729
1779
4101
3716
3769
8674
3816
4135
7159
2972
4996
13124
4063
10796
12766
3971
5851
3013
11372
14032
15352
9945
15802
14949
7476
14701
15281
12155
8768
7935
4820
10094
13735
9746
2570
10842
10312
14103
12780
6993
3522
15271
3316
1464
16597
17023
10562
11965
14250
12521
9662
12876
2411
16264
9243
13413
11127
15232
14455
3988
11219
10271
11438
12910
2140
12310
16631
16785
2945
11677
13384
11797
12449
11553
15156
15766
8795
13308
6829
11641
6550
10141
6654
13929
13629
9165
6015
2364
14457
11704
14663
8395
6013
3249
10621
1369
6116
2440
13339
3543
15616
7404
16498
7930
6077
8036
8477
15016
11924
8026
9877
12108
16889
7116
15245
11402
5685
969
11393
14184
16411
14842
15246
11998
2394
16559
8573
15972
15950
4707
13264
14485
9085
8972
16131
13021
9887
4058
7135
14658
15875
13328
7234
12375
5803
2119
11781
11759
12336
14396
4898
9707
10920
9216
7307
14225
7810
5524
14151
10166
12524
4844
6048
3753
5918
1905
14311
5446
14874
4909
13704
13784
9450
5760
14153
13272
3196
5244
3835
7036
13901
13190
11537
3271
6626
2658
9364
14945
2538
13840
11770
12137
12111
10208
5455
10866
15683
5840
11768
6917
10259
5505
12646
7594
11669
8937
6835
1276
5554
13553
13804
6016
6516
10336
9435
11324
10150
5231
8113
4399
2915
1832
12515
8127
8116
15105
6975
4840
12354
2189
15212
9823
6931
9184
15001
11833
16438
15046
7134
8500
13596
7019
4317
16982
4406
10886
4055
16664
2351
7948
15397
9952
6978
13082
9405
4271
3860
12027
13658
14765
6051
8199
12915
13229
5351
9295
12267
15024
8195
11972
9690
15150
1725
16983
5547
11342
10334
16595
4176
5199
15494
11401
14142
13289
16830
3586
13788
9235
9460
11321
9040
826
3902
7595
8084
2773
15723
6162
3012
5736
12198
16953
4496
15604
6601
6511
10327
7981
3639
3562
16954
7880
15023
2315
8515
14049
2935
14303
14139
11229
6355
10200
6337
2249
5596
7199
15529
14372
14795
3421
5307
10492
4174
4639
7919
16246
13483
8564
11103
12984
7222
11777
13095
5422
6073
13565
1823
4836
14984
6976
6961
9025
16977
9705
9733
10693
6065
8119
7790
2314
13736
8763
6737
10070
4395
12504
4992
3057
7176
9814
12131
16039
11542
14869
13647
14329
4366
7781
11303
13246
15617
2581
1364
8547
13350
12187
2482
14122
16844
5580
16141
4557
7720
10464
14600
5764
15328
11251
5919
6912
12558
7542
7059
7416
15715
6940
4239
6616
10275
5520
6889
3849
9741
8309
10202
14447
11078
11822
11338
13450
15493
3608
15169
9127
16564
14540
8906
12385
15348
10751
11899
14858
9550
14274
13282
5143
5220
14732
2499
5761
4385
11957
3778
16874
6489
10219
16070
5246
13610
13921
6545
13160
9054
8331
8400
3569
4538
6322
1342
9470
13593
13311
6728
12770
10154
2380
4079
12442
15446
3163
2197
14289
4120
13187
4893
12788
16800
16375
10553
16018
6640
14384
10414
11792
10922
14375
11673
7205
11384
1619
8808
11051
8896
12722
8546
9426
5487
12551
15731
12974
7939
11266
10737
13262
2720
10985
9651
13480
10196
7133
11931
5624
5346
4643
14149
15899
2441
4984
4672
3185
10601
11474
13755
4091
13608
8093
6663
5372
5872
6360
13392
14164
7530
8867
10927
5308
5074
2620
3153
3742
14954
3303
15997
6331
16367
10583
9039
3514
8527
3864
16574
1171
3781
12028
15784
12529
11592
16217
8160
11488
10179
6937
5868
4805
13878
9202
7816
13824
3929
1849
14506
8761
6670
13281
2846
14201
5569
7172
13439
2455
9452
16929
13089
13839
4688
9436
16843
8056
14401
2776
11276
16773
5733
3134
4915
4943
14528
13930
12390
8630
2527
3720
13085
16193
12605
15730
13489
16484
4351
10677
5611
11991
9900
6206
3282
4737
11283
4172
14719
2326
15600
12345
14992
14388
8242
14822
12397
1996
15315
16955
5589
5617
11656
5692
5179
5987
4073
11832
8229
11530
4997
6221
7335
6894
4613
5900
3083
16057
15645
3779
6457
11875
14132
2883
2513
7881
2442
4452
16298
8871
2638
16543
3497
16423
8901
10733
9817
15302
10897
5377
4231
2705
1807
12867
12369
10877
2601
2224
6520
13719
16772
13367
3405
4699
5971
3028
2900
2476
5543
14794
2250
14310
3231
5202
12262
11764
15668
5111
8757
16186
15674
12627
16329
7801
16641
11386
8184
7220
9895
12595
12143
13992
5980
4709
4220
11588
2265
2330
11562
9986
3668
10616
9886
2660
16745
11101
10588
2323
14193
3879
6487
4695
8865
11709
15917
8888
14925
10773
10672
2381
13938
16161
4491
8752
3038
16623
15887
3623
12335
5188
7121
5099
3703
5887
15921
10752
14833
2529
16276
16205
6949
12523
5036
2618
3766
6367
4445
5407
11838
3701
3508
14629
8601
10494
8749
11565
3859
8427
11191
9342
4157
10872
7942
16974
15507
7962
6807
16083
12279
14692
3454
3379
6350
11926
9490
2049
8965
13777
7493
3172
1545
15930
14761
1238
13024
4822
3609
11217
11238
11714
2094
5386
9595
15851
5215
3235
7031
13465
7643
3202
16021
5402
13203
8166
5243
9172
16538
2415
9792
4625
14042
4388
9947
4507
11019
9880
15983
6539
14219
1391
14746
2401
13277
4998
4826
6450
13093
13559
12676
2053
10622
13958
5261
6241
14405
14897
13830
9653
16524
2675
4794
15647
3122
4659
6869
15696
10212
10289
7365
2854
8328
14605
3323
12455
5725
6024
10997
12184
2081
9418
11532
9058
5236
4857
5940
11009
15919
13843
12904
12141
12247
14086
5097
7293
11550
5746
10565
7015
7933
13121
15356
16906
2973
5770
14449
14647
14865
2944
6615
12046
7426
3246
2302
5943
2641
8921
15113
16263
11613
7596
11008
16507
10305
4956
3626
7640
7869
3468
11132
12406
11006
5367
15133
8806
13222
9801
15976
8611
4113
15196
6316
13742
13040
12459
11035
7742
11369
15096
13017
4318
6536
15803
3227
4814
11658
16841
14789
7245
4118
10913
8223
11167
7291
15029
5823
7798
11711
8748
14404
13725
14835
16531
10307
2219
15073
11810
10204
14069
5299
14285
16686
1836
14934
16142
5189
6211
5306
13731
12025
8487
6351
16307
12652
10089
2474
6165
2871
13981
15402
5652
12384
5587
15638
3165
15782
13548
12621
6332
5996
7145
4336
5176
4146
16587
10020
4792
3658
8849
4036
8992
14733
10260
13803
14123
11634
16171
14479
2583
6761
4850
12901
15094
15795
8449
12070
16065
3108
7495
11842
12525
3111
6380
13428
9380
7278
11615
7959
4847
15770
3700
6896
16951
11574
1329
11222
13157
4149
7646
4296
12533
5737
7941
2226
15837
13588
14322
4843
5908
12190
7866
13362
4143
13481
8326
11309
15767
14031
13227
6854
12044
10904
12208
13348
5680
10052
15894
14047
4546
14246
2279
8578
6253
11896
10522
3880
12089
11827
11314
3215
6553
11091
3678
3056
3494
8548
4124
7126
5705
5289
12514
8565
3761
9121
9975
10936
14830
15242
16501
15824
4993
16869
16433
6461
11981
14297
10439
13821
6472
14470
10184
16627
11703
3346
7286
4129
13153
7481
7580
16101
10724
11118
15189
9701
14918
12516
9429
8043
15319
11944
11966
7713
664
2353
699
15009
15282
5238
15361
15560
13835
6138
7333
11043
10370
2752
14347
9073
13574
6881
11672
5490
14671
10552
1280
2293
11121
16807
9783
15780
10500
2374
10343
13854
10827
11297
13654
12959
3994
11097
6510
11501
12068
11376
10592
10810
8955
8818
11300
6561
13764
9554
5029
7879
2848
11614
13006
3723
3906
14111
2022
10325
10303
6535
7737
1160
9749
13990
2235
5242
2152
3031
13509
6042
12795
11262
13312
11048
15272
6839
10018
12050
9167
11951
8046
9639
14453
7909
16465
3263
7114
9573
4429
10899
12987
14462
16925
6229
14359
4935
6374
6220
14079
15375
4974
8436
13967
12924
15882
15007
13698
11887
2116
10501
13376
6071
11358
12735
11060
9660
6603
13846
1389
3190
11938
10009
16633
6786
6858
13595
3532
7756
5328
5645
4522
15622
8336
9150
2416
5311
9267
4809
6720
4561
11359
11986
9086
8412
13953
15044
4571
2518
6280
8273
6483
5605
2742
15284
15690
16376
4900
2303
5509
12225
16792
12556
5707
13091
13359
3738
3093
14416
13495
16203
5126
7776
16749
6699
5952
2274
16136
15756
6194
4817
10864
11248
10116
2540
14776
8633
15296
5212
16310
5504
16403
9957
6396
4559
4204
12319
13705
15581
14259
13268
10975
3936
778
13550
5396
14279
12692
2952
16547
11541
2844
3758
14853
14066
10444
15066
15444
11878
6655
3204
16162
6887
2110
9819
10431
16806
9611
5205
7805
11996
16678
12096
3441
16827
9038
11020
12999
11934
10365
16529
2450
13243
11593
13149
10869
7066
7733
7196
6027
6963
16527
13114
4019
12010
6704
16718
16740
15853
10843
13544
4375
2384
13659
9512
3637
9711
2058
10785
9217
16359
5193
2647
9136
15365
3072
8869
2859
6719
4876
5258
5976
7738
14587
15185
5518
9530
8717
12366
1843
5897
14568
4060
11653
5812
9501
3589
10340
4765
10149
5172
16202
7021
10736
7661
8506
15032
9149
10932
9233
16469
6521
10355
11117
11756
4560
8552
16984
7937
9066
10734
10824
8993
8949
6927
11014
14754
13463
13650
12711
13609
1274
14428
13728
6468
15968
3353
8692
3084
8493
17009
13959
5675
16662
9107
5337
8541
16892
7625
5086
3737
16291
4168
16779
16950
3771
8284
8665
9453
12847
2983
16348
4541
5151
12252
15703
12003
2857
4742
3828
8068
15497
3479
4450
8226
6808
4325
2213
12873
12752
16258
11586
9729
8599
1296
2385
13113
7120
6652
2199
4139
8730
13496
15123
11098
14083
9805
6436
6662
11882
7562
15268
12115
15827
8478
2478
16430
4830
12204
11186
3938
7314
11388
16980
4773
15341
9526
6364
9232
14332
14318
9774
2562
14767
14097
13730
11648
4671
10569
16318
6175
8563
15905
2870
4838
13197
8778
16303
16480
2103
7243
8877
10895
16847
16576
3445
8294
9982
14008
4032
9539
6006
13118
2149
9811
10623
11460
5829
16044
14591
10378
6320
4006
14355
16279
14876
11820
13182
9375
10945
10014
16382
3372
7144
3307
5392
6288
16931
13415
6804
4573
13423
2023
8699
10618
14202
14498
14983
9082
10840
7302
13950
11458
11249
15764
9388
6693
1163
5889
13221
14269
13390
3032
10402
8266
10013
7740
4342
9326
13076
7584
13265
14769
13260
9367
15039
4435
9210
7078
11730
11984
16670
16158
15643
9443
9796
3862
5828
7388
5950
2967
13181
12540
5100
10959
14314
12357
7876
8120
6402
9983
3336
6358
12471
7913
7230
13696
3919
6604
11182
4623
15010
4780
812
11746
12206
4257
2062
6026
8737
2166
12203
4970
5810
2828
6007
3074
9847
4010
11508
12690
11715
13562
4292
5380
16809
8053
12698
15501
11818
13013
8041
12728
8096
6514
4142
5852
5305
13952
15460
9175
6132
5727
3434
8264
7604
6532
15026
3110
9166
3629
14450
5266
7439
8307
2516
5501
10148
13261
3167
12761
14536
5977
12460
5301
7999
15243
12183
12439
8260
16580
2363
13511
16599
13948
3442
12367
12626
4279
6503
1525
14282
11834
6451
9648
7568
14192
5002
16365
13205
2969
15872
8428
8970
11745
12747
10666
8185
7201
7630
3171
6159
6969
12269
3487
5820
