5275
15087
16754
1843
14632
1693
1742
759
3673
8039
15671
1978
594
7892
6134
8115
4766
2666
2290
1987
1205
12899
4368
4373
16863
13486
14525
5100
13768
7832
948
13243
5495
15843
303
3622
13343
5492
3717
13786
4436
8803
2432
13911
6896
6323
7546
1164
5985
4948
9888
9688
929
12246
7154
7
398
2688
6418
976
7553
4959
10099
4145
16222
5804
16048
397
5618
787
13519
9302
8544
13008
136
8651
3290
7690
5513
2975
6456
6283
12818
8020
15470
1483
1582
5908
6658
8132
774
11425
8107
1196
738
4369
7797
9426
11289
3169
5381
13353
9572
1489
3286
2834
8556
16684
15764
13977
1263
5089
16230
2907
4970
15166
6281
6424
14023
576
11896
9574
13560
5688
4300
8640
14060
5705
5220
16561
12315
442
6124
15371
6348
9724
15607
9301
14552
1528
7548
8911
2449
3063
2221
4946
224
15631
373
5302
439
15713
15622
7003
1385
911
12635
7029
3751
10382
6255
3696
16072
16592
12569
8345
9202
12870
7621
11518
12045
4489
3702
16255
6096
479
520
6066
14131
8386
2640
12495
2801
3838
745
6008
8135
14428
11567
2146
11507
3653
3340
15289
13747
8944
8538
903
4554
10269
6895
7562
15983
3044
12563
8963
3065
13726
14570
13091
11856
9853
15527
4485
14159
13723
1045
10545
9330
16200
17018
12588
2048
14067
6488
12559
5109
15411
6786
2673
12826
4366
9504
12859
4521
7011
6795
7502
436
7145
13582
8019
12832
5934
12897
5788
14765
4269
324
13921
2839
12930
7032
2476
1777
6039
10213
6752
9937
3663
7968
13328
9706
14987
6224
6277
1759
13048
5361
14564
3188
6674
14886
13255
14442
16893
14317
5187
1269
8590
12658
13326
16828
16333
15282
9271
16332
3355
1648
12255
4020
13991
1819
8542
8864
2219
15078
8275
6902
1175
3321
15221
339
6483
14736
9162
12606
9965
9378
5588
16403
1527
8467
6378
802
9915
4684
16849
9260
7344
2206
10066
4701
3233
7208
9527
14528
3325
3644
16538
2561
724
7354
15180
14452
9211
12678
14188
5629
5503
4624
1139
7253
13927
8859
9306
3511
4495
15888
15976
2256
421
657
5928
214
3021
14793
9435
14806
2021
15690
7610
4481
15172
4738
3401
15413
12895
7999
2753
4721
10252
4718
11802
1883
8656
15168
8103
16242
5079
14986
15915
1426
8286
4713
1909
12775
1718
3845
7766
16336
16779
12504
8140
15062
16195
796
6889
2073
2067
11918
6051
12254
2597
3871
4439
13509
5042
15348
12207
3413
7307
8384
8252
16965
8122
14364
2235
5537
15871
16486
9931
4728
4030
2015
4741
12789
6816
1257
7986
8848
9196
16094
6161
12983
15969
16857
7026
9255
14107
3449
14099
7200
16882
1810
16711
13664
915
5744
1918
7497
6269
15181
7441
2375
9018
2473
8183
2071
4443
2184
3175
3606
4691
14077
1355
10286
9731
7644
11592
3389
9812
14566
2870
8056
15951
4005
4205
6373
7284
6189
5533
2448
5171
9542
2438
15305
8494
2267
864
12702
2426
11865
4401
11310
13953
7396
16032
6596
4467
2317
16644
12501
4839
3552
9872
5404
13064
14587
443
7662
7214
14619
5946
3098
9398
7259
2594
2611
3087
15136
1061
5366
13348
13485
285
5710
12242
3083
1089
6790
14994
4791
403
12274
8137
13144
3105
2927
15621
15466
7572
2692
2237
15682
3567
3475
14437
1315
13143
16970
9524
7434
995
9214
13765
511
583
12938
3486
6113
14117
10543
121
9762
16419
12641
8341
3356
359
15330
11473
8353
7136
8959
15949
5375
14768
7006
14820
6489
11863
12354
9775
6162
7361
2845
9721
14154
10098
6435
7818
423
6361
10017
4033
14389
15346
1316
10327
1070
3856
14318
9867
14810
880
5239
13569
3629
16545
9239
14285
10573
2402
14787
12694
330
15387
8282
6201
2711
5947
2624
2504
1052
12275
3569
7292
546
10071
12720
8865
5023
10298
86
8263
8347
15240
2695
4426
3662
7295
5326
5235
4725
14846
12389
14493
8297
8687
1935
15140
14565
2897
15253
9669
9333
6292
2480
11700
9445
481
8251
3507
15317
7715
6563
14376
2123
4822
9099
13047
13843
12917
16186
15613
1871
16856
14248
11602
11459
2945
734
8752
1371
9786
17019
12670
7018
10270
10265
14880
1722
12497
14788
3518
16219
14512
15094
2756
15615
12697
3031
16182
14265
7007
13413
5308
7227
3781
10193
13907
2745
2591
10223
7551
4336
8131
3431
1774
5992
15118
8935
5357
7976
14533
2400
12944
8180
15480
7067
8178
3191
15007
13910
8322
8392
15551
4032
7757
14295
7447
4925
4411
12798
4936
4054
13363
8547
4293
4357
8190
5396
1085
1967
6554
15996
2454
2966
3765
9730
2929
15735
15456
881
10089
7156
15264
13221
4046
223
2208
6699
3097
1005
2298
6475
15544
9365
10313
2016
3146
2119
1474
7835
6515
16014
16678
10482
2565
14561
5593
15074
8246
12919
4120
9919
7385
7297
12964
8065
5088
14070
4983
15197
16709
4067
15186
14588
8753
2750
12490
8016
8287
14488
4255
14871
12836
4677
413
16016
829
6567
476
15611
2068
16398
4683
8591
8721
710
6076
14140
431
9516
2226
4101
2665
9011
6939
6724
13880
3855
13117
2322
14401
3112
4926
12747
7334
11694
3913
2445
2983
9839
9746
8453
10548
4353
14056
9342
10561
15887
7670
6090
6395
5651
10463
8041
15994
9106
6859
7851
7838
16314
2894
4514
9917
15379
13547
14601
8839
15336
12460
1266
5509
9326
2615
2384
8199
16944
14772
8476
16514
7323
15444
15487
6681
11577
16278
12808
14433
9103
16395
6817
5868
15665
16710
10126
16079
7014
7587
609
3447
5927
3621
3965
2194
5674
16615
1225
1775
16912
11437
14716
1481
16730
633
10237
101
4264
11377
13960
7332
16171
14519
16580
3068
13613
14009
5633
11733
15412
2466
1387
12795
4675
16474
6847
3294
2350
785
12205
14960
5608
12921
13153
15065
12271
14051
2809
550
5246
361
4303
13000
13026
13360
3160
8395
8361
7636
7994
5177
8239
8109
2720
7740
7485
5939
1021
9107
12505
169
2776
12521
6412
7097
13502
9179
3427
4327
1158
31
6600
14080
1755
14237
13260
9309
13632
9424
901
4545
8966
5111
5800
7811
16762
16534
2716
12208
5638
12710
9331
10113
2758
16876
3730
16322
12962
6167
8138
1425
5141
3955
2433
2671
5074
7509
3576
14370
5460
16853
13617
16802
2216
12200
13295
5032
1499
13933
15060
634
6367
9451
3407
15454
2135
14463
4796
3770
12318
461
13871
168
15251
3904
7190
3968
15452
17005
488
9270
15068
14149
9297
3597
6250
12815
1730
3624
15201
4358
9046
553
15784
3887
3241
16558
1455
15521
6887
8806
8698
13748
3179
11167
2936
2045
12323
6415
16562
1238
4354
12788
1767
12276
8294
8569
13772
35
13925
3537
13579
2732
7268
4615
3936
11948
2973
13818
14483
4289
10645
7109
2200
8786
2108
2386
1149
2291
4487
2885
8256
4344
15190
6809
5441
16539
3494
8750
9251
6254
7127
15316
12296
15988
15761
7371
7724
13599
7508
6027
10465
14515
8566
13450
8828
3049
7267
723
7728
7868
5126
13385
15628
3155
2740
5771
15633
8794
3306
9109
3322
3311
1610
14962
8784
10385
16547
3688
13941
14288
4748
6264
13789
8253
9955
409
14313
12484
763
15729
15759
3859
13607
2763
5250
4583
1336
16029
6676
12690
7544
13705
5192
16797
14062
16800
5779
14949
13814
685
15642
6892
7533
13798
6595
6179
4301
1558
16271
15693
198
12014
9146
6571
9374
7925
4910
13342
14038
15274
2782
5468
2658
2182
1842
15895
5129
11870
13834
16116
14012
9249
8029
11341
1545
7185
16529
1598
5701
12317
1451
8235
16632
966
8567
5682
4330
1058
12488
6322
5742
14316
2131
8410
15071
2209
8529
19
12273
6959
12538
467
6863
14973
2657
1372
14
1012
16686
1557
7346
11415
1836
7883
15182
5051
4441
434
13601
12448
2101
14404
8139
1747
7086
16454
2044
6523
15511
9121
1772
15647
12313
14137
5504
16415
281
3046
942
13134
2715
13531
13280
2479
14974
8771
3999
12904
14026
7345
14908
7590
4505
1289
747
15500
108
13170
2854
2390
3170
16549
16277
1896
15975
9511
6104
16884
1821
4516
1138
14897
16843
12413
14222
9392
12195
43
8945
15048
10165
12435
14643
8599
5341
9981
12889
8332
9714
6783
7784
2747
2323
1157
4260
14053
827
6728
14657
5558
13061
1086
968
7707
14232
14135
5168
16385
16157
14093
16923
12856
8942
6147
4387
15085
16145
16064
8722
15187
8298
620
8697
13381
1170
2993
8023
7528
2143
12534
2075
13774
8466
12175
8487
192
8594
16320
9592
2171
13101
6171
16916
1589
2873
10374
8427
6046
14445
15092
14801
15872
6682
14685
549
105
16412
8242
16771
2437
1744
4912
1565
15826
14420
12324
3205
9081
7671
13355
5038
8258
3107
6115
4530
4152
16742
3976
493
15259
5432
14771
7748
1128
12650
16110
13728
13377
112
2622
12342
13627
8824
84
4201
1877
2257
12722
15590
13877
6105
8666
7559
4351
8307
6176
1691
14284
1046
7028
10225
8708
4172
3654
4270
2482
1968
14068
3975
8509
10229
1042
13901
462
7904
14251
429
14824
5988
12619
4923
1986
14454
7804
4812
8182
96
13079
12477
380
16589
14921
14521
4952
9110
8615
3798
10115
16066
16370
8919
13094
13265
16972
3086
15776
14049
10122
2299
1288
15266
15214
3558
4018
6094
4821
8462
8362
1231
3617
7877
1940
8678
6825
799
6382
15674
4660
12536
2689
7712
15156
16798
7969
90
3440
6049
3689
5923
138
731
1721
4864
757
8315
3208
2986
2562
4553
15554
955
9275
14721
7184
3524
15313
2161
4635
13256
15446
8403
2351
2619
856
4140
3920
3928
11846
1897
16981
3605
10069
14725
7317
4010
12744
7631
7050
4474
14112
8650
6029
6100
1529
1364
459
15405
5134
298
1290
8985
5897
16987
8642
3841
15249
6758
11474
1250
4035
489
2309
1604
6849
9756
9205
5989
15001
4075
2730
4529
14322
2525
13513
185
3599
16216
9035
4719
13405
8086
16162
9143
5185
5870
16458
4062
6868
5339
8537
14332
16727
13177
7921
1533
17004
14729
2888
13712
15658
12478
15610
16359
3697
3479
3042
15848
9845
2846
15012
14872
16129
797
6813
3050
4962
4632
13496
13590
10189
14256
12706
5649
7911
1872
14410
9187
12288
13912
2568
11496
16988
11174
14934
4159
752
4736
13558
6622
13860
10516
2074
1612
8436
2472
6944
9303
14449
8904
6605
384
15057
9203
13779
15766
1399
7062
1914
15612
486
4862
7815
14730
590
7736
6750
11623
12759
15680
14055
14484
1770
15567
8102
940
12454
3307
10108
5920
8866
5867
9622
12552
13584
5136
8725
156
7467
8459
10349
6509
4602
6692
5935
14092
14218
2502
9381
9132
7860
1270
8144
6392
58
10059
1299
15990
7077
1126
8083
15966
12084
12229
12428
14500
6695
16967
6656
7183
6667
2053
806
13057
500
4490
666
4751
6099
7325
13679
16424
3903
6721
858
9740
4795
5284
5107
8434
13689
8978
16259
16054
7953
13445
63
12434
16667
16501
1942
9732
16392
13959
15108
6759
14167
9691
8890
8843
8232
1595
13246
12393
10359
331
16027
12512
1442
5480
783
655
2066
15355
13837
9790
10616
3218
14822
11806
14764
12464
5335
11633
16694
9808
5977
188
12769
2540
13157
13847
10186
7414
13435
13104
15472
9128
6893
2214
16163
12299
14474
2509
1764
1279
16649
4814
407
10273
9296
6556
15899
7794
12923
343
945
14046
13553
8663
6085
6697
367
13456
7938
7469
14523
13996
7240
1758
9300
14826
9030
6014
10075
16505
4569
1439
13174
1373
662
1900
6433
5401
6843
7134
11236
12780
16034
4581
9201
9178
1107
16732
7923
9049
3824
6541
8515
9277
8094
9709
991
12731
6882
7410
8257
14171
5843
4898
7580
13231
16900
2510
15225
13021
9088
7830
6987
6219
16239
8737
1037
7089
8929
8770
9407
10588
15354
16210
10439
10468
3868
15247
7455
10476
3157
6050
14293
16206
13322
12630
15407
13210
13920
2808
8112
122
8442
14341
5044
6872
12774
16446
4994
449
8443
8290
6627
14359
506
6315
7254
4634
3495
15283
3989
12210
611
7258
1731
538
14757
16841
8534
7637
2742
14264
14711
15982
2810
1930
15892
4666
5709
946
3466
4563
418
5986
8582
14655
16995
15308
14194
9898
1389
13289
13992
14989
3084
15157
16121
16173
4909
16423
14429
3490
16812
12628
5951
219
13442
3436
11794
15315
5194
3953
1831
14340
673
1276
13365
1057
12902
3181
6620
6297
931
2902
13220
15183
15493
15709
4072
14408
1855
1657
12235
6145
7126
1726
7952
15155
4603
13250
14926
16008
12423
15557
7053
153
1337
14169
14939
9411
658
6227
3127
144
16928
5448
14277
8598
13080
5085
14461
4968
4093
5379
1743
14700
7623
5962
14686
14618
13319
8762
16766
1564
15984
4522
7143
6775
1701
4396
14898
686
8113
1500
5007
14800
9941
7727
1291
16679
7539
11965
1050
3349
3470
5652
15685
6155
13362
9893
5390
13082
1402
16077
6043
2651
469
6287
3077
4471
1317
3923
11450
14792
15230
4841
14083
2431
3256
4088
4191
2033
12375
16887
16386
9750
14888
8334
12191
7858
9906
7568
15191
5527
5313
9806
8792
16037
1735
7299
13014
14690
6275
3513
4861
14164
8611
3966
6216
14069
17017
4800
11901
2159
9385
9360
15462
6904
47
15349
14541
1160
14000
10100
14940
2793
3727
1275
5901
16601
13852
7897
5330
16761
16180
7111
6408
10152
961
16141
5294
16806
11583
10279
9758
2575
10460
3091
10615
6810
4891
4960
3715
12360
16
14411
13149
4119
7142
12509
6629
11880
4315
3613
8730
3927
2325
15325
12452
13222
7581
3140
7926
2217
4214
7012
5043
15295
14394
1971
16304
5047
9351
3067
5600
16147
12891
14682
16621
3921
14193
5281
15135
8320
4143
16376
16572
14417
5139
16536
15762
8091
8716
2410
8554
6413
2185
2662
6912
16879
16794
7096
3729
8741
9695
14082
13375
14864
8747
14412
11559
13697
9932
6618
3394
13831
13085
7347
15630
13595
12767
9096
4641
6374
3441
4951
7716
8980
14393
7048
2258
6310
2139
6467
8059
4180
14882
8564
8724
1405
3377
463
16273
15335
12365
7370
1104
2655
3756
4155
5296
16899
10357
13433
4371
2690
13012
7960
9085
3626
13692
16340
14959
15719
13563
10381
4599
12750
6300
7738
7515
1910
14830
8260
1673
3762
14518
4302
6116
7329
16123
8573
15120
12372
5151
14640
9279
2442
1790
73
13675
521
4831
14738
16013
10646
3967
7845
975
6447
12605
3993
668
9500
6793
14747
531
16223
1868
2261
1395
4722
15563
2961
1677
15876
13279
1867
5478
1814
5104
5944
14199
5892
12514
9469
408
13604
10626
6594
5256
4856
4672
3667
12140
12810
6083
12950
16194
4752
16924
4893
451
7241
13192
1464
6245
1311
5997
13556
7887
16297
4874
1579
14666
12503
5242
13546
9634
162
1380
6177
5230
2604
13155
16044
2771
1013
2526
5206
4667
4127
15656
8900
14714
4733
14342
15823
3395
2806
14087
4954
15865
14050
15847
5471
15394
2311
3962
4089
5896
9231
4012
7417
5817
7561
1213
1771
2773
14717
15309
16763
7392
2292
5391
15116
3686
12855
1471
6117
22
7312
9175
1151
13452
7754
14836
9325
13178
12838
14841
4176
14007
5846
16697
480
6610
7663
1163
8327
2418
16986
9998
3870
2871
16095
12669
9033
14827
9423
4754
15535
10289
5929
247
13013
15209
8075
522
8706
4362
7965
9387
6022
6533
135
16056
2807
14197
13598
9554
5034
3947
3360
3370
12640
16959
8224
15555
12841
16377
16540
9024
16122
10267
2109
8405
3817
1953
6065
1501
4991
16725
15891
14869
16196
14848
14114
5078
3228
6279
4976
6396
6854
6438
2534
2760
6095
8508
2582
14674
3071
8814
8895
2364
10103
16870
2589
14162
16190
1186
13081
13367
16435
15381
11875
14476
13230
8512
12835
6581
9186
1329
3847
3406
8909
5305
12988
16535
9943
12577
5211
15384
9463
17021
1253
8892
16226
12584
8201
6824
15559
6221
7933
6897
15593
14580
280
13931
11906
5661
3843
7879
8584
3805
1938
8118
1969
16563
5068
13988
6242
12496
12186
9289
7372
16930
15546
4537
14187
14132
12626
14443
2585
10472
9127
2685
1450
6166
9433
1711
3342
6082
2629
82
3386
15710
12368
14726
6260
8679
5452
4504
8672
13821
12609
6149
10196
4477
2578
2911
7599
345
8028
13477
5155
12426
7153
2483
13041
12723
13017
4735
15236
3165
8802
5202
2832
6016
13297
15195
16612
2729
13269
8283
13237
6471
6218
6182
3467
9526
5216
1834
4188
2244
15477
694
9454
13253
5876
2338
3849
16215
726
349
8174
4980
1983
1069
1292
7681
7672
5232
3820
13332
16625
15942
3348
5159
16606
11973
1874
6935
15269
9852
12623
23
14808
6894
5878
1195
6132
6325
3637
14375
16264
8983
8197
14065
15302
4360
2428
14240
5589
3074
1999
8148
7412
6327
8830
6977
3580
484
7807
1220
2089
3380
16739
7265
10571
15526
3737
12439
16609
2227
16243
7040
16036
1190
1550
6794
9234
1409
393
4851
14931
8632
5677
11984
15218
7206
5405
1837
12252
16571
11726
7218
5282
13630
6646
15149
14390
16634
13970
6873
6686
8884
4220
4775
6431
8076
13545
9905
4447
1153
1791
4834
577
2653
15722
5469
14367
13890
3139
7641
13539
16652
4984
1917
1858
6623
16464
12311
12994
3312
7207
7349
13923
6586
14121
10578
11268
1386
2379
6616
5470
10464
13019
15638
8043
2702
5135
4013
12638
2712
16642
7755
5213
9060
322
7742
351
4404
13273
5201
15510
4685
1738
3742
8051
251
8300
4939
499
8312
16428
16124
13475
5787
1966
11780
14039
14842
15215
5554
14368
6347
4651
2628
11420
260
7534
6400
12027
7431
1162
6631
5778
9298
6924
14784
7301
12467
13645
9464
7917
2896
3305
13288
4778
816
10521
16015
3799
473
1334
14286
3826
1312
11317
13919
8606
6030
7498
288
2703
754
5922
11817
2726
2684
13842
9074
9373
9961
16109
12682
16073
14773
4783
2058
4085
857
6770
8517
7588
1704
14233
13724
3366
9646
8415
4753
10230
12230
13470
392
15751
16479
383
5071
3938
14254
688
7902
4548
5072
5919
2052
9123
13333
2332
14574
14907
10508
6641
9372
1674
14271
7592
9722
9418
517
3546
7333
4287
2794
16521
6332
3705
2853
13304
10019
9783
16894
5164
9576
6654
6604
8052
5999
15364
4905
6940
2014
13641
4153
14958
12616
14653
2626
5000
237
6188
13622
9535
3469
10358
15073
13961
8639
16275
1637
460
11625
10557
9250
1844
3122
969
3693
1016
4788
12300
13358
1271
5766
12067
9930
16651
13474
13849
7555
12310
2674
3648
6601
4628
10002
3202
3297
13196
5373
9890
7084
13619
5359
4823
4493
5394
13424
14532
11184
9299
3882
12683
8779
15162
6653
7458
12540
294
15095
16670
4737
15004
2324
317
7124
888
9125
4587
3476
3745
4943
14217
518
15614
9361
10585
9765
2930
15755
16775
4818
9053
5636
5792
12949
1524
6126
13674
3747
16682
4808
4265
3267
6735
6723
2524
2359
12812
10377
15560
6035
5799
15609
16045
2398
12239
7912
8782
12204
13957
9197
6982
13068
8261
7790
4397
10572
4027
5866
6568
9681
8946
10347
10510
5227
13628
13955
4306
5178
6526
14192
3746
8521
8104
4347
1051
16605
4805
2003
4594
5353
6390
7060
9015
15707
616
2407
13015
5849
13024
12329
2661
3192
5340
14594
6506
2683
15277
8398
10454
13066
2805
5434
5978
8922
9417
273
9148
13214
13808
6463
11218
16490
11545
4621
3089
1002
13897
2366
3113
14626
5998
11714
14029
4056
14122
2552
8761
13635
16416
7298
9025
8714
2669
2672
9172
10493
16743
16913
13688
573
13888
42
5605
5457
5725
711
15386
13754
15569
5933
14363
1043
15132
15242
7517
9168
8266
9206
13755
9394
3778
1437
6730
8127
16379
12220
7439
3991
12594
78
1633
13543
305
14658
2300
16656
3251
9642
12232
3405
13277
1889
5545
13886
16513
13105
2405
16552
5756
16309
14095
4356
377
983
17014
15783
14899
14933
9126
7413
1330
14511
1712
5972
5983
1193
7019
2532
16003
13661
7781
12688
5161
4139
3939
10174
11562
7834
16731
11743
11570
8035
14377
10308
419
15644
3594
575
1511
8323
7556
14941
7229
2361
11823
2320
15019
3203
5105
11309
5926
6291
5254
16287
3736
4546
9766
4525
5579
13499
3001
3070
12264
4279
5617
14884
14702
15896
2917
4886
4879
13995
1585
3232
9400
10320
3933
5827
5370
16860
5410
15908
5671
6805
13142
5630
8423
10242
12805
15852
5077
13394
6067
4076
11340
3167
9001
7483
2397
730
1751
13384
8221
14722
16120
4512
16153
4758
15880
13859
1863
1161
2236
4121
4887
7633
16426
15061
5045
15254
15333
2505
12968
13446
7995
15619
12543
5965
15659
512
16585
3560
887
12909
16962
5372
388
3006
2710
1283
8527
6565
8089
6679
7760
6026
7152
6704
587
319
7773
2308
1851
1462
9130
12245
2638
13458
9849
5522
2011
6845
3211
2891
8845
4210
8359
7869
11365
14549
1875
16633
654
14780
80
12189
16591
12052
2521
7821
386
8490
15367
9343
16457
4865
6838
986
15833
4081
6559
13815
6410
7979
14672
2557
15800
12961
3328
2513
8552
7468
12388
12194
4797
15779
13592
15341
3357
12203
14983
13753
7170
10067
13686
2238
8876
12809
12746
2086
5234
9815
16381
6972
6493
15426
13184
2377
2923
4451
3863
7193
9029
14581
7895
15226
7571
890
15232
14084
15393
6414
13345
12576
2830
13403
15291
15623
13069
321
14979
8419
8902
914
15608
2649
16022
665
8510
3690
596
1492
6303
6577
13110
5960
16943
8001
13562
1217
15497
7404
7855
1173
16827
5295
6985
379
491
3940
11591
2401
7093
791
13226
15716
6532
3226
5328
12188
15075
1340
8617
5112
92
8683
7884
13986
5013
11453
9008
15402
8858
7924
12174
16837
16165
7950
12765
15520
3522
14630
358
14833
14294
681
13176
9963
7426
10599
13734
5314
15419
4711
15953
6234
5199
12284
15117
7552
14224
14343
3585
11966
3388
13623
6688
13401
1256
679
6428
7159
14405
572
7238
7360
9198
13493
16280
14752
854
12266
9007
8093
8377
8998
16065
3398
5542
7566
14918
12429
194
450
8150
14478
16042
12726
10288
14305
2344
5718
1243
6606
3435
8088
14870
5673
9977
16991
558
7310
1352
15239
16713
9522
12992
14108
6141
4502
692
7367
13713
15753
10417
10343
6579
4395
4533
2263
3133
3062
13952
1077
12914
7683
7891
9075
16383
8861
4177
266
7705
14855
7449
7981
13544
7031
16819
15799
4116
5333
15380
4945
12761
1027
12757
12353
6883
362
1859
12573
3052
8477
10065
13436
10339
7336
10045
5860
12892
13049
15748
9836
3195
3108
14431
848
14260
3079
1779
14057
4643
14465
6765
13731
5730
3378
4381
3109
3562
3330
37
6457
9984
5611
9803
15115
7915
1556
3708
2635
10325
7112
728
14628
9208
8641
2857
4540
13125
15043
8457
1991
9757
8712
10083
3451
8284
5309
3314
7496
5747
2593
6044
3640
16313
6934
16687
15067
387
7337
15853
14028
11354
14380
4111
16745
4740
1709
9334
1803
337
16533
4933
10146
2539
3657
16176
705
9442
15081
2453
4331
15661
8234
12450
7009
9918
1650
16209
14586
2748
2851
6729
13527
1879
12344
14868
8136
13650
14479
2279
15558
16850
3047
1796
3710
13982
8254
8255
13383
414
2349
283
2637
13233
10455
1144
5655
10429
16623
13813
2952
5048
4580
9356
1762
7260
15091
1306
8940
7648
4031
14732
7420
588
4647
6929
9220
6866
8795
6337
6777
1907
516
13667
14678
14378
4588
3075
13865
17008
13119
6915
3794
4125
7535
6127
15699
5583
492
6914
16559
13130
3631
990
14054
5312
14427
3033
15723
16307
2878
4022
466
14244
9230
2459
9767
13640
5157
4044
15947
2765
14350
5095
1555
15931
12890
4539
4144
16024
4700
7281
3217
9857
12213
293
13796
982
14136
4365
464
2434
440
1798
15129
14712
12531
15617
14301
11996
3521
15537
17003
7576
5881
543
6781
16494
10392
16636
6398
4335
2084
13238
9600
10630
7875
12801
7075
16906
3471
8949
7235
16842
632
5699
3506
4930
5534
647
14636
7474
9237
7274
5166
13839
9992
15440
3353
6089
3371
2106
5757
12766
2166
9105
5506
9552
15076
3714
4433
1112
15881
5512
15714
14090
3598
5871
12770
3020
5249
10239
930
8222
4141
10394
8819
4236
119
12330
14259
66
5664
8899
1343
8847
13086
32
13025
15791
3496
2682
12814
7974
2908
16808
15055
7374
3815
12366
6514
8209
13727
2452
13191
14161
15802
14689
1727
2553
13306
15909
5217
2531
13851
3534
15502
3591
8835
381
4266
8964
5852
14825
1248
2872
16420
13869
9183
8686
4298
8011
15148
5770
8049
4908
2388
1698
11860
7119
4696
10234
1148
11916
15439
5288
1348
1469
9818
1063
8790
16441
1766
4850
3102
4194
15740
16617
7520
1525
4318
4454
8874
8296
4767
4421
14957
9723
15879
3937
3776
5030
8009
3022
14755
15128
14170
3956
8619
1944
2802
3082
16522
7313
16102
8338
10527
13286
15669
8090
1932
15738
15127
11800
13106
14344
12615
2496
9120
581
15571
10396
471
3288
1109
16334
3583
10619
13520
14507
3952
16049
16840
9450
14883
3284
2922
5400
8356
7680
4170
12754
12406
6821
14912
39
6626
669
2273
5524
10080
822
3969
13463
2268
638
2296
6466
6933
342
15921
13944
13318
12396
14964
2941
15591
15422
15290
12803
4113
1124
2240
5385
9150
15796
5641
10375
2959
16069
6588
14133
369
3862
6153
3683
4989
16496
15408
2104
746
7721
3876
204
13029
8614
3128
13826
10539
2250
12848
4363
2879
11719
15660
8129
7964
10371
2365
13088
13552
158
8520
16012
1252
6316
4577
4254
1183
16158
7531
4720
3525
4774
9457
15122
7151
834
14905
12942
13491
8211
2634
6655
3283
16641
7618
7657
16487
3566
13670
1484
3888
8719
4765
14487
2868
4617
14387
16430
8783
15603
16675
1628
1384
16311
6468
14696
4547
15234
6957
5708
12632
1417
14505
610
16949
4682
4957
12567
824
1088
13570
6023
6799
15400
55
15200
9986
6754
8203
14002
7263
4689
6669
12363
7045
16919
4920
7991
2337
2336
3219
13487
1036
10062
7677
44
16021
15433
9200
15451
5491
68
6052
5464
4112
9245
1366
16189
14351
4482
4830
3741
2971
13193
8536
15831
13867
16127
15258
6380
16932
14440
2105
16990
13044
10136
8684
9104
7364
527
5260
7004
4622
15967
14094
6187
843
6460
12309
994
3941
1568
16268
1375
12455
14221
7038
10424
15806
5728
4186
15781
5826
12500
2464
4187
5461
12498
6282
16908
14844
426
3604
15252
12212
15789
6
8780
76
14047
13887
8676
12462
701
15854
14652
3700
13704
3556
7110
3951
2749
15202
10101
922
2114
2492
6296
8851
2654
4940
5737
3384
8185
6148
1023
6385
3198
21
13249
5106
3757
3392
16178
13935
2494
3504
8429
1351
13425
400
16744
3243
1237
1523
7957
15063
5319
16551
8854
7570
7472
2940
15053
221
1068
6609
9921
578
15356
14557
9507
2538
10549
709
9037
15458
10637
3421
13420
2341
5975
9163
7182
1638
2177
2737
4838
836
16330
7166
16712
15968
6164
8862
15795
16907
7686
196
16208
14098
12502
13781
8151
8533
1573
12778
9455
8766
15519
4219
4942
16847
14547
14506
478
9032
16113
10035
7614
12437
6055
7913
15701
5855
16225
16999
5489
1445
2602
15100
6928
8489
2314
1915
6429
3726
77
8938
2116
304
8912
13179
5002
6920
13816
9124
1018
12972
16250
6657
9185
8551
7222
371
16639
4445
14021
1587
4479
11680
16576
14402
3056
9510
11738
6812
8198
2389
4333
6251
4828
1975
14803
9894
10287
2470
9340
14634
6198
16488
639
5838
6207
8558
6492
14115
13741
13618
5547
7602
825
4745
1056
16911
16922
4595
13577
12341
3029
12295
5884
16904
15989
2925
9241
9
16396
3145
15003
12268
12865
3896
6823
6317
9078
12444
2305
13351
15114
15423
7283
12860
16992
1261
7942
3783
2132
12113
13848
3005
8711
15300
7293
12560
15962
12698
5172
8485
3304
15024
5225
16735
8549
4688
13402
4669
16796
656
883
7833
14950
15536
4820
6712
12401
13516
7842
5233
8354
15176
4668
4268
4343
623
8628
2696
3785
9944
2746
3625
14477
7266
13785
13504
5279
12827
821
12664
16406
10423
7379
4709
9591
1406
16820
12634
12645
4913
5456
3601
6450
9027
16979
16351
16361
2210
14813
1102
6986
8363
6128
6505
13780
1769
15294
16741
9508
7342
15299
10601
444
13370
259
3259
13096
4793
14439
4420
5382
3247
7294
6842
7935
1460
923
3317
8808
2447
12960
13124
6848
4109
325
8627
10467
10622
13271
12384
3420
16960
13211
5712
2231
14816
225
1132
4017
15153
10049
5739
7523
13421
9700
4126
167
12882
14991
2667
16823
9371
12182
12005
3374
13846
16550
11520
7348
7176
8918
9637
4849
16344
1369
4761
1624
16059
5351
13154
14372
4804
24
5921
15943
1746
13357
5918
6936
4384
13896
1049
3918
336
6787
544
13459
4009
12335
3177
12387
3061
7247
13872
4438
4799
16288
16025
8948
4878
1339
71
2360
9065
4267
1244
3503
4544
10623
8930
12922
14683
4789
4911
14308
10285
8887
2327
12986
14596
5128
15877
3180
13521
14582
16703
13659
2458
4036
537
7583
9557
2484
14103
15578
8970
1123
574
8681
13557
85
5959
16329
9851
5573
13388
5924
814
11333
16511
12981
14794
2544
7914
272
16767
10602
4154
9626
2070
8906
9131
6314
15424
7547
10041
5825
16985
13517
15745
3851
5886
9427
12558
6366
5805
7841
3846
296
1670
9039
453
8636
4134
3866
13561
15185
15382
15392
2051
415
9425
14874
5832
12297
14915
13127
8610
6371
792
5885
4566
10217
10110
12982
16758
13278
9698
2904
4576
8408
9862
4894
5841
4321
12339
7432
16750
10369
5517
2213
16989
5650
16638
9546
4690
5322
16459
13497
16834
15350
13248
16786
12535
10202
2981
7854
9240
10304
103
5693
11741
13603
2985
9272
9059
7092
10201
12692
8915
8767
775
1476
16717
8092
7150
9800
12358
5423
16934
390
913
7165
904
7814
8550
4986
9295
13946
5165
11964
6782
585
10642
12947
12948
678
261
4082
15785
15863
16736
8364
5269
3148
2269
10450
5207
6397
15343
12816
2474
15084
7966
402
2877
5768
8358
16247
15570
14969
15542
8965
2823
13973
289
8226
3245
7064
2545
5436
7144
16358
2964
5117
12377
5224
15934
290
12237
4021
10054
15486
16555
6087
13132
5482
12590
238
16627
4385
4953
7129
9145
3932
5883
8667
378
13529
5675
8995
16360
12269
9625
876
14509
6744
9567
1575
12758
8273
3958
15414
7905
563
4388
4393
13571
998
3159
357
7105
683
12215
5016
12806
9283
8756
16525
870
5864
14475
14138
852
8638
15482
14944
9215
8308
7442
12729
7477
14879
10022
6362
3919
13331
12397
1754
1350
6733
17024
3607
15585
13075
9598
13175
5028
15265
10329
7246
10175
13549
8673
8303
8981
13028
5551
12614
8446
2462
13482
8248
10362
743
1924
818
8781
1563
6257
627
2153
2028
4142
12533
265
5907
1631
13313
10097
535
6122
16700
8027
15913
7090
16119
10181
8048
13600
3698
6973
4288
13997
12219
9100
1679
5865
375
4444
8040
1294
765
14889
2463
6877
16085
5819
5690
5467
4359
9704
1354
3779
13156
5898
2687
1423
15936
2085
1514
13484
14817
1830
5904
14337
3081
13123
1191
16691
6837
566
14072
3829
14891
13374
2412
14346
953
642
15397
16756
2414
15421
14146
6746
2125
7027
1517
12059
12582
2278
6220
15573
6312
16213
8010
14925
10131
8440
1817
2147
12659
6006
16151
6299
15124
12555
9609
9129
4174
5595
3387
7177
7453
14464
14081
773
2356
6326
12351
1485
2647
6743
8604
3879
4724
6003
7250
8492
3680
10172
2580
8321
8272
7824
2342
16111
3922
2378
1359
14622
5659
13620
908
4519
15203
16772
13077
3141
14279
10341
2371
7526
13053
16290
13076
6778
94
14591
12887
2761
14269
4556
16249
16399
13647
16791
15193
13408
4283
189
2020
651
4629
12599
1782
12065
16613
14362
14795
9736
15616
14988
4380
7866
16546
10405
12547
3477
14231
14489
4884
16787
9594
12564
3944
15438
302
2863
10043
9161
12987
15469
1096
15850
1466
13938
5138
6727
2881
14241
8081
15288
7527
7949
5238
10316
2755
10560
13522
1420
13312
2979
6274
8662
9493
4655
4825
15955
9505
16611
3236
676
15525
8295
8458
15337
14608
8677
13162
8841
5020
12793
15965
925
6190
10509
16602
16604
7384
14451
3656
13393
5953
16347
7505
6592
16183
12684
8383
8571
5009
16279
14042
7596
13655
628
4854
16626
6130
3880
15050
13812
9097
9278
5720
1692
1099
15882
3417
949
6522
15556
3635
14225
14450
7128
11332
9366
16104
3216
13215
15238
15429
4110
6678
9657
9210
16233
14749
14142
370
13395
4341
15902
15717
4534
8992
8158
4367
10303
4196
13136
150
5726
13003
14173
15025
16994
1216
14984
15151
12939
14645
3007
6958
3055
15463
14706
9063
3691
5568
16783
3722
10003
16719
3512
2900
12403
5263
1432
5208
5976
2843
15272
14262
7880
3753
15212
4095
7660
15703
3410
3338
61
8703
13292
12493
3478
6180
987
7852
15566
12654
3024
5407
15138
8907
6060
14249
1436
7217
727
12391
7369
6360
6289
9311
4252
16099
9641
17015
2813
9133
12966
15165
13071
14530
16817
9112
14584
4423
14527
14676
7783
2403
406
15606
13281
3468
12479
14319
3036
1933
9676
8259
33
10171
15742
5806
5191
9093
5430
16062
14008
2861
7873
3303
4586
13708
7676
16941
771
5553
7532
14819
14147
3842
15390
6448
15296
8807
16413
14665
8278
13294
15574
7628
12320
10132
14651
13694
16984
9009
11656
95
4470
12587
2537
9254
3124
3981
1242
9066
12926
3694
1382
3857
13339
1414
9954
4375
4500
10486
12644
16896
14935
12441
7649
10570
644
15465
15548
964
3432
6339
207
781
16519
7010
7377
10612
12517
4559
3834
107
1591
5204
4575
13596
5734
16369
14453
4
3014
5967
2741
12846
8470
5752
8072
10007
9952
6393
7133
2551
5956
16448
15727
8804
5762
3023
1342
11239
8411
1509
5669
9683
6103
10647
7065
5091
13614
14802
12201
9256
10
10596
1784
7513
3458
8097
5
5621
5463
3995
12169
8565
2632
9006
9643
16236
15044
6157
5776
1185
15360
6767
14917
6652
6200
1812
6792
1323
14504
3364
7115
3030
15070
3287
13223
3775
10457
12963
3455
14625
7125
1487
8842
3149
13889
6844
6545
3480
12959
15457
624
8765
2865
15903
14843
246
631
1724
14644
3901
6140
4486
16342
8166
8105
13023
12877
16737
8502
12742
2875
15594
7687
15530
3584
7106
16921
16355
4646
12097
4222
12447
6564
3363
10283
12529
447
3004
2018
4348
316
5376
4990
4216
5454
1459
6344
5521
4312
12079
16097
250
6202
2512
5854
7068
9072
6881
6206
3545
1838
5556
14299
16705
2271
721
7484
7802
1113
7898
195
5979
14013
4221
14590
9209
5984
14480
5552
6840
15632
8179
98
3262
13131
12161
9843
8826
7255
14609
9359
4650
11170
12751
16362
2362
4572
16453
14252
15904
12327
9233
16427
9562
4079
5741
6328
12884
4836
16838
15455
6869
16132
7501
15418
15484
1207
13805
5811
16721
11330
5764
714
15483
10569
5750
15039
16142
1421
7673
9429
2820
1840
4294
7069
4558
14494
12349
3614
4161
6068
15832
12797
7997
2827
2972
8229
10319
3060
6340
9022
3302
3909
4102
14955
7894
3369
871
5733
7584
15468
13900
1030
16018
6865
2736
4414
8933
5298
6546
8588
9341
1636
6205
7210
14718
8352
13050
5133
1218
1298
13404
11535
5775
6075
8195
6701
4773
10176
16384
4623
2266
6694
4162
4241
6298
12445
8050
5759
7900
16654
15143
16929
4749
1685
2259
16470
7219
6144
2455
3230
15373
756
3231
15705
1172
8690
12672
12206
16417
6839
15273
14560
9474
12602
15997
3795
9252
13954
13735
11203
877
8717
1632
5836
6403
13576
16868
910
9238
13535
764
6741
15935
9036
8744
6439
8055
6536
3277
310
15358
3171
4876
5266
16596
866
2427
12197
15246
8855
5851
7793
15627
8236
14246
1114
4714
9726
4518
3121
999
1927
5237
9837
13129
15754
4272
4108
12611
1615
2422
16793
15404
4903
14982
6394
12380
8622
13932
157
6021
16136
2566
1816
6440
8867
1985
12879
5905
8675
4138
10336
9141
3764
3822
589
10426
1763
11297
978
6576
5108
14270
14228
5606
7940
6708
10112
14216
7181
1622
8939
6158
8616
8500
4707
9264
9471
10093
16648
1374
10639
1247
1921
8857
6379
14852
301
1212
13891
3579
14357
12717
16107
1415
13999
8145
1215
9192
3658
16265
9747
8186
13135
3526
3225
5751
2999
14661
16020
5190
5643
10090
9370
2050
15478
15734
13411
15582
6648
8733
12998
13062
3831
10525
4464
7862
12936
5343
4762
1800
4928
16809
12433
737
2842
495
1356
8654
15174
3861
5801
7402
3026
2520
4025
2444
12979
7204
15437
15401
12973
15725
5102
5355
13766
569
770
16266
13315
8133
15342
12469
15804
6237
11616
5834
2234
3802
2080
15056
5073
4772
9716
8731
8572
8378
7460
3570
1392
1122
1505
8872
4585
6952
980
8546
9914
6151
14105
15901
6422
9959
6451
3959
4256
7457
7694
2061
14457
13352
3285
16643
15047
4611
6152
6791
10432
3684
14904
10348
2246
6719
12748
7287
13006
16620
4596
14583
14460
1262
7752
9452
13983
455
3249
7034
5822
13720
12864
8817
8577
8514
11181
8170
13746
9987
4987
15864
3190
1236
8108
15676
13087
6430
5937
4499
14758
1156
2948
16978
14297
1491
13181
16133
13725
8727
3210
4557
13610
472
1627
16969
9443
8216
7693
14895
12699
5399
16723
3362
4400
2511
6802
1809
8768
14392
2150
4370
4168
1547
15507
14663
5602
838
15893
800
851
16724
4543
3095
8244
16041
12833
14567
1964
12784
9715
13471
9444
16149
5607
7085
15721
16996
5763
5243
13523
5954
3877
13490
445
767
15255
5264
4094
2533
9478
16544
11981
1729
3612
6497
6853
16693
16217
7155
7870
13975
6184
3118
13788
4843
8581
15640
9608
7510
16773
9405
3472
16387
4779
16594
13824
4000
13323
5772
5247
4730
7205
12693
8962
16692
12475
10605
3373
7634
15979
11809
6416
2612
14954
3906
12285
15580
3595
12305
13492
7239
8829
15160
9541
3520
12876
10635
5880
6181
5006
8428
3911
1847
13884
13283
8555
9432
12671
16106
14278
5080
3019
16658
13962
10541
10161
1210
602
3687
11283
9064
8897
3508
886
3837
8030
5182
12234
4882
14324
14796
12227
2064
5899
8787
2866
13639
1498
10354
15634
15940
114
2034
7678
1949
13259
10574
9832
4070
12696
12593
626
3248
17000
16864
11908
5548
8233
6459
9222
605
9246
3073
15297
9972
3039
14740
7104
6502
7737
1206
12703
15099
13293
2095
4503
2385
6828
13862
3433
7341
14430
14993
4527
13691
2574
14946
1542
12078
5711
15820
8305
2883
4173
15584
14139
5646
6970
16971
13299
1580
1092
8720
8413
12878
2976
7456
4275
13422
9933
14032
12259
6309
3009
12869
3639
6346
15311
1689
9870
13207
716
8925
3222
8061
13118
2542
10636
1853
9286
3596
6320
15808
14292
13464
6258
8863
17016
14100
15399
99
10590
16740
7257
8561
10524
1093
16237
1125
8141
4064
15692
15334
7890
15639
16833
16680
1495
11776
5498
5485
16874
4349
8375
1756
14659
14641
14965
14684
1347
7567
8285
2852
15366
15794
12993
3069
4833
13898
8668
6611
2145
13948
13040
6199
5285
16411
16026
9402
1623
11212
15900
5497
3574
6974
8646
14862
12620
14471
8837
13242
2251
5041
14631
7120
1959
16211
8967
8426
5818
2288
13321
12267
12656
13771
11934
1649
3497
16506
11209
12863
4224
14961
9989
15442
6229
1224
15797
8396
937
14924
9247
5226
11709
16125
8655
13145
12943
10005
15767
2190
8545
8587
12881
15211
8241
2882
15145
15110
14745
16777
4827
2915
14654
803
9761
9034
8882
8420
1857
16005
3253
2328
4844
9045
4003
14205
12431
12715
11670
6212
9772
3289
4979
9319
4929
3242
935
8528
12649
9569
14156
1705
4734
14892
6175
1890
12657
3603
2564
10302
2937
8099
8264
13449
5850
2138
4440
10197
15836
6757
15501
12492
15391
6063
5981
6243
1829
6718
2387
4428
5748
9280
1277
3555
4117
15046
16530
14424
4786
3865
13386
3457
3550
8478
8831
13454
16089
8230
146
14603
239
9061
10497
2867
16824
10345
687
16948
16598
12202
14558
12886
15322
16350
9094
9349
3788
5081
4083
15453
4047
13098
9013
17
4150
6951
3505
3752
13784
6768
8484
3531
3134
3813
15914
4213
3590
6917
16600
13969
5440
14761
2734
8631
4916
6061
16282
4517
6961
6846
13389
14416
275
14621
2733
823
14371
5096
16373
7695
8146
7381
2347
12737
1407
4562
9659
9663
6921
14033
15718
4066
12551
14203
3529
9696
16757
6901
5640
6056
13054
16570
13633
540
145
3650
16807
14180
13366
7889
3474
3523
3206
13609
7358
1640
3090
1608
7585
17013
4468
14592
8574
6732
1532
13004
6900
4235
5453
884
6307
5065
13447
4314
8541
8168
794
8513
16050
14695
2391
7819
10567
3844
14059
15267
3996
13427
15688
14613
2548
9829
10246
8455
5906
8868
1486
5025
9830
1537
6519
15509
7169
1463
7429
8987
3749
6636
12000
12404
4295
1034
4978
16875
8481
12975
14124
4639
14671
1429
13419
2784
3830
653
13850
3153
14338
8961
14885
16473
17012
14432
12652
12970
2691
14835
5844
3910
16400
4473
9922
12940
12463
7775
1394
3907
2743
15986
14677
13913
2148
14267
5755
7233
7865
6305
3711
3732
15747
15681
7918
10579
12730
14283
5508
14183
14693
3258
8671
13767
6948
2686
641
2008
14748
6369
7810
6584
12292
3161
3018
13811
3771
7220
882
4164
8881
6997
9820
2022
16776
15970
11838
7269
3532
15189
895
16343
12424
104
2029
2239
5869
13722
14531
8818
9948
9846
6575
9422
13290
4498
16485
663
16482
297
5261
5634
7511
3564
732
16339
1295
191
2576
11480
4463
15262
3535
3324
7722
15207
11394
12425
13122
16595
6286
14629
6010
720
12572
635
9000
619
12837
4361
4377
5754
9590
9560
9813
6710
16481
4676
14902
5137
487
16160
9497
564
8204
6687
12398
5594
2167
5856
4915
14315
1658
16508
34
5450
12849
1368
15810
9978
15911
3250
5389
8425
6364
14467
10550
7174
5027
5943
3850
1240
4528
3643
8391
7076
10526
9907
786
15406
4654
12819
13810
16915
2668
15188
545
13903
6700
9322
16569
6580
13924
7422
6867
5415
16061
11478
6980
751
13928
15314
7408
1130
8535
14030
3681
438
4215
8079
267
12217
15
772
2811
7167
6984
3396
6079
16409
3463
7859
1681
7978
3740
13745
905
7799
1411
9288
6293
2960
1473
2828
2912
13868
15040
6771
7248
2006
14323
13473
7542
6995
13864
9023
13038
3581
14589
16390
7751
1835
2968
7236
13371
16813
6465
8450
6178
2978
924
4480
5205
1404
14839
11183
1683
7443
584
9038
12510
4185
5125
12666
12875
9137
9305
3498
15284
13350
13031
5365
8506
8007
3551
2723
8886
14155
14782
5798
10490
4114
804
13593
3296
1010
7173
3720
16450
3530
1602
9760
10188
9926
7983
2149
2786
13844
5931
6665
16408
282
12912
174
4995
10040
758
14623
7616
6005
13856
1778
14568
10055
5101
16811
6495
15846
15698
299
6112
10473
10627
263
6909
2567
5084
8891
5293
12192
2346
5323
446
2547
9290
5143
13685
3016
16920
8422
1264
13195
16308
15375
12708
1866
2515
13257
2254
14936
885
14211
2134
308
6572
2601
4169
8647
16500
6223
7066
3840
1856
3548
1233
3323
5442
13918
16193
8926
1211
13594
5735
9225
7424
15164
4787
10231
5541
2855
12642
2374
1073
3860
4378
4001
210
8078
1165
9384
3437
12485
13263
13696
5626
4883
12918
15805
6918
1675
3092
753
4233
4819
8313
2179
12527
10593
15049
16567
718
15592
4670
13382
16466
7782
13551
268
2858
4099
5240
1332
1022
2124
1319
5713
16815
74
10492
14543
15280
760
401
13282
525
11995
5352
15032
12823
4640
6193
14470
5550
4212
1194
14096
5802
7016
7042
2678
8557
3460
13410
229
13137
10620
16528
906
6351
3602
9720
10315
10618
14036
4042
12347
5486
9810
13481
8990
1097
1540
11887
15260
4166
14774
12675
13573
15917
12263
3473
1278
16306
780
15952
13742
60
1177
9073
6045
16039
3279
16872
8559
4199
269
1135
2697
7139
7030
7262
9050
2627
2962
2456
16082
12579
8153
13311
4826
1000
11618
3452
10431
15978
10379
7569
2019
12621
7791
2899
5668
12627
14272
6886
8793
2294
12794
4158
8893
2676
14296
8464
7603
181
2829
10422
3553
432
5925
16859
2814
3977
15597
13416
912
8084
2889
4871
7103
6048
14894
3800
9920
1719
14148
4921
134
996
14358
8385
7604
7961
15329
13201
13241
3543
14731
2848
13967
4508
1760
12971
5222
14158
15985
2183
6994
3138
16144
850
9253
12906
16565
13335
4087
2394
7709
1607
2887
10324
14762
14166
7958
6535
6288
16090
1753
7922
12933
8212
927
2987
16246
14776
11825
9338
448
16527
9177
2490
313
13606
3237
3453
6129
201
13252
11813
12732
16323
7366
6111
9544
15474
9122
83
7872
4550
1167
4425
13298
8119
608
15739
16816
3724
14878
4578
4465
11691
15549
3272
6720
14258
16795
16938
15425
14922
4394
13718
5056
54
3738
807
1992
9089
15327
1912
4658
15210
314
7881
1672
130
6544
7058
2949
5780
16759
8149
571
1668
12853
6334
7573
5300
15596
6501
12459
8064
75
13270
2172
16317
7506
12343
6964
13400
13677
9159
8597
14737
6420
4763
14562
15821
8169
9595
7071
2249
14204
1548
5549
13052
14845
8293
8247
1590
1267
2069
6494
6590
1646
8778
10453
16326
6949
4459
8310
8073
7130
5895
5257
5604
3481
8789
12457
9098
3080
15395
307
9461
6830
16926
13310
1947
4501
6913
410
2982
4091
16614
7108
15278
7300
1410
7163
328
15875
988
7750
5968
15141
8994
4024
8511
12931
13245
5193
4223
4074
126
1592
7777
670
2023
4817
10139
1078
15443
2517
10153
15589
6432
15450
11892
9369
15340
1014
5660
13056
1296
6387
2508
16582
5336
769
3514
13744
13030
16892
8238
15090
389
13439
7160
1713
16068
7857
8125
11857
2010
14727
12608
5462
1958
11361
13182
7061
3408
12557
14579
7651
5678
15097
6638
6941
5022
4510
10296
7419
14548
6991
1072
15516
13309
4875
2372
5050
2280
12511
8914
5146
16181
547
7187
8815
9348
2399
1848
14656
16666
9647
14913
5571
3238
14210
8215
5142
15042
15409
4853
14435
2199
4904
6208
15752
10105
5345
13980
6080
7054
14243
8451
6956
8480
6267
14025
15736
16221
13524
5570
9261
72
5055
2090
9487
1776
6513
3445
2404
559
7319
8908
1142
13721
3270
5773
11248
264
7335
4895
8268
4249
9966
7936
7425
274
9910
3561
7762
16980
8957
13853
16945
4807
4726
8044
9728
1806
4442
5945
12885
13329
5872
10544
12314
2451
5794
4296
6510
16733
13074
5231
2603
580
6485
6861
14273
6962
6503
7825
12718
13495
12871
16081
8330
11505
14253
5483
5479
15588
1412
14333
7708
3264
12211
5451
3957
7146
4982
14275
13574
13706
1003
10030
15396
5473
15321
7025
8507
3883
5248
2862
9335
10236
3315
4167
12336
13711
9084
7216
13151
12378
12491
14514
8370
15618
9041
12792
14189
7909
1888
1174
5251
3488
8348
7041
13167
14110
12676
6672
133
12574
5209
13398
5005
3274
1361
13093
1265
6375
106
15017
16631
8979
14681
7714
7565
3425
6831
4096
1188
7088
10443
12925
14421
8237
1440
13035
9224
15376
14349
2772
13235
14956
14473
5123
2352
2800
1641
15292
1140
9259
16674
344
4037
2988
674
7543
257
2931
16942
15241
16154
1715
528
12466
6417
6047
13114
1961
2163
5426
5362
15222
8685
4549
8605
2168
3571
11271
14746
5150
12958
5127
1676
16661
3094
11799
16785
5837
10212
8225
810
14482
5124
4513
16159
14809
13541
6932
13671
1666
255
841
16861
9925
1538
7311
4084
5540
10078
14831
14575
8748
416
13
3980
10340
3816
8878
16657
2942
2518
12270
8036
14875
1519
11679
498
13882
1518
1665
1878
13777
9142
7698
5018
3051
4496
6645
12637
6856
10507
510
2938
15653
10191
6926
2958
14585
5291
14172
1179
5060
4060
15841
6235
16405
8738
12243
6714
4239
9742
8116
6832
14578
9506
1203
15137
3193
2176
8821
1852
8776
12471
6391
15287
16337
8742
10538
9221
6640
981
9876
9782
13909
50
2487
13885
4207
13917
4846
16135
13892
6318
16653
3810
5753
16276
160
5532
15244
5418
7215
6942
9136
9207
6642
4794
1926
12741
8832
16047
14710
2969
12932
5358
9393
13466
12674
12937
10558
15960
6740
12772
67
2411
1098
14759
15782
3
3905
173
3987
13364
8728
10398
4458
5210
165
14834
5702
13316
5198
3131
4593
2316
8159
9708
16629
14948
4192
12494
152
10245
6256
12712
2137
1280
6570
9080
9067
5949
292
16659
15768
6875
8563
3774
2530
16716
8448
14306
13690
2571
16650
10360
748
13430
8015
9336
5853
8491
7723
8997
9973
312
2953
14226
7209
4935
10107
13525
91
2721
10173
15874
1314
12591
4798
8106
15109
6992
14165
12999
11601
14466
6174
16983
8469
36
1346
8532
5576
2353
16976
9529
12668
3536
7768
14995
2054
3359
16463
1552
5364
13987
6615
3263
2631
9967
13301
10251
4857
6925
6661
14075
8810
4086
8173
2639
1084
16881
8760
9321
88
13752
2825
2735
7874
15430
6943
5268
4931
9713
3728
13730
4955
8213
8337
10038
3755
12607
15331
4584
15357
10594
15492
3142
9848
4065
1979
12334
5374
12240
13698
7871
4715
3072
8407
6562
2495
4234
6086
16587
9069
8796
12405
3035
6981
15731
6548
7654
5307
1656
3053
14624
14263
11978
7956
5689
9164
7390
4297
10149
14971
6677
7368
5420
14863
15819
14692
842
4189
6042
2180
7338
15489
2648
13956
16845
3416
15775
8726
2780
327
15344
12524
4390
5347
2541
13572
5424
7135
1246
12302
170
2599
14703
3692
13441
1222
6273
8368
1349
16484
7462
186
14388
15319
16933
154
2549
6125
6192
6238
16586
5628
622
363
2319
9604
12783
9612
1761
5823
5299
5416
4416
14220
14760
1301
7305
2144
13819
16011
7910
14616
7359
14086
7795
8379
8184
6990
100
3461
1644
15199
4656
12753
8472
4322
8595
14823
1609
1281
9314
3320
2910
11372
12997
3333
7719
2893
9781
1344
12138
14821
16862
13605
14860
14750
7655
6785
2783
15666
129
3491
2944
7212
2840
15851
4708
16302
6069
6931
4608
9513
8522
9453
8553
14102
1807
9519
2358
7812
5417
15011
5615
8613
16560
16310
16324
4618
3419
2856
4524
3515
12196
4245
3589
5494
5443
8192
1970
14742
6517
5566
9344
8669
15030
4803
7679
8018
5544
437
1424
6290
13709
2191
213
14713
2503
2974
13773
6603
2169
1353
12755
7668
8228
8798
16532
5563
2932
8519
497
2598
56
7394
2471
833
8846
16134
16354
490
5572
11524
613
7756
8664
1654
9788
6711
127
9916
143
226
14091
13372
4552
5704
16191
6259
11395
14896
6508
3442
10200
13206
16148
7598
12164
4993
3154
8575
7697
3608
6549
7044
6826
8431
4890
1862
14797
13039
12373
8276
7540
7537
6270
7055
4771
13084
8121
548
15285
4355
7948
49
16192
3787
16469
14491
14920
2876
2787
778
13828
16729
8777
4567
11338
7844
9947
2781
7495
7078
5647
8382
14444
3544
8031
6965
8592
9648
15058
6262
14932
9536
14290
15370
2914
1327
3418
15064
989
13581
3464
4057
5970
8479
8349
3194
15051
12900
12974
4731
1885
9780
6574
6306
959
3979
15918
599
17006
1898
5422
10013
7289
222
89
15014
12996
1249
15363
5586
13216
16784
2284
6557
6226
6001
16269
15620
12316
7630
3143
15773
2040
5987
1448
12571
10442
51
13646
5743
1341
120
4286
13644
4290
11669
13626
2620
1741
11672
15757
1596
8969
12369
1180
14728
8047
530
16397
1065
3563
513
5760
10137
9212
3489
1601
1447
8991
8326
16664
5290
10258
15599
13354
16199
16175
8916
2724
8921
8751
12287
3647
3382
12233
2140
14900
6521
8406
5039
12508
14078
1736
7563
9749
6989
12901
4226
172
9157
10158
16931
6963
15505
2417
1827
15732
9485
13397
6191
2060
3313
4837
1611
5086
13683
1805
14849
14715
7615
4146
6294
9226
1150
7081
2588
5666
13559
15104
16232
6272
13678
16130
15159
7864
16663
12800
5610
14128
6540
5145
12251
6278
16057
2046
2498
5287
14861
396
9020
5795
3027
1176
13109
5662
12379
3832
717
16768
6747
6864
3994
3897
5561
12916
2370
6209
5807
1497
9518
5311
13893
2373
965
3836
13693
9678
10397
8560
203
13587
15842
9118
6461
2560
3772
227
15825
1357
16263
48
278
13642
474
8732
14456
1988
13930
7306
14970
15434
14642
12415
7463
13699
10082
6381
14336
4693
10501
6650
3164
5075
3931
2368
9294
10129
11328
12381
15029
1006
13005
15695
5950
9901
2157
5082
6444
348
16031
176
7073
1202
12927
5037
9912
6801
4429
5603
15257
13668
6409
7789
4847
5891
534
16518
5265
13895
15026
1513
2535
16886
7530
4900
2340
3786
16935
15958
7079
1723
4630
15930
1846
12719
13460
1435
12280
140
993
441
12868
3892
4626
2795
1534
16701
15798
1287
12565
10322
14859
14409
15306
2921
4662
5429
2272
1995
1801
249
2826
15645
200
14071
8063
7405
2841
664
3677
8755
3013
3011
12272
3619
11810
13065
5656
12773
3358
6527
16284
6160
7228
1080
2025
1503
14664
16770
2890
3948
16167
15993
6683
8331
3152
3273
8543
16940
12228
14766
4190
1530
10081
8682
13356
6591
12513
13833
8518
13387
12171
15870
14175
3076
16267
12417
3372
12306
12312
6560
9308
10095
13631
10271
3010
15052
14595
15815
15018
7049
16429
14101
16573
10086
12935
13608
15724
7435
15126
14400
13857
6225
1015
8126
9090
12756
12321
2555
5698
15307
6064
2333
1619
15803
13651
7972
4206
2078
4107
941
12024
7273
15946
16610
14540
15372
2241
329
4695
6736
4230
13993
10233
1789
11211
5474
6321
15668
12350
5938
13985
2543
713
13133
1117
15079
1427
8701
8745
1074
8674
14669
8335
7421
3135
4325
4694
13950
3104
13500
684
9012
16789
9236
4208
1951
11961
8409
14667
13702
5221
14074
15987
13234
8955
951
5971
6582
7401
16516
4253
13984
15654
13111
3970
16043
4051
1686
1794
2265
1143
7666
2457
541
2550
11829
6370
1465
1258
3207
3759
14996
6018
2835
954
10087
4589
14930
2778
177
702
5304
9354
13809
13934
6473
4431
7586
5476
3260
7706
4673
5465
1393
4842
1378
13756
6476
4040
5676
2817
2154
14010
2247
7718
13672
6084
4402
12395
13276
6975
1116
14335
4770
6407
12520
5175
15503
8355
2285
5338
9694
7613
4535
2192
16867
7082
11355
353
16748
7919
10480
10010
14407
7288
7850
2821
1972
334
4692
4432
13687
11603
12580
6365
12687
5584
13204
11686
2803
14339
1430
13146
1531
13769
16335
13042
862
14274
15696
3125
3093
15730
11403
14818
4391
6737
15550
504
3719
1168
2056
8277
13790
6491
15102
3038
7395
9960
9499
9555
16318
2424
14366
4870
5154
7476
14034
5380
16677
3509
7607
9269
9797
5477
4638
3054
15270
3924
7326
5940
1785
13426
15950
2055
9881
16715
2367
16035
15347
3674
15147
5941
8080
5820
5614
1956
4338
9531
6953
12473
970
5562
6967
14174
14386
7452
16647
15697
3992
9661
15015
707
1652
15089
4386
12325
13150
12301
2797
6106
6241
15995
8800
7380
6266
15276
16374
12953
6583
1083
4965
15702
3106
4227
16891
1680
12331
14916
5715
14227
3028
4511
6265
1328
7091
3501
13701
1416
4311
9135
16542
5685
2202
15907
14914
10199
3725
15281
934
7920
9174
811
6185
14953
7746
697
5796
3985
15417
14539
15758
615
9561
15198
3646
9540
2196
16075
16858
8207
6670
6538
4472
16918
7328
15158
1506
2415
5306
13791
15844
4609
14058
12681
3565
7291
5097
11877
10210
3804
6625
3559
15777
4218
1939
9739
6425
4579
1446
3554
13915
2836
2892
10163
12589
13666
6437
3462
13653
7315
14355
11555
7989
16803
13203
15862
920
9440
5519
16244
16778
15650
13680
4399
3350
14182
391
7529
3450
4600
6150
3818
6248
16964
9448
13804
2289
9010
12367
2326
9056
6338
10177
7036
5761
13063
16281
14997
15869
4019
9362
6454
6062
5828
12874
2409
11550
6632
14151
13806
5433
618
8875
13302
11463
14207
16315
6709
3664
12199
7998
7691
10580
12013
8240
11834
6078
13656
16007
1667
12486
7908
5932
9002
1422
696
7772
1768
4998
12852
6036
9796
1603
1397
16512
12438
6231
14017
10277
1219
3898
5354
4329
12600
1765
9190
4244
16997
16854
13314
16455
8147
4860
4985
8936
1305
97
7787
13186
6774
2774
8583
12781
889
5789
8562
15579
14004
6553
3660
17002
8014
318
16096
6725
6213
3630
8503
14968
5162
4308
17022
9368
7350
12613
3651
5695
208
8435
2321
5590
6619
15495
16118
6698
5873
1635
16718
4339
14413
12799
3376
2798
7363
13095
3672
11444
2909
15177
7512
10391
8579
15286
9257
9824
2577
15545
6751
8299
10036
16001
5619
13199
3393
8894
3858
3456
7594
6860
5214
8501
13567
3986
8977
5176
6769
972
12537
2270
12532
10402
1982
13472
12714
7579
2569
7733
13669
7264
4746
15679
2233
7518
16028
5360
10633
4840
3444
15744
14328
8879
13512
10116
15498
3949
14778
3716
5059
667
9401
9117
15123
7080
6836
7675
5445
1931
9833
14719
6788
2762
12624
13183
12123
9068
15323
5613
10494
9274
7398
2198
16681
7903
1433
646
13503
7809
8637
9908
2767
12985
4276
16150
2042
14462
7270
5499
8292
5259
178
5952
14508
13636
15664
13165
5008
6168
9793
5156
7591
4938
16184
3645
12319
3429
7201
5781
7954
7113
10235
12813
11868
16327
9184
1103
4750
7796
4419
3516
13338
5197
15083
8691
3209
4924
5196
10350
5994
14526
4041
15034
9194
14501
9446
1562
14196
4744
14168
7744
4561
2744
1119
13792
3132
7545
9383
16947
14134
10029
4816
4896
1075
116
1214
14770
556
4972
16608
12289
7465
14179
10331
5425
2709
9434
15088
13971
8357
1286
2111
7378
12727
14662
6098
6350
6402
5286
9784
10278
4565
3793
13453
5535
2990
13262
2984
899
5599
7560
557
8734
16953
6057
4743
1470
12187
9548
3929
6899
13498
12262
4757
2205
2363
190
8496
5487
5067
6211
3780
8003
1551
3465
15700
5991
8548
8187
211
16888
5877
3682
7357
477
1965
693
7107
4507
16548
9062
523
2440
16300
16303
5894
3365
15112
3978
6302
7659
2646
16885
2293
175
7303
3946
1996
14966
3713
5083
6376
16440
12173
16422
1152
8889
4560
1076
13489
3354
8447
1434
7848
3884
14985
8000
3707
6000
2722
4292
12604
16826
14223
6617
1521
1333
9004
6569
5538
8609
2112
12883
6855
9585
9083
212
399
3934
13825
8038
6002
1095
14481
943
7037
2849
7186
9468
2822
672
13107
13542
5435
15006
3811
6353
6384
6998
6464
13942
14837
12410
3397
10180
5316
13208
7927
15812
7261
16695
1752
428
1053
9367
9717
13361
13662
16822
12286
917
8324
14697
9475
12866
5890
5087
4448
1496
7373
16956
3367
817
9358
8493
4427
13700
7947
38
8524
14116
3633
15192
13838
15515
4304
3454
10292
16231
16380
3827
16829
1539
7286
13540
15689
6118
9472
2181
193
14660
4591
10488
12198
7629
13200
13518
14257
2998
309
16156
5387
1894
606
12298
2590
12214
15737
6780
14202
14577
9741
16270
15512
4616
2097
8227
2232
8155
15518
4971
5839
6512
3197
12562
14890
8474
14513
7099
9804
7168
4531
7640
16137
15974
12954
13972
7249
13990
5229
15398
2430
1383
14701
11431
14688
16179
3872
15905
5219
4178
4612
14691
13406
2304
9193
14853
16204
6142
206
4342
1920
14546
4760
14650
13533
5303
12575
5090
16078
14309
8311
6263
14414
2934
5732
7043
3950
2158
6542
6762
12480
2788
9791
3864
14520
1639
14310
16418
1461
2313
1976
733
13940
16688
2170
13989
6690
3894
1703
3116
79
16836
183
8593
6500
9942
5631
4004
13611
12291
2595
630
16993
15770
4885
5814
12420
9182
2072
7137
14419
9645
5510
5277
12561
13172
7929
7309
12735
15532
15134
5115
287
12111
15312
3182
9597
1973
2713
5447
12790
13336
8586
3309
12515
10039
12655
15361
6753
6019
271
4674
3147
7481
1941
9854
3701
3796
5149
12007
13205
6871
9949
4494
16253
10048
12247
13461
164
15066
1105
5915
5847
16825
15529
5716
2563
8360
1895
10529
13760
16432
14022
2995
14544
8820
16299
9702
3329
1325
14163
8128
3539
6480
16607
13855
102
7024
6131
7223
3723
4129
12226
3443
1876
6880
5092
4705
6930
7826
3767
14459
14239
11323
13883
8223
14769
12618
13444
1134
5525
8486
15036
14331
8343
5815
698
5782
7635
16690
3549
11506
10248
9979
12647
5318
2475
6159
6784
11910
4977
15175
13291
8060
3852
8317
3763
417
1087
9095
5683
2965
8471
3400
12736
3807
4313
9759
16328
10522
5842
15859
13478
3043
7688
1781
11528
2522
7466
11293
7593
7171
14353
5119
6357
16554
4906
14041
12691
5714
6829
1457
16203
12585
93
411
16624
8993
6555
14027
7450
8220
1494
8006
3034
5325
13963
7339
704
950
3025
16460
3012
8291
3214
16404
14785
5069
16728
7987
12539
952
5687
13185
8465
13751
659
14537
4200
16890
9102
16517
12256
15326
12371
2656
13164
7792
12857
12489
15459
6249
14307
5148
8424
14045
1178
12686
9017
13254
14382
326
8601
2189
9413
14783
13027
2252
8823
15481
16019
10275
14743
14598
3424
4198
4229
12956
4364
1444
10141
4412
5431
9566
830
5758
12181
15586
9644
2467
8274
1825
1131
11590
7195
5769
242
7726
7225
14723
16480
7290
218
5337
1599
6870
7118
12952
109
3446
9332
15369
15533
7296
8231
5543
6547
7521
4305
4280
10559
729
6841
8849
6214
14754
9495
15113
12862
5520
9679
15268
14321
16187
12661
8873
6766
1869
13121
8973
3998
13251
9390
12701
4151
14073
6945
14289
3853
2663
15801
8437
992
7175
1919
2099
14708
3199
2188
12934
16316
8002
8516
18
7932
4703
111
14593
5413
3252
1891
14230
8620
14903
16366
4564
9794
16063
6496
2775
1321
14553
13434
16880
9291
14832
8923
9859
3213
13832
6341
8082
897
5840
372
13854
2884
2905
7617
4258
4195
1786
12989
13565
10438
15377
12248
15420
16937
13548
863
9801
13526
9939
15441
1110
12990
12294
13736
4973
9346
9467
7132
13682
2178
6798
13840
16169
2282
3126
14858
7507
3519
3352
2791
645
7021
8243
3930
1308
13511
9795
7519
16792
3119
14753
5910
8570
12679
4764
985
9923
933
4897
10256
12896
16447
5887
8710
1009
2248
4918
4992
9189
12597
8648
3058
16443
12224
13266
12782
14919
10475
14145
13979
1071
155
561
2419
13467
3718
16224
9376
8917
1792
6969
14018
793
1901
13347
4340
3833
4927
7023
9152
10293
3163
7524
3984
598
14873
14356
10219
907
16229
15133
7801
5637
1187
695
919
2874
12545
9304
16357
3227
3101
10260
1546
14379
10046
2675
13379
7101
6664
4768
13782
1019
3789
7448
5765
12858
7464
15310
5784
963
741
5363
4863
9139
8412
12419
3642
1273
7674
5283
607
87
629
12476
3988
15916
6333
8530
2255
15629
5964
6530
7052
16331
9494
5557
5054
13037
9091
6520
16821
3404
813
13554
8699
2625
5502
3347
2500
2924
13078
12542
1696
3246
6630
15448
8177
7252
7849
7057
3291
4115
12446
7944
11
16774
2991
13829
16152
6578
939
1094
12768
2151
15980
11534
13190
3448
9957
2785
14490
3960
2187
8200
16052
12307
15224
2489
12523
6635
3032
9188
3797
16504
14120
14048
8074
1001
3212
15093
15961
7276
15691
7823
14001
5993
14799
7669
10363
15106
15959
15020
1653
4068
2142
8743
7647
16753
15763
5183
10518
15894
15601
12734
16622
16017
9962
6092
7063
4937
382
9005
3659
16372
7605
215
4873
13929
8167
3665
12458
1381
680
4202
4455
3239
14011
1067
3423
8816
502
1456
2331
13227
7817
5657
3808
6647
13346
13793
9243
4868
131
13530
1993
16356
3254
14735
1251
3915
7121
13732
10323
1997
12370
8860
3634
9477
4274
8280
15353
13307
11423
2477
2083
1707
6550
5518
4053
6534
1398
6091
16497
3592
2118
15726
4225
15824
6800
2481
14119
6007
8607
6230
12258
7503
6038
8101
12121
4097
12955
15562
3891
12957
582
7095
13209
7758
14106
10409
690
1797
4755
2120
14383
1127
10511
59
13344
10487
13232
13285
10020
151
4947
10595
9988
5321
14219
15643
15231
7180
6822
4606
16456
4769
9228
677
2408
7536
12880
7619
332
2507
216
10148
7541
6748
5061
960
5969
15920
2570
4941
1884
16321
7493
8402
3819
8729
3204
6331
14781
3671
9712
11705
5356
13341
13966
4309
13976
1118
15541
15840
1054
2087
878
6377
1815
1716
7689
1201
16603
14125
6108
902
13998
4902
9776
7271
3257
1024
3869
456
7710
892
13568
15473
13018
11987
62
9160
2681
13100
2751
2642
6597
14637
6215
7251
8087
1882
454
3620
15125
8999
8596
7391
16848
7646
4967
12566
16574
16720
835
12260
6731
14927
16170
14347
13007
10077
2173
10551
13349
6482
5653
3768
13451
15304
984
4430
15476
16002
9042
6602
6143
7720
15275
12689
15248
9844
5957
13894
9438
14572
10505
5058
12337
809
13325
1614
921
6028
2799
4248
8380
5879
4729
1480
14195
4620
1268
6053
14280
3889
8769
8482
13097
13949
16117
9176
8739
9077
6685
2579
6138
5749
2920
13152
6445
8888
2970
14798
13317
6905
2207
7906
3828
8172
8070
15033
1245
13431
3541
14981
8653
9633
13060
6135
1297
16671
125
13334
5696
7595
15746
8531
3761
12522
7122
14352
7612
3184
1916
13070
346
8880
232
1324
14542
15769
7172
9684
5378
2727
6487
4917
12103
12483
5889
8791
3100
7489
2117
10606
7302
3972
14111
16714
4231
15928
2777
2204
16248
761
13099
12408
1839
5167
2186
12967
15938
14699
14229
2223
15964
5862
5816
15082
12911
2764
13899
14648
5110
868
7943
6776
13981
15431
15756
14495
6885
6651
3685
1651
2860
13947
1488
4727
13538
7734
16197
2220
565
5736
7102
1182
13658
9606
14141
14510
12913
13429
15107
3538
16272
13978
4281
8045
5706
8883
182
6891
3983
10644
3652
132
699
118
5236
4777
15553
8680
5982
1300
13168
853
14255
323
5845
15103
8114
9934
7320
2162
15637
16665
7059
6146
4678
14314
306
8117
7767
16188
5740
5560
7582
6911
15514
482
2260
3935
10218
16009
8707
5707
15163
13758
7831
5331
1235
13937
14535
5099
2717
10253
6077
16444
4663
3669
14569
9613
16004
4919
2174
860
5040
15460
5679
10306
643
16241
826
2036
16235
7022
7645
6136
14024
1822
15838
2130
13616
12549
2499
8986
15235
873
3168
8262
6702
5019
5212
5515
3439
14857
2030
749
2413
1365
11398
12796
2212
15750
8314
1033
7554
6436
9537
3792
5334
1536
16871
8498
9191
14499
6427
12177
5393
2301
2038
8271
12633
13034
16523
1616
2898
4661
1804
4956
1708
16640
12414
4014
6452
8950
12785
4407
6950
12915
15467
2406
16616
2659
2076
1082
896
612
15428
9328
5961
4780
10631
5767
1413
115
1199
1515
2002
8954
14498
12487
311
15009
5717
8157
8008
4332
4679
12184
4785
12519
2693
13621
11163
5076
3383
12592
4637
5505
10388
8218
14397
159
13879
16575
16252
4747
5620
9315
14266
13827
7703
6004
5723
12595
16584
600
958
8196
1370
1209
1229
13643
15941
15028
184
2558
8329
3487
7423
394
3750
5624
14143
16909
14615
12976
15005
6612
13067
1841
4644
14088
4631
1597
8785
3186
376
7351
7667
14016
10513
9092
12771
14639
3709
16831
3156
8844
1684
12825
16597
13564
16475
9052
16869
14901
5642
3678
9363
8825
570
7382
2837
16852
6976
16526
4645
9755
4284
12651
14909
2230
16755
6308
2215
14298
7387
13974
2610
15786
14597
1454
5501
1254
9528
13507
2769
14153
9710
13965
15169
14200
12348
8635
4476
14559
4273
2100
15720
12738
9525
3301
9285
4520
6477
15712
11242
3185
4981
16751
14061
14887
9048
15981
12412
11325
3895
2081
13820
14838
14720
719
6680
15868
3426
9670
15540
6608
16371
7213
671
15937
2195
2725
16289
6359
15772
15956
8473
5377
8700
3318
13739
12704
6761
14268
7438
7436
10124
8634
12854
7343
9686
6330
1669
14250
1734
16917
9556
8454
13729
16839
6479
5179
2013
2024
2933
8154
16305
15339
5996
9460
10587
16846
13776
433
3769
3037
2376
13009
8281
8445
831
7753
12843
2497
16520
5727
1309
6598
4257
601
13801
1584
3790
1886
4435
15897
8432
7418
2621
5857
8833
4604
15403
6319
8068
286
12721
2243
1903
277
4106
15922
16401
7661
5421
3867
536
5046
15704
8736
12924
805
755
4071
5746
1748
3557
1418
8652
5140
14434
1832
2928
5777
9969
1954
15708
7684
4776
8643
4523
13368
6717
4832
46
5514
762
424
6819
7885
7482
15320
8746
4437
554
13707
70
15635
4509
2283
5684
6037
14646
7100
13555
16238
1223
3971
3240
16394
4282
2103
15790
11604
14556
6978
10076
13240
16292
14923
12601
9218
12636
2957
14287
12193
8877
243
16433
16445
7083
15059
13703
6742
10546
2609
1576
14130
8772
12867
997
5731
16274
340
6907
14486
8941
3282
6386
15389
8302
8388
8024
7480
4810
15973
368
3346
12328
6585
5803
15263
13783
5062
3391
16747
9682
1824
6024
5409
2155
4103
14814
10261
16495
141
7970
14534
3806
6472
8249
2766
5241
869
10299
14945
15213
12400
11835
15657
16407
6101
2488
2705
7692
10159
5564
8017
217
5790
10515
1757
5116
12322
8660
5348
0
13537
16883
12034
12244
14144
16261
14311
13022
2461
2677
15883
9223
7203
8374
10604
15817
2739
1928
12456
7813
4633
14952
9515
8715
5496
6734
14234
8134
6478
7072
13951
5578
2121
5439
1204
4699
4892
9874
1793
7202
7549
14245
14127
14963
15576
591
5644
13532
16961
875
14064
15711
7407
2443
14602
117
740
40
6399
533
3399
13428
295
5745
13922
1905
6484
12465
1887
5670
4869
7980
819
1574
6797
7005
5632
2396
6196
16074
4449
8152
14828
7975
8811
4944
7928
3412
6107
10228
12762
4899
8645
8621
13217
6324
2310
16439
6516
7700
14972
14943
13629
5724
13657
13268
2380
4506
1881
3899
1169
16702
14360
8344
5173
14951
5824
2992
8775
366
2738
3893
8279
6121
16368
12804
16835
16902
3666
15130
16905
9379
2617
8896
4497
1663
15447
12713
14571
5719
8799
15227
10241
6703
14614
2581
9466
3390
8468
2644
4061
4802
6389
4866
16738
16256
355
10123
4590
6031
1
2242
5444
4801
2088
9399
539
8376
14536
9447
12807
15636
7415
8163
4352
8372
14647
6968
16477
9244
3200
15385
5681
16706
1828
7230
8618
13615
15948
2486
10414
13575
532
10057
12898
15243
6806
1189
13823
180
5500
3281
7440
6659
8316
4077
7400
7971
16478
10027
5132
13508
542
9248
25
9382
12603
2527
5490
6383
15678
8394
5874
13218
4653
1376
8718
3409
5103
13566
15250
11399
11542
2918
4045
3917
6133
3572
11441
12625
7397
3961
9658
14422
6993
13418
4135
16957
8393
13588
4597
3914
7939
649
3183
6888
16499
4008
5783
8589
6304
6858
14303
13602
4759
9792
1091
1989
1520
4011
1720
8032
1773
4130
14763
12442
13320
3744
7362
6818
1028
6749
6827
4263
6662
7643
14327
13046
9265
10088
2065
14019
4149
14186
4880
5070
1749
7243
16966
909
2718
16410
9825
16698
3298
808
12556
16958
5930
15041
6938
3345
10506
625
4132
2077
14524
1008
3839
8156
2790
4867
10366
16878
16925
1811
1560
6937
3402
16298
6903
3129
660
16046
4969
16058
14208
7087
14097
16352
1561
2222
5121
4247
9863
5833
5383
8956
9481
9928
739
13468
15575
6716
10470
9581
12394
12035
12304
13861
2329
1952
15416
12553
5406
2554
15822
483
4536
9087
1331
16977
3343
15728
3997
14563
5582
16155
15534
16143
6368
1031
1934
7446
6285
7406
14238
9577
3814
4080
8504
844
13749
9235
13287
8342
14775
220
12374
8433
3059
1850
8046
13440
11927
5665
4136
2792
8850
12481
5350
10300
15652
16955
14185
6833
13202
11847
15971
12663
4848
1377
4958
16301
6301
10060
16927
7158
4889
13300
3875
2963
12518
15792
7665
12499
10634
4914
14201
15206
11352
2113
15023
8644
2700
2606
12407
7882
1360
7743
10140
15856
5863
6919
3008
1980
9415
15845
1687
1039
6946
8456
13229
16166
5530
9138
8026
3368
16583
13663
14113
13072
14361
16365
6539
1504
9674
4625
422
12474
16764
1025
11605
1659
9458
2245
2943
15105
5493
2335
13870
15595
4809
784
12421
16038
4043
3748
435
7461
15279
6722
14599
4406
15374
13939
12929
9602
9738
1990
14829
8340
7627
9882
16939
1605
6110
6820
6222
7839
17007
14673
8740
3151
15111
8306
2330
2824
7557
2694
9219
766
7725
9165
501
320
4324
4907
12338
7916
1699
12828
16131
13822
4756
3265
15811
14604
16810
8452
15945
5144
2572
3578
13817
13902
6614
4716
13161
15002
7888
7473
7017
15205
12707
14198
1780
5001
13128
5848
10168
16378
2926
1011
1396
6876
7899
12528
13715
8387
14976
10552
12653
13743
9166
3873
6261
11874
4039
11339
10284
14043
4237
6726
7962
8704
13115
5066
4784
6411
1472
1020
14967
10047
6276
15667
14850
2429
7638
13224
468
128
7039
12728
5301
16790
333
5063
10310
4466
4975
13505
14611
8665
1645
11247
6088
3438
12461
12472
4697
14177
2935
14724
9470
5667
5449
7327
16568
6020
3130
8269
8695
3835
7951
13968
5974
4181
8350
16258
14790
4262
15743
420
16669
1925
2670
2903
16296
113
15479
5093
10207
7984
7558
15220
3234
932
1826
6120
15564
8067
4671
4613
8483
13597
14786
1320
12346
16543
13638
8265
9690
2275
9983
14675
3760
15651
11417
2439
15600
1145
3099
6504
2664
8022
12820
13589
13059
8098
1535
691
3582
1136
11500
5053
13787
5003
4488
8927
13409
13275
1945
11217
2838
16578
604
10138
7231
15933
5569
16006
3103
900
3615
14334
13032
1490
1783
4319
12253
3964
179
7730
15432
10162
7138
6573
4029
3415
1613
8657
12685
4648
5546
3173
14178
16579
2607
14938
5966
15919
4881
7499
16503
1682
16946
1569
15778
13875
7597
7606
14302
14992
3676
5315
16353
2297
16174
1108
8580
8576
13469
147
4422
10028
2614
9014
3616
7863
10058
4732
5831
13501
16726
1702
2816
1441
9502
15328
8373
14006
8
1634
3982
7244
1671
13863
10259
16897
3351
6352
5014
9764
15926
13612
7428
13762
4573
14181
8021
3823
6244
6531
11516
4078
4242
14767
3670
15602
15196
8417
12409
9570
5189
11848
12283
14877
14545
2528
12639
13580
9512
9345
5064
1864
1572
6971
9685
10001
1845
15662
14469
6715
15119
3754
14014
5990
16577
8797
2804
2004
258
8309
16101
13625
10603
7763
16782
712
5700
10479
15860
1040
15999
8219
4052
13695
2901
9266
12451
395
4271
15139
13036
13778
12779
3500
4453
3459
2339
3337
163
13455
5384
8568
6336
13578
256
13173
15359
1239
916
13437
4398
4446
7735
7765
7820
3300
2423
17001
872
4610
10016
1808
6851
4901
14468
15624
7403
2062
14635
2636
9482
4376
4702
8171
15131
2645
4636
16283
5888
364
13083
15765
9725
13795
1617
4664
12586
3974
8339
3229
427
14607
6426
3900
4997
650
57
6745
1526
13654
1823
15524
8033
7625
2047
1403
12236
16998
16645
14789
13011
16618
8840
3379
14235
4320
5419
15228
15179
14247
13305
1626
7282
3502
16205
2641
1593
16228
15670
13159
5812
11491
14191
16704
6621
16974
840
1284
3593
13244
2583
5810
9151
6910
1697
6072
2175
8013
3428
8123
9169
2393
6058
8871
9281
3048
3628
1661
15813
750
3699
13391
3096
12811
6999
1647
13139
1137
12221
13448
2913
3002
6073
7993
8713
1962
6587
2596
12265
1998
15577
1241
2714
9111
3403
5324
10330
1860
9116
6295
12802
13583
7779
11233
14395
14687
11720
13964
12596
4278
7946
8193
14425
15878
12928
9635
4418
10170
1147
5466
7739
12673
9170
3327
16662
16531
3485
13759
9711
524
859
12355
4016
7411
2059
12216
341
6760
3331
5320
11337
947
5098
6643
1799
9153
10224
12281
13033
957
15410
12261
12039
2956
7798
5948
2136
7285
13055
14291
9070
6271
16202
6469
13051
14472
10215
3528
15572
356
9180
8371
7963
5186
4782
3000
12980
8143
1358
4627
10591
496
5625
15146
16438
4232
13120
1431
2954
10553
6034
15475
494
11822
6372
8460
6803
14999
11253
10024
5875
8438
15910
6811
1115
4717
1688
6284
16553
5252
16805
1482
2698
12209
8025
10216
14744
3319
2037
1303
4240
16207
5597
9408
4261
3115
6908
567
12546
3215
6834
12908
1714
562
8110
3255
2017
2812
13247
12662
14399
14385
2141
5215
6983
15233
16083
10268
15010
5403
15972
7013
3137
5049
14854
10471
15098
6173
12834
338
15924
1318
13113
5388
15388
16975
15835
874
13141
7157
15771
16788
3575
7653
16492
14035
3114
2274
16164
13058
10353
7430
2079
16903
4160
5648
8705
8709
16218
744
7578
8319
5152
13016
6354
8505
16493
5539
5344
1600
7008
928
10281
9672
6954
16462
16214
8495
8475
8069
7861
13676
3733
3610
16391
10582
13514
8289
5529
1629
7652
15828
2303
12965
12920
13308
4999
8441
405
8735
7179
15318
2381
715
16140
2608
14381
4680
2395
13684
148
6707
12148
2286
3041
6033
13140
16067
8982
8603
8958
9051
15485
2584
8449
16291
4048
4859
10383
8608
15154
7829
6906
4105
5414
2092
6804
9514
12578
6093
7375
6453
14436
13213
2592
2005
1302
9752
15677
4872
27
15939
110
16010
6247
6835
4050
12525
4704
5484
505
7444
9375
1717
8602
979
10195
2833
7806
425
291
4203
15787
11886
7365
14326
8688
2007
13494
15173
2864
2460
139
13399
4582
10169
14734
5835
13296
3088
16040
3735
1581
13763
12667
5691
5507
2529
555
3326
8630
15861
12385
354
9768
12745
5271
10621
15741
16707
7701
7550
16431
3411
15925
14612
4405
12844
11844
2519
768
13324
6102
10565
7702
6663
3510
13488
2031
3791
3375
1559
3174
16483
1849
14668
14118
2425
15506
2318
14517
6878
13994
5342
8649
2091
6210
560
14325
4409
16489
16341
12436
15648
3587
1788
3120
1732
14573
11173
15641
9489
15204
6684
7741
2348
2752
16262
15807
12646
3803
7490
14751
13373
11512
2441
4687
3743
12303
13648
12392
3773
6498
7642
9473
2967
1282
4934
6017
6217
2708
14741
16699
6691
1041
8934
64
7514
5012
6280
10311
16260
8288
2951
12222
4379
2478
6343
8005
16844
15780
6558
16515
12752
9993
15885
1458
5774
15858
8161
16100
12361
14037
7846
4002
3588
3854
1543
9654
15683
1695
9057
4007
2160
7650
8692
6511
12326
14670
13634
8208
790
5686
7847
16442
812
10447
3655
1994
7164
3430
637
9974
14617
16161
14044
12984
15543
1507
10411
14978
1390
12382
9982
15256
1159
14497
9144
15733
1274
14190
14391
3316
16367
15077
12872
14550
7001
13194
3540
11376
15142
9578
15522
10194
12648
15889
5909
2869
652
13528
7800
6756
13665
12180
8111
5516
10530
6561
14893
2102
12506
2501
8600
7786
14865
9119
15523
3482
13534
10314
6857
7780
11288
9229
12282
15684
3295
6537
8759
5601
14312
13103
2315
1522
6423
6671
10226
12548
849
1081
15539
16851
14345
12443
412
2757
776
648
10232
6589
16198
12631
9866
4069
16388
5523
3821
14881
5278
3945
7992
3335
1502
8421
7488
5585
11941
6172
15626
52
9831
6675
16240
4334
8801
11197
9884
7221
9819
815
6689
16091
3874
7664
12829
8968
12764
1908
11207
14184
8526
16590
725
2355
17009
7764
10504
9611
1981
16564
9395
6011
8367
7272
1285
2989
8034
8834
12422
13158
7622
8523
4118
457
8401
12449
2660
14576
16472
15932
7682
14020
12643
13802
16093
10408
16951
867
7876
7340
14911
7318
17020
7245
3695
5035
8389
15528
2906
7197
7451
8333
137
1655
10068
8869
7491
16491
10466
11581
1553
1642
7930
4574
6236
13945
13916
4217
10600
15508
4551
14756
1960
8659
4316
2980
7853
14040
1101
4184
6434
14554
16086
15830
16449
4607
12598
1795
682
53
7731
1227
3902
1870
5270
7178
13020
16557
10617
4392
2605
16312
5721
13714
14733
5114
10643
3196
7471
6169
6923
5113
2225
593
15816
8822
14150
8399
13166
13483
1541
15646
5015
5274
14555
7487
4469
6624
8693
9551
16033
13936
6551
1957
7056
9985
234
6123
2652
2253
7522
452
14003
12817
14516
15038
16055
65
7901
13926
6528
5559
14876
15923
7399
4383
2049
11819
789
6490
9855
8188
16245
8612
10096
7148
1873
16402
6059
4966
7788
13423
6524
13457
14867
5612
6345
7747
1787
15605
6779
13396
9498
14176
507
1428
10155
12544
3057
6232
8996
1618
5859
6342
6406
9156
10208
1733
15827
13881
15839
5577
8975
855
5528
270
15991
4350
20
5170
10187
4285
5428
962
3422
2127
2701
45
9316
9216
9114
14005
15504
8120
879
2122
6633
3886
4307
12399
16115
458
2312
6040
16254
2096
6890
1100
6170
13369
1725
4461
12278
1479
404
123
10000
4092
10436
14977
3668
12541
3586
13126
15675
8381
1892
4855
12905
15022
3527
5459
6874
16468
16146
10106
4165
7114
8351
15332
4090
16375
16023
15857
503
12665
1554
9317
2345
846
1865
782
16084
12893
9108
4988
8951
360
15814
9028
7161
4147
16818
9054
13180
15598
13219
6097
5158
5245
13515
12845
6898
13414
2211
7478
8943
1750
4156
9558
12185
3066
839
6419
5936
7745
8539
14856
9864
16285
4686
5596
1133
2650
4964
14213
845
5218
12468
7140
4712
16801
161
2382
13733
2630
7388
7977
3636
5458
15547
12554
16461
8444
13716
2699
5797
5153
4555
7982
1453
4642
8805
16071
11346
4888
2779
5408
708
1620
16471
2950
16877
16556
9410
14369
597
15324
8301
1335
7116
1625
5371
6015
13274
12740
2156
5472
16524
8390
6755
12847
14906
1166
7074
6518
5958
8142
4128
15217
14085
17023
8191
3731
12786
15237
16968
9975
1408
1963
7632
2098
6253
7759
3493
14330
15031
8189
9911
13803
1200
12526
7147
4950
14704
3235
15368
4601
8763
4806
592
124
6268
8585
1946
16655
4963
9339
15927
6814
14947
13264
9113
2203
171
4246
7194
5094
15161
16348
2680
9538
16286
6470
8414
13830
5010
5262
4845
3224
6815
1802
12851
16628
430
4457
2768
2152
9763
15977
7624
8932
12277
8754
4491
5635
8853
4835
8758
4949
12776
187
13160
4015
3266
16319
4277
3045
3706
16138
7955
10220
5808
240
5722
14812
7959
13878
10400
16325
4326
3483
12095
16105
14348
6693
3492
3499
16914
9377
8827
9601
12104
6706
9869
3017
12416
5223
13908
14448
7117
10610
3573
5785
579
13337
14705
276
10334
3600
3339
5292
10250
918
15663
8952
5916
5581
4251
4408
8525
3943
12725
10053
8057
6081
13116
6764
4532
149
14329
4592
4073
15150
