3499
632
3583
3257
3152
2094
596
1654
3742
1655
4398
2544
2024
4009
1551
1172
4453
1182
1649
2367
3418
1399
1829
3827
4124
4007
948
795
3653
3177
1177
2676
1776
4037
3447
3043
1072
2675
1013
2594
2260
1445
2788
2577
1812
4270
3777
2693
1147
1240
1574
2095
851
3995
3318
2497
3682
3200
731
1995
3944
4309
4368
1757
2192
4183
2775
2041
792
4215
3024
2927
2848
2452
1567
3324
1490
3483
1260
1874
882
1498
2311
1460
1847
3679
865
3319
3589
3454
3074
2709
3238
4208
2992
3000
1304
1733
2854
1468
1853
3282
2546
963
2784
3463
3857
4179
2136
2089
3625
3409
2633
4002
1522
3029
991
1935
2745
2559
692
4497
1189
1415
1828
3670
2955
748
2455
863
4376
1955
2142
3902
3368
2056
3863
610
4399
2486
2964
3542
3466
3479
4150
4366
1105
642
4289
1515
2166
3083
2415
3338
4294
3085
4465
2753
1898
3301
595
1663
4434
2374
1722
729
643
2953
921
3122
3208
1694
2737
2031
4447
2704
3265
2325
2596
1604
3376
2294
836
935
2562
4165
4389
2895
3429
1306
2587
2443
1579
2705
4404
1969
4305
2882
2713
2615
4319
3166
3720
3513
4137
1538
426
607
3343
2322
1863
3535
4035
3034
508
1817
2258
2907
2420
3638
3968
1068
3622
4033
3414
1083
2044
3472
3964
1069
4209
2369
1656
684
2501
1471
2132
3707
3546
2175
2410
1684
3441
4062
1238
1495
1214
3393
2801
791
3169
1910
1724
1813
4378
3478
570
4375
2657
1917
1406
2694
2291
1890
3101
3744
3256
1967
1404
2511
3335
671
1191
1674
2878
2126
2982
3812
4509
3661
2974
4276
1716
3304
4230
1434
1796
4469
1783
2297
4489
3278
1641
3392
3565
453
3203
3959
468
3523
817
3401
4311
2193
2733
2545
939
2752
1527
3273
2642
3082
2614
3057
3131
1744
1760
3808
680
2768
4142
3352
1517
489
3856
761
4135
2869
505
3505
2407
1492
2718
2564
2741
3270
3016
2514
3780
1457
3820
2019
1160
3607
989
2439
1833
3732
1511
2399
3633
1780
2127
1792
2506
2617
3378
2945
2107
2527
1696
2173
3830
773
3822
1295
2630
1428
3100
709
3172
4138
2468
3986
2438
4081
3274
785
3420
2102
2495
763
3289
1125
4058
1990
1577
4371
3469
514
1981
4346
2575
2368
690
2408
2555
3039
4457
2695
4065
2021
1405
1537
1316
3604
483
2018
2122
2101
977
2611
4364
574
560
441
4345
3145
2302
1058
972
1307
2091
4483
1314
2922
3946
2590
1961
2669
1216
1926
1365
1795
2936
2948
3107
1433
1528
2149
715
1038
3225
1806
1010
3753
561
4390
657
3740
1685
2908
2963
3849
2467
3136
1331
3086
1109
510
1320
1005
4299
1150
1510
3063
1362
491
900
639
4271
4005
762
3963
2985
1274
1062
3298
3610
4016
3718
3547
685
3551
1187
4218
477
2997
3906
3134
4154
2496
3617
3847
1607
3275
1141
1231
2754
4161
3183
3405
4451
3355
1662
3757
4257
3223
3084
3456
617
2321
3331
2807
2100
4004
3365
4091
1879
1880
4093
1834
3174
1576
1179
2821
4240
959
631
2911
3425
4104
2683
3259
1375
1330
3492
2929
1116
4502
3690
1751
3795
3887
951
4338
3144
787
2333
640
2225
4467
3667
1439
1336
2348
3530
898
893
3276
1054
2377
2210
2730
4151
853
3724
3855
3692
3436
3192
1882
1003
1770
1388
3222
3785
2494
559
2809
3121
2283
2589
2763
2654
909
3497
523
4163
1044
3854
3957
908
2731
4450
2004
2353
1115
3587
1918
2157
4480
1695
3061
4482
4280
2238
922
1919
1624
1157
3984
1175
2989
4038
1830
1088
3138
1156
3956
3262
965
2489
1071
1435
722
2153
3474
3806
835
1441
2158
3745
434
539
2336
4031
728
3640
1363
3247
1790
3704
2526
4132
1087
2638
928
4042
1084
4162
525
1856
3992
3064
4006
3532
2223
1530
1501
1443
3771
1602
562
591
3155
2685
3916
3685
2251
2777
4448
4393
2342
2516
920
2859
455
1374
3977
1660
3227
2875
3231
860
1097
4222
1892
2106
2409
3896
3137
4178
1600
2316
1178
4485
2613
4412
1692
2298
819
4140
4429
3044
1949
2233
4275
4155
1338
1111
3509
2396
1465
2796
1725
4290
4295
3213
2528
3250
4256
3048
516
3512
2548
1294
4001
3191
1816
873
2005
3279
689
3730
2781
3665
2913
2305
781
2650
1292
3648
3525
2600
2289
871
1984
621
2441
2384
1378
902
752
2050
2751
4141
2883
2047
695
4184
2236
3444
2370
4113
3255
3117
2112
4094
3758
1235
2666
3475
3637
2917
3253
917
3249
1395
4190
3620
2828
923
437
3908
500
1590
4264
3300
3996
2540
3955
4048
3036
4232
2335
2533
1407
2935
1145
687
1092
1729
1721
1337
1036
3885
4071
3747
769
4443
771
1613
2249
4101
1483
4340
3015
4134
3612
3350
1437
2679
4277
4160
1977
3866
3713
3971
3065
4014
826
3972
1934
3415
3132
494
3288
627
700
3102
2349
3560
2783
2881
529
2664
3566
1393
2120
1220
4481
1927
1183
451
4176
3305
2643
3220
4252
1550
2904
429
3606
3233
533
2556
1841
2841
757
2082
4274
1585
1318
2110
3531
4254
1939
1373
712
1381
2830
3788
1791
2148
3426
1575
2090
2261
1540
2645
3997
3994
564
3805
2663
4034
3688
4358
2574
1300
701
2487
2519
466
3619
3339
1459
3943
1768
1707
1899
4011
478
2454
4282
517
3838
1326
2628
425
4193
789
2667
3153
4089
2845
678
1101
4327
4247
1142
1596
1482
2413
1197
4510
3678
1827
630
2077
3079
2103
1714
4296
2967
2397
3167
3232
3784
3092
4377
1151
3482
3076
2424
1413
4200
1349
2457
2083
1002
1340
1489
3354
2919
3987
1699
2563
2425
964
1666
3989
1630
4147
734
538
3379
1397
1291
1908
2446
1174
1234
2825
2274
2063
2522
3938
889
2128
1950
1233
4268
2065
1562
2139
1634
1412
4171
1226
3127
3821
1263
4092
4460
1589
4374
880
2055
4333
2567
1425
3962
1872
2960
3207
1717
850
3260
506
4050
753
2008
879
2706
1037
4167
2204
1494
1893
2880
2836
1281
3752
1964
3581
2787
2314
3739
2724
571
1185
3315
4307
2266
4127
1731
3684
652
3883
4056
629
3091
616
3573
2585
3328
3162
662
1020
2470
569
3850
1956
3911
648
3293
4261
4326
4082
2451
2183
3579
1129
2189
4008
2382
2523
2071
966
3055
1862
4408
1368
3030
1244
1954
4383
4424
4355
3108
2240
2257
1979
3985
1753
509
1001
674
4428
1031
3110
2623
4414
1640
641
4100
904
3423
2051
2839
476
812
3743
3877
3193
3457
2946
3446
918
1661
1658
3708
837
933
1028
1130
3694
3882
2937
4059
1168
4255
4248
867
2014
465
4054
2861
1094
2619
4473
824
878
1942
2320
3041
2435
4032
3515
1823
1705
4477
2862
4332
3465
3533
4070
3322
2214
2747
1909
1343
3402
1499
2098
1006
1110
3773
1250
927
1379
784
1377
4075
3452
2931
1822
4442
2205
1070
4159
2755
3496
3599
980
1832
1366
4351
3490
1478
1285
635
2352
4109
1801
4388
3261
3005
3212
2900
2492
2456
488
2084
1128
4114
2115
2256
1273
1458
2586
808
3170
3628
3252
999
4148
4219
2742
3853
797
4107
2785
3867
2383
3936
1032
507
3362
3727
2871
1994
3187
693
2481
3149
776
887
2485
2550
1371
840
3397
1210
774
2390
1951
440
4220
2977
3206
4353
2040
1543
3609
2872
2988
1029
3269
903
3400
2023
3292
2972
1799
3558
1618
2993
3851
1046
4000
4380
732
1284
2947
1518
1798
3050
1290
2414
1411
782
1821
4027
2066
1778
813
1557
1836
3308
3069
1531
4306
1985
1923
4015
1440
3511
2042
1539
1462
1683
2030
1248
3431
760
1535
3924
4441
2015
716
4237
4394
1122
1524
2270
1049
1925
3224
4291
2465
663
3051
1912
2168
2417
1758
524
2272
4172
3914
1788
3774
3111
2736
1889
3440
551
2815
2404
3345
1369
3913
4139
703
2627
2499
2460
2346
2513
3314
1772
2782
2279
1073
1865
3868
1762
758
1999
4329
2045
1429
1358
681
4055
4169
3878
913
754
471
3644
4191
4304
2928
3190
2715
1480
3584
2144
3897
2463
1229
1636
3671
2437
2358
4203
1998
3734
2688
1219
4506
2899
859
1253
3761
2220
1040
3071
3578
1747
778
2393
3106
2543
846
3419
2804
810
3676
3097
714
3951
1677
970
780
4030
4201
2152
2616
3597
588
1932
883
457
518
454
3623
843
842
2262
4258
1972
2629
2692
1410
3510
4072
807
1989
3577
1962
1764
2255
3993
3966
1143
1857
1901
4413
4080
1241
502
1317
1561
4103
1265
2918
1741
428
2221
3481
1914
822
4242
4018
899
4044
4226
3928
1639
2620
764
1039
1481
4494
3334
1186
431
919
1690
1787
1383
1053
3062
439
2155
3728
1858
1957
4214
4360
936
592
4337
4466
3570
1096
4021
1078
3698
3521
1631
2820
3816
2529
544
1278
460
793
3635
1900
1569
2958
3021
3489
4286
2116
2712
2447
809
718
4499
815
4362
3356
2331
1354
3859
765
3493
1727
1549
2610
3337
1850
691
1643
3487
1913
4331
4116
2670
4462
1851
4074
3093
3904
1629
1091
4262
698
2507
926
3234
2772
3427
777
3476
1408
1948
1487
2186
2232
3815
3767
1135
2561
1164
3848
1709
1227
2263
4078
4083
1844
1867
4149
3480
1848
3053
3502
2389
2637
2756
463
1755
2665
1609
1249
2304
2196
884
2877
664
2165
3691
2067
1526
1651
1987
3886
2418
1288
3991
1767
4213
2339
1637
4099
2177
3769
4241
1350
1064
2391
654
4336
1258
4396
2771
1011
2525
1809
1170
3586
2568
2646
1902
1869
799
4181
1765
1587
3647
1286
581
1059
2001
3934
3383
4312
546
2758
3453
2793
1146
1107
2902
3800
3925
4102
3881
1675
2209
625
593
3181
861
3022
1423
3588
3430
3979
3899
3949
1327
2096
4373
4322
3437
2338
1047
2361
2097
2006
2016
1153
2403
482
3550
3926
2422
3046
957
4325
3399
770
4088
2475
2888
563
1553
2538
2216
1099
2433
3672
582
768
945
1628
3088
419
3353
3756
931
3054
2518
2190
743
2375
3702
2573
3873
2661
670
3721
870
1496
660
3527
531
600
3880
3898
3650
3834
1971
542
3028
3710
4020
1212
4402
456
3464
4036
1149
536
448
2355
3632
2618
4152
724
3421
4409
3954
3508
4298
2423
4019
1697
823
2176
4202
2539
3017
2798
495
2608
2276
534
1117
3737
1594
3040
4090
1043
2448
2146
1503
1811
2819
1275
1276
3157
4459
1633
3921
576
3717
3202
2727
1719
2850
2971
2924
2981
2271
3243
1752
4330
1016
1488
2482
4238
896
3199
3524
3695
1608
3666
4210
2572
2720
4115
4057
1154
3387
1215
3770
2699
1838
3701
3280
3342
1237
1080
2632
3105
2379
2099
4069
450
3471
4379
3125
3056
3705
1930
844
3697
741
658
1940
1022
3522
2579
2137
4087
638
1520
1000
1831
2226
1066
3090
3033
3185
2838
3781
3973
2419
3723
3412
3359
2978
3519
452
973
3317
3008
3541
1748
3470
3148
3217
2635
1754
3903
4206
818
1355
1784
2684
2211
2125
3296
1077
3142
1988
3514
1718
4041
481
3186
738
1199
1672
3534
3012
2521
2659
1195
3569
4381
4267
2248
1438
634
549
2547
2269
1500
1255
756
3552
1421
2161
2892
3796
3835
3759
2648
4192
2201
3594
4029
4136
2524
2364
2243
1804
3143
3161
3556
2864
585
2792
2711
1572
1112
1325
3346
1986
2504
967
2398
3047
847
3664
2162
1121
2831
4440
1568
1296
4350
906
3347
4324
1739
2773
3361
3998
1876
2803
1310
1887
2306
603
993
1647
480
633
4471
3373
2469
1605
3467
1131
3736
4500
3178
2362
3940
1736
2537
3783
1544
937
2739
3306
829
3020
1646
3762
3165
605
1372
4108
3751
1750
4269
2315
4437
1245
3303
4199
4484
4456
676
2570
1409
1225
3572
2957
932
464
2835
4425
606
3035
2259
614
4303
3341
3450
4354
3890
954
750
1632
3755
2020
1958
2719
3626
1015
2194
1426
2028
4435
1108
566
2887
2857
2535
3070
1442
3787
1479
1430
1861
4266
3052
1017
2281
3858
2905
2863
2235
1303
1552
4216
2604
986
3006
2812
3458
2013
1360
2354
4430
626
2729
1359
828
1558
2244
3937
996
2230
697
2483
1720
2054
1196
4284
2949
2698
2174
1728
3790
3844
1968
1484
4112
796
2707
1394
2934
1464
2837
3539
4243
3159
3922
2012
2252
4445
3235
3325
4461
944
2479
2536
2621
4010
650
4397
3799
3711
4084
2681
4339
3593
3140
3113
1419
4063
1680
1167
2058
1497
3002
950
788
4234
3663
739
1740
2689
2983
3923
868
934
2471
805
1203
4343
3210
2303
1611
3930
4496
3892
1711
2893
669
4066
1815
572
2942
1868
4111
2962
1635
3554
3613
4096
2914
1098
3889
2241
2817
759
3909
1446
1966
4359
573
821
1401
2332
3764
1211
2231
2319
1454
4068
3575
3313
2347
3357
1794
3129
2760
2191
1814
530
2061
4458
849
4421
2896
2649
4225
1315
1025
2048
4318
1139
3309
1563
4475
4221
891
3115
719
3180
2531
2180
2164
2296
1730
1277
1008
708
1745
609
3549
876
1279
2851
550
3254
3852
2163
1188
1598
1261
3072
862
1026
597
4352
2876
711
998
2286
557
1138
2326
1424
3879
2043
3562
2337
3669
990
2980
866
3195
3438
3297
1461
740
1615
1849
1664
3360
4175
1617
2810
4426
637
2473
1648
3918
974
1311
4251
3154
3657
2138
3981
3066
3809
1009
2188
3284
1625
4128
2999
1514
2038
2476
3782
1676
885
3146
3019
2477
1061
3982
2592
2461
3218
1963
3037
1771
2840
4173
2003
4012
1548
2680
4391
594
2976
705
2508
2010
2640
1254
1148
1566
3939
3797
3004
1502
3791
3377
1045
1332
2765
2714
1584
4420
3485
1082
2156
4227
2133
995
2208
2923
3611
2474
1050
2033
1965
3750
1242
3119
1089
3641
2701
1682
2938
2607
486
3018
620
1034
779
1158
1400
1978
2811
1693
3696
3151
3240
3348
3864
3307
1123
1701
3765
3461
1746
2227
1104
2823
2626
2059
2950
2373
4344
2480
1486
1993
745
3712
2181
567
1509
1542
1546
3184
806
3398
1208
4357
2597
2822
4130
2641
3087
3251
2011
4279
2655
1888
1738
1467
3574
1678
801
449
3545
1282
2780
1916
2827
472
2509
540
2057
1448
3351
3380
2652
1259
2172
2814
3621
3811
590
1523
3872
2757
3601
2017
3832
3228
2738
3133
1114
1444
2267
2795
2147
3267
3912
3659
3504
2631
3517
2114
2212
2412
2702
2625
1247
2889
2218
608
2037
2124
2440
2844
2925
4189
1455
2277
4119
659
1582
3244
1846
1452
947
4292
3555
2750
3407
2605
3221
4363
4300
4158
3660
628
2682
1638
1389
2534
2700
2458
1422
2394
2816
1571
1305
4117
1451
1673
2725
2898
4121
4486
1418
1207
1323
2200
1348
1184
968
1642
1819
4385
1124
2778
1606
3104
2184
3272
2944
3428
2609
3130
3182
3003
2818
3568
4061
798
3932
3388
2198
4487
3263
1392
2025
2678
1620
2728
1431
2761
4053
1907
953
2265
2549
1839
3445
3386
3528
2351
4003
1534
4039
4122
2959
430
1601
4250
1547
2462
3978
872
3888
1267
3905
2217
1786
802
1308
2584
827
2224
4263
1938
3813
2966
1137
3706
982
2651
2282
1803
3735
3411
1272
4180
1361
2933
4197
1309
3205
4283
2662
4236
4188
3608
3242
733
3081
710
2171
3941
2502
2691
978
1119
1586
4342
521
1299
2264
1513
3189
1922
4143
2916
1113
4223
1200
3729
1700
2401
1356
2721
2867
2359
4028
4347
3603
578
3846
3980
3198
1205
3839
1472
2849
2402
1878
1983
3919
1473
4308
3094
2129
832
1239
604
3283
1835
688
1610
2500
856
1333
4026
1403
2940
490
3709
1756
3976
2000
2430
2591
3576
1937
2915
3277
3123
874
2846
3544
1024
2767
2569
3763
1554
2891
2388
1416
3171
3561
4418
1161
3772
3201
3239
651
1808
1612
2901
3845
3945
3516
721
1881
1268
2979
2068
2885
4233
3675
2697
2442
1298
1818
3336
4025
3953
1621
2237
4493
1252
1894
2493
800
3246
3204
3449
845
3173
2436
2789
2554
1230
1931
2910
3327
3333
2328
4224
4164
1398
4504
2595
1162
3634
1945
3384
1970
2378
2280
4472
4474
2560
1837
2088
3714
3891
2636
3907
3600
735
2764
2986
1974
2602
2834
1057
2774
3503
1588
3681
3114
1004
1911
1583
881
976
1896
3285
3651
4273
2912
3893
2954
2995
3007
4125
3291
3416
2247
2532
4406
1120
4317
1432
890
4321
435
2145
3629
2381
4367
2588
4422
1992
1657
3099
786
2317
2565
699
1669
3271
4498
2956
820
3823
706
2371
2356
3023
1580
2141
2612
2769
895
3248
470
2990
3686
2488
679
707
1708
2601
584
1782
1840
1376
1357
3435
2219
713
914
586
2052
3197
1703
1322
682
2866
602
1293
1667
1915
3349
3874
3933
4503
1622
3381
816
3032
3068
672
612
4045
2154
4105
1134
1198
4387
3792
1469
535
3910
4017
1329
2478
2434
3518
930
1334
1933
1766
2832
2076
2363
2673
4334
4401
1884
4348
3439
2894
3500
2307
2802
4129
1761
1652
4302
704
1346
4013
3369
727
3840
3330
3580
1723
3196
4047
767
3990
2786
513
864
838
4231
1679
474
1944
3150
3590
2073
1506
2735
1027
3829
4492
3211
3096
1875
3643
2903
2206
2092
4403
2035
3226
3264
747
3375
2634
1533
3371
2722
1067
3294
3564
1665
4265
665
3559
2806
1507
3433
3754
4196
1650
4198
1321
1075
677
2580
3442
2576
3631
656
916
3719
1074
2656
2515
3406
3473
1943
3118
636
3627
3344
2202
1018
4211
4185
3095
1855
1810
2710
1118
4040
2873
3268
2790
1166
3011
3302
485
3655
467
3870
3798
2323
2290
4085
2581
3536
3389
3060
3080
3960
2273
3658
2906
2072
2498
1597
4369
4157
499
4419
2334
2167
4043
2583
2376
4287
1689
2708
2551
3089
3841
751
3837
2732
1529
1891
4405
2245
3001
1224
3009
2668
4156
2994
911
4205
3703
803
4464
2109
1165
1386
1063
2345
3219
2776
2593
3413
3236
2491
2022
2686
675
1302
1591
3385
1181
1076
938
2178
814
3999
2185
1763
3741
4313
4259
4229
971
2160
4508
3501
1921
3077
2327
1313
3571
3680
3394
852
3543
2046
3194
4431
2770
4097
2853
720
1280
3038
1090
1202
2951
1132
1262
2360
2571
4195
2961
4361
420
4301
1477
825
1190
3395
1163
2070
655
3654
3025
1565
683
4023
3804
1344
1023
4077
4228
1012
772
1864
1870
1516
2239
2897
2687
611
3484
2242
4438
1328
3895
4365
694
3417
4488
2658
1614
1287
1246
2151
2007
3078
3059
2969
955
1353
730
3917
1941
613
737
3540
1180
2215
565
2762
1041
475
2246
2842
1593
1668
1653
4411
2392
2026
1603
3722
3738
702
2287
1623
2111
1339
2049
3591
1324
2464
3295
3477
2121
4320
1525
1903
3582
1417
3927
858
1860
3801
1581
1213
4349
1820
4049
3831
4293
4217
2426
2808
2870
3468
3828
1573
3807
1781
1352
3139
3168
4235
2671
1946
3585
1103
3175
4400
1873
4118
2134
3147
2653
2207
3700
2541
1264
2118
2505
3900
3748
3715
1920
583
4098
1659
2310
2624
3810
3975
2032
1802
522
1800
3491
1060
2484
1885
1555
1391
1505
723
915
4490
1380
2130
2213
2380
4323
3299
1485
4446
2860
1824
744
2998
2490
1266
3602
3031
2644
3563
2416
3961
3158
2703
4253
1545
2341
3803
2858
2530
696
1769
1140
848
4444
3058
892
1715
1385
1793
3135
3366
1081
1491
2879
2340
1959
2553
4168
3460
4495
3374
3455
4123
645
2034
3950
2234
940
4316
3952
2952
2308
1805
4153
4439
2805
3209
3673
875
598
4392
3128
2093
3124
3639
3027
2343
3842
1033
2060
2395
619
1456
555
2313
580
2459
1997
1852
3875
2432
3674
3045
1476
3258
3109
3382
4507
2472
746
766
3567
1133
3486
1106
1904
1035
2309
981
1973
1085
2696
3495
4407
4204
2080
2104
1449
2295
3286
2449
1402
4372
3281
1859
1342
2293
1825
2800
2973
1519
1192
4187
647
3073
1508
804
3894
969
3448
469
3067
2884
1737
446
4212
3408
3120
668
2428
3103
1980
3116
3824
3459
3488
3869
1924
1319
1079
3616
2372
1221
2921
1236
2450
1774
479
1222
3266
1779
2187
3662
3731
3793
537
3969
725
2203
4470
4060
666
1687
3367
2222
2660
997
3884
644
2357
1206
894
1086
3098
1845
2599
3901
1512
2622
912
2113
543
1270
905
1136
3789
2064
1019
2926
3358
1387
2299
1691
962
1297
2991
1283
2865
830
427
1475
3316
1144
1396
2285
833
3410
618
3311
1052
1493
3818
4491
4166
2429
1536
3931
473
2036
3396
622
2826
2350
3014
2690
1947
2970
1345
3814
3310
3364
3618
4328
877
1854
1749
3958
3179
436
2542
4110
4478
988
3332
2275
4370
2053
742
3320
4479
2117
1414
3693
1390
2143
673
783
4417
3861
2510
4285
2744
3404
1785
3391
3935
3229
2250
2288
975
3215
958
528
1218
775
1351
2578
2647
3645
2170
3160
1726
3802
3677
2197
1773
4144
661
3624
2105
3843
2717
2723
855
3163
2400
2740
1126
1871
2324
4436
501
4095
1541
2062
2791
2582
1171
4415
1866
3833
2119
1030
4120
2406
1996
3494
3778
1420
2318
3965
4182
