1324
1634
4362
3177
4456
206
24
1544
4142
4397
2332
1480
4282
2411
1325
1915
692
1322
4488
585
583
1847
1449
3536
3962
700
2095
212
1473
3491
3664
3386
1488
2188
246
1192
1426
2773
402
517
3981
675
2901
2689
786
911
1508
4299
177
4433
3682
1165
15
2331
1619
4344
1273
1700
2037
3993
809
2623
832
2140
3201
2072
840
862
4229
2352
4122
1518
1235
3401
626
2001
2252
2142
2403
3826
798
1262
4148
3364
3810
2370
1366
3214
90
1610
2540
1288
1213
2391
573
4434
799
4133
4402
1547
3270
3671
3518
3367
2492
1197
2064
2119
129
628
4199
1598
2388
1723
3178
4317
2245
1328
2143
1748
1775
991
1386
2302
4300
1479
1492
1493
4055
307
1821
1424
1674
351
2590
3290
2719
1241
3730
54
3902
4005
821
1611
1945
4351
1329
3709
2594
2687
2665
1680
815
3185
2453
2310
3487
3410
3116
194
1859
4432
2002
4316
1746
1077
3568
2598
334
651
1501
1749
4014
1579
414
1009
3313
3771
2316
3209
4255
3439
2268
2454
451
3572
256
3084
3699
1702
1484
2255
1239
266
3467
4127
2098
3656
1541
803
920
87
3485
3492
1477
2939
4028
2184
4459
2612
3947
203
2767
849
3320
3835
2839
1204
2374
377
3663
441
1737
3908
3936
2126
4089
4088
1644
801
466
1837
2165
4371
4501
2566
1542
243
4179
4498
1458
1959
1713
3674
4366
470
2424
4417
2179
3785
1217
1282
361
1647
1874
1250
2484
3811
106
3517
1639
2519
4419
2889
681
3755
1499
3097
1551
4288
239
1471
2318
712
2571
2
2923
1856
1068
3512
1539
921
2183
4214
4097
827
2517
1401
367
2325
3800
151
922
1813
495
4066
498
1400
419
2265
1267
1740
2617
3749
2111
4438
2511
1134
4418
1515
3402
1850
953
4426
1377
752
1454
417
2137
4204
1509
942
1835
3519
4219
4491
731
1614
4238
1715
3194
1629
3659
2516
878
1569
580
1867
1687
970
274
1606
1130
3614
427
1295
1031
1151
2293
1730
3335
3574
3188
1886
2831
1100
763
2213
1127
1777
2063
1733
2008
3889
2117
549
69
1440
4354
1326
4109
3649
907
1526
1106
3631
2663
2028
1597
1286
426
4404
2003
283
314
209
4409
3327
3803
1607
2373
1898
2078
611
3226
2787
805
1651
2973
2534
2505
893
1588
3846
3406
1658
3948
4280
4499
2686
3602
1855
3743
407
1300
3240
1150
1191
1136
4345
2609
972
1024
865
1641
3642
4037
884
4190
1257
864
1450
4298
3728
2009
1557
1626
2408
1602
346
1947
2497
3502
912
317
1800
2312
3669
4076
4169
3400
3890
7
4380
2166
23
21
1969
3717
4160
3521
1920
356
276
1942
859
122
479
2404
1609
3546
3227
3945
2194
4292
2232
404
1259
358
1869
3834
977
4087
4420
868
2185
556
1995
2182
4212
2383
4193
1308
1939
2124
2717
554
2261
4013
1211
2209
2559
1017
4010
3634
1266
117
1470
987
442
2830
3808
1818
3381
1280
355
34
2958
85
1764
2066
4132
4194
500
299
3915
1478
2027
103
3501
3555
2733
3552
3655
1132
914
2175
664
1148
1760
143
1744
3427
1534
2283
1389
1170
221
2407
187
1194
1101
2740
1321
478
3824
4118
3524
1105
962
3437
2572
1703
3037
415
1864
2701
3135
2084
2512
3903
4051
2460
1640
2742
3606
1431
904
4110
3352
449
3458
1187
3590
3444
4309
1853
273
787
941
3818
3849
1574
3632
1525
3877
1147
3483
1983
1349
2541
1448
895
3952
3791
780
3845
2026
4162
2690
1486
3619
3413
1035
3951
3108
3293
2479
3747
758
424
4329
2157
2343
4043
2599
308
1797
1423
1884
3611
1549
2611
1572
2610
2430
2537
375
1084
1044
736
1483
847
1247
659
1245
1863
178
2369
2468
4001
3766
1758
1615
4385
708
3900
4390
2272
1271
2170
148
3480
4308
443
2346
690
1514
97
1198
1890
560
154
4065
3641
1904
2568
3419
255
1724
78
410
2104
3573
1502
226
3508
84
401
1690
3856
3294
3797
636
1096
4247
2805
4050
394
3234
950
3229
2193
3146
4068
1627
3160
3971
2951
1468
345
1069
1553
1956
2431
31
2422
4395
1056
1926
2420
3388
3541
1279
1875
896
1581
2845
646
1576
2112
4506
62
1902
2587
1178
142
3477
4153
2843
2558
4025
1516
1741
1809
77
360
3196
2159
2219
9
462
1531
3173
3691
567
4510
217
1754
1896
1985
3344
701
1182
1179
4111
1297
944
3238
785
137
742
617
1994
4270
4302
303
4412
369
1012
4011
58
811
2046
4374
3680
450
4477
2172
653
1871
4274
1159
525
983
2250
1341
2089
2015
91
1263
1472
2583
423
4441
4463
4268
606
205
338
408
1788
3829
4155
279
202
1932
1091
2449
1739
569
3266
4355
199
1667
1934
3892
99
353
2023
1683
3937
2621
2368
3125
3092
2562
1506
3449
2737
1823
4437
1087
4191
3622
710
169
3
3794
1081
3551
973
526
3563
4031
3315
2202
3131
2097
384
3662
3532
110
1110
3987
3789
1455
1046
1578
2262
3719
4416
2399
48
25
1990
2393
2016
720
3231
10
2043
2425
4177
1019
1814
4222
3722
3438
1678
1128
1848
4347
3114
4098
138
1064
2432
3644
1892
3922
387
2091
917
2226
3809
881
932
1301
735
2934
474
3773
757
1037
72
2130
1318
3420
1061
698
327
897
612
4182
905
1878
689
3322
67
210
2405
2319
3643
2680
851
3746
3122
741
3740
3129
1796
3612
2642
4336
574
219
3891
1622
302
3123
3127
4400
1617
1290
2235
3484
3795
1803
1421
1599
1038
1315
592
3377
1961
319
1285
4368
1824
1865
3580
2314
4039
3884
575
2118
1020
747
481
4186
1986
789
3107
3570
2817
1496
3385
3548
3384
430
1166
3698
841
2645
696
1907
1512
4242
1505
915
760
4425
1957
3600
1908
2365
3821
1992
3474
463
3862
3863
2595
1126
3102
66
3408
3383
102
1216
707
1439
3763
2480
126
1834
3757
1125
1310
3970
3706
572
2637
4460
2147
371
2496
4071
459
4370
403
3544
152
2279
997
1879
324
3514
910
1524
2718
4209
1652
816
3224
1513
1946
4167
791
2518
1773
4070
2862
2818
3433
3470
93
1365
3239
3493
1593
2108
4139
1025
3404
1405
1742
3880
2720
1205
121
4338
2145
1721
4176
1580
649
2841
1571
285
867
3693
3534
3667
3522
162
3341
3407
460
4137
1409
3376
4468
1556
1109
491
1055
105
260
1820
3982
1697
3435
2932
4143
2246
3288
3460
2106
406
586
1117
4453
2076
3564
359
333
1429
3739
657
548
2342
1229
440
342
1765
1355
1604
2062
81
2456
2804
1351
4479
1498
253
4077
2433
1107
1463
130
2692
1467
2949
3380
730
509
3531
504
380
131
695
2242
4352
1312
3705
3441
3677
2592
2573
2323
4386
1206
3464
1104
729
2457
1792
4492
3995
1208
1559
2650
1795
480
3949
4396
3317
4203
1861
2109
2915
4019
1839
1434
2521
310
3586
3701
1570
535
3953
3989
966
3396
1895
1411
2189
3198
3833
1819
1923
604
2044
919
3202
3886
4379
3964
3848
4278
197
1595
882
1174
637
2545
1980
1910
3815
2345
2409
3721
4101
3758
51
2205
1731
2872
2305
1912
771
749
4187
3291
3120
3479
2382
227
289
1548
1438
505
166
3627
40
2413
1732
1098
793
1643
3629
3787
685
599
2238
826
532
2481
2944
2708
3584
3557
2881
1481
2510
232
3927
1007
4286
234
2149
542
2948
4451
2444
4490
2855
1706
220
1682
1093
2347
1698
4231
1230
153
2466
3558
1042
3279
4164
1955
47
3812
1240
4428
1562
777
3569
823
433
1097
1210
1491
198
820
238
2604
4135
111
2401
3462
6
765
1649
4192
2929
18
3943
1287
4384
3111
714
471
1533
1445
3272
3850
2045
2543
1568
271
3324
584
109
2181
4445
3860
3941
4294
229
2296
4085
642
3577
1897
3618
1054
842
3996
1726
1668
3714
1342
1141
30
1948
3456
984
885
3539
1984
2150
1070
3692
2556
1767
508
3115
3478
1418
3594
2738
2490
2416
2728
1200
2317
3494
3306
2122
1158
3150
2164
3599
2103
1965
1302
1882
4171
2065
755
1118
3472
3967
2024
3142
3453
4041
4502
4469
160
3280
2467
4410
1464
1010
3507
3695
2567
654
3820
296
290
1736
3837
2134
4496
2328
445
61
3189
1560
2178
2616
3284
1269
3463
1613
2735
1356
1255
621
639
1219
766
252
1555
2102
3950
967
1476
2321
3336
4330
383
4356
207
4073
3974
483
899
1827
1420
828
3113
2593
3897
3665
3243
4009
3575
2983
2524
3975
123
2049
1975
1108
676
3716
3450
2071
3542
3628
924
3556
3603
3617
4391
2768
2469
1049
812
939
4303
2276
2564
830
894
1918
3423
3921
2419
2207
1712
2935
306
2088
493
4006
721
3609
3540
776
682
83
3832
3475
1532
28
3432
184
1058
3287
3686
4175
1350
3318
1379
3416
1175
329
2489
263
1079
3676
3593
2254
1935
4332
55
3688
4250
4163
3244
1162
957
3963
4074
2032
3645
395
1384
3854
3578
318
1369
2475
1152
1013
1784
3711
1528
643
4261
4254
431
2132
4054
4505
1911
1521
3973
869
3851
1395
2211
1921
3391
2471
3312
3119
1783
2941
4427
3994
3839
1950
927
1120
1183
3230
79
680
216
1495
778
2589
1807
3124
807
4461
98
1202
2873
4157
325
1184
1894
1714
2398
1972
4023
186
4061
3334
1444
1436
2538
3241
3887
1428
1413
1503
3152
3104
461
3105
764
1660
2337
873
1332
2366
3440
183
802
3223
817
3323
2271
3473
50
3537
4442
321
1113
2732
1893
2894
762
1111
2267
59
2945
4405
4224
3613
702
1718
829
133
2810
1676
2544
4168
3398
3830
4172
1163
995
1616
1929
2011
1237
1443
4398
3225
4237
3424
170
3405
1461
4189
2879
4075
175
1143
2275
1338
434
723
4030
3969
4503
4273
990
877
3498
1657
3635
2168
2596
1774
164
1964
3133
1860
270
779
420
1768
4399
1996
382
2755
3842
743
313
3543
482
132
853
1335
2208
609
1891
2116
761
620
1252
4053
4487
4258
3205
3187
435
1133
4382
1591
1970
2563
1314
4485
1825
1826
1171
1452
2327
2158
3713
3289
2356
2533
3310
362
846
2041
999
4504
3430
2231
4269
3608
1585
3753
3858
4321
1153
4253
1851
1021
437
3425
3761
2546
561
1156
3767
2451
3708
1103
3490
4083
1346
3469
3895
1590
2094
3215
2224
3523
938
3782
39
4314
4024
4232
648
1122
1931
4289
1759
934
2334
2354
3547
230
994
3723
1621
711
1558
392
4091
557
155
1016
3715
852
3901
1868
971
3281
3840
788
744
2793
1358
2930
1952
4318
37
1608
2196
4220
3972
1738
1398
2289
3314
4281
2528
4106
1543
3979
3235
3874
2220
298
2018
4020
796
4363
4
1648
1284
3587
1000
1048
3409
935
2694
661
3134
1720
1
1752
3101
284
1756
489
1725
2437
2400
2844
3145
2898
3621
127
1899
568
622
3745
3180
751
2217
2214
2464
181
4233
610
1669
3267
1876
1139
2625
2287
2870
537
2581
650
391
2355
3864
86
1802
3596
2691
1394
2927
3666
3285
1987
3259
4346
4140
1430
1313
4472
1786
1135
315
490
2031
390
242
2695
1207
3932
1905
704
1771
2815
4306
2463
2221
534
1485
2161
923
2353
3914
4095
2455
1146
4389
3776
3985
1278
3946
4093
4151
1059
1095
4244
733
1785
581
3513
2542
2055
3366
2904
2292
3132
1225
3190
4342
3184
3583
529
948
4462
411
4057
146
3934
1708
193
2397
1224
4271
3899
141
595
2047
2884
4040
2482
3455
340
4276
1033
2570
1810
1451
4197
3325
1270
1889
871
4034
909
521
1372
4263
677
1940
2052
900
552
3275
1743
1228
3411
2059
399
3792
1390
782
4105
2465
4096
68
3726
699
1482
1790
4440
775
3738
713
4464
149
3486
2390
1801
3710
1530
60
3311
3859
280
4126
393
2961
1316
41
1745
3525
506
104
3282
11
179
22
27
3909
3550
1242
1023
2450
1979
1852
716
2530
3387
2560
4284
1074
4094
2274
998
4069
1637
1522
57
455
1586
4304
64
2715
476
1215
4406
354
4124
4146
2357
4196
1546
1696
2278
4411
3768
3918
3694
3668
3983
1121
876
2414
3445
1466
1566
374
447
4360
73
472
1298
883
4021
1487
213
2056
1636
4401
4341
2443
2260
4188
697
1433
960
3868
4357
3923
4067
108
2641
2439
835
1209
4334
3333
287
759
89
4029
1214
1991
2338
2093
2258
1966
26
1638
2022
2054
1034
46
940
1340
1397
792
33
3511
3442
3504
388
2294
754
3929
945
293
2458
267
385
4326
13
4252
258
1073
4301
4211
656
3350
1040
3780
3756
645
3933
4082
969
3499
856
2367
3944
3958
3878
3640
1268
3658
1762
159
3308
4483
2058
687
4086
1447
1408
706
4042
2666
502
150
3729
2277
1272
1763
3162
965
2591
1157
1370
1352
982
2156
1655
2970
2322
2380
1029
2083
3960
3529
2229
323
1196
4129
516
1381
1727
3648
1102
3917
1880
3073
350
1806
3447
3876
4103
3954
2362
1258
2578
1144
2057
3816
1709
251
3273
2473
3095
2472
2503
2435
3559
4455
4173
2086
2924
717
630
3121
2536
694
1642
4063
112
1769
3865
2412
870
2241
3939
3415
2786
1490
74
3807
344
880
1686
2180
2029
487
3330
1612
2950
538
3496
20
2532
277
3277
1317
3140
3885
1811
4032
1339
2288
2499
330
3881
3265
844
4387
2320
436
819
1520
3098
4422
191
4471
1028
2586
3228
734
3703
1114
519
540
1435
1833
1080
4123
231
2669
2565
539
2019
1694
2204
4206
4125
543
4150
916
3488
1154
2240
432
1246
1276
863
1695
1913
1185
1053
968
5
1453
2522
746
100
1633
4454
1336
510
3734
3727
2169
425
4128
2110
38
3735
3357
3100
4474
444
1977
825
601
684
2375
304
2447
3999
1330
376
1582
1846
2859
665
1416
709
3360
1761
4092
4408
3192
1829
378
2752
366
348
3654
2079
4243
3527
587
4198
189
4147
1457
1131
2176
2329
1173
582
1334
3454
2269
1142
4364
1407
1353
804
528
312
1425
4337
1822
933
3670
728
551
1840
3959
1419
2335
906
1971
976
2384
416
988
456
2315
1138
4004
3167
937
1536
2000
3172
670
1226
861
4165
2750
2151
2087
795
4215
3468
2555
4435
1692
1751
3554
2257
3505
1701
4415
364
2651
1507
4353
2244
2215
295
3630
2640
1780
3242
813
2074
1388
913
3827
3565
4207
3838
421
4048
1858
3027
3495
4210
602
3683
3549
4450
2880
3938
3652
3684
2716
1427
1670
2344
745
116
1289
1565
860
4056
2203
1307
1587
4234
4369
992
964
4480
3955
4507
3359
1180
1090
44
2501
2218
2012
3843
195
839
872
1232
45
95
2579
3168
1849
1357
1383
291
605
224
833
4235
3875
235
614
1646
1601
1018
3106
2173
4293
3471
3607
3143
1112
2648
1123
1244
2187
4245
1710
2371
2090
1620
3370
958
3110
4335
3720
514
29
1364
3033
936
4478
2551
192
1729
2280
1057
3283
294
1251
167
3869
724
4216
1382
3704
1039
4114
2808
2638
1693
1734
4195
3783
2485
2216
1540
4493
2856
363
2535
2040
705
4295
2067
4158
4223
2577
4340
1099
52
454
2304
2513
1635
3760
3636
439
1362
2284
954
1233
2125
1679
32
2931
3171
3451
2133
956
215
1243
464
520
1238
1089
797
4473
2034
843
603
438
2020
4170
1410
19
669
2121
3799
591
2421
961
901
1666
1707
1928
541
12
1776
4038
1203
3382
3592
3112
1261
1842
262
2167
300
3793
4372
2286
2483
513
629
3174
1816
1124
477
128
949
3912
397
405
1469
4266
2131
14
3836
3857
3769
1417
4022
473
1573
1936
2396
715
1227
2281
3788
902
2264
3418
1177
223
475
2766
1596
3752
4064
2794
1799
1376
4452
4376
4466
357
1254
1664
4141
1441
1618
2075
448
3585
2301
767
3940
558
1960
4381
261
3813
3991
3894
2061
1311
1296
1249
1949
632
161
2351
1176
125
1319
4430
4310
1248
3117
570
727
1625
1415
2200
1838
1631
1779
2491
1008
563
4202
627
3678
3203
926
2115
3759
3443
4221
918
250
4145
3414
3872
1989
1065
3867
1221
2253
373
4465
2039
4012
2006
2105
2378
652
4138
2350
3566
2427
3775
1234
1119
737
1082
2832
3181
2326
200
2237
4130
732
808
1076
3685
2048
1231
1333
3919
1919
1345
1881
898
2013
2907
1027
2647
1047
858
2251
2113
3841
4290
1728
1828
3245
1072
1535
951
784
328
1675
2270
3457
4002
196
204
3772
1953
1004
1552
3961
2107
2507
2042
2236
2144
3164
3690
4365
1688
3913
4373
2448
286
349
3363
3428
1343
1755
1691
4449
3770
4324
2523
2406
3390
2585
2619
929
2428
497
794
660
2141
1716
70
3930
1396
2162
3452
959
4181
4081
42
1645
3888
499
3871
2601
1026
1654
1805
2138
1750
888
3978
1071
781
2036
3779
3446
3700
494
228
1456
1067
3778
2336
4100
2136
2520
163
3764
1914
4444
4486
1305
4500
222
607
4297
2758
3916
3161
1941
1575
4166
1359
3762
2696
3332
1015
2077
655
1659
3861
2160
3931
2836
4007
686
3904
1577
772
943
4256
3358
247
173
2330
691
1845
1432
4394
1787
978
1963
2620
341
596
309
1968
3041
1406
265
3582
674
1511
332
3515
3601
3819
531
2704
4108
770
2613
577
1538
2381
4287
783
889
1474
4413
4251
3990
3286
2921
1877
4078
4180
4015
879
1092
3748
2155
1195
281
2114
703
578
1189
1924
2394
305
322
365
4264
2324
320
3465
2840
2201
1222
2603
2030
3925
4072
2379
1916
3920
188
4467
1665
3351
16
1988
1045
1554
4320
1220
225
2004
311
1624
2363
3394
1437
1078
2622
1978
1344
3328
3448
4018
1529
634
726
1500
3805
2298
409
4272
930
2385
3855
1294
3687
2146
264
2198
4154
115
522
3329
678
1519
2626
1719
418
3436
453
1293
2721
667
3562
288
4283
2438
1903
4249
955
3236
2291
2081
171
1291
3588
1812
3873
3822
1793
1062
3847
2313
4305
496
352
4327
134
524
1036
1253
4099
3750
1161
4476
467
4377
1190
3591
3417
3340
4201
2376
1673
2228
3844
598
641
2423
1943
75
1717
2239
1830
65
3935
1564
1393
4447
3623
597
647
1594
2234
1663
2171
2210
282
2005
4102
35
1998
1843
2007
485
1442
4047
379
1303
2814
1375
2653
2308
2223
3696
326
3615
2392
1870
3200
3389
857
1600
3461
2724
979
36
92
3675
3421
3466
452
4470
2174
1993
2358
806
2602
4333
1277
1137
2959
3581
1844
2615
4228
3879
4313
750
182
3326
618
4457
4058
3802
1798
3482
1199
1050
2092
1188
2128
3633
4026
4388
82
666
963
838
530
488
248
465
1414
4296
1954
2152
4246
623
268
3393
1212
1699
1677
564
190
1841
1385
1051
2192
2614
413
740
874
4060
1523
738
2364
4383
2195
3907
4312
4225
3170
2017
4159
4495
2531
4090
4239
3610
4062
3817
1757
1392
2282
2129
1808
1623
2070
2525
1545
4407
386
4213
1605
3560
4112
3984
1671
1094
875
3968
4008
3589
523
147
3459
2307
1873
4484
1583
836
208
1041
3579
3712
1537
3906
107
2509
3355
1927
503
1930
1193
3338
1782
3956
2429
1160
790
0
214
1489
3166
1925
2333
974
600
4033
3130
3831
3883
4016
1794
1378
2549
824
4119
1866
3397
1011
3744
49
3905
244
2025
571
292
3661
2664
848
2309
2100
4152
3804
174
1735
3510
3910
2096
1944
1085
3163
1938
4267
370
4236
3718
2053
4315
625
624
3605
2340
3307
2361
3754
4331
2552
613
688
4134
3997
4156
1145
2947
1149
1088
3538
1854
145
3796
1299
2033
3976
2299
2670
518
3825
722
1804
671
1888
1900
3882
1862
756
2498
398
662
1129
2883
3301
2681
3561
2508
185
4311
140
1704
3431
3992
3660
331
2588
2515
946
1083
3725
3595
4227
4000
683
1510
4178
2263
4205
3604
837
3977
1115
1460
4113
4260
3503
241
4144
1368
1561
2639
3412
769
2847
576
2574
372
1901
515
1527
4115
1770
2837
1974
3732
3426
4489
1116
4359
381
1304
3828
3626
631
925
2426
1589
3957
1832
4494
2600
336
1550
1722
3371
2813
2470
3535
887
3176
56
980
1337
2247
1201
3679
2135
1367
1603
144
1883
1753
2514
2233
3966
484
1002
3489
1167
3126
855
1001
335
4240
3434
119
4350
1412
4508
4241
2387
43
2899
3481
2206
1592
2153
2584
4208
2243
80
1169
590
236
4458
2576
773
2436
1909
4497
1260
3689
3731
4375
4036
3638
2060
1164
1981
254
2273
4423
368
3620
3392
4174
297
2099
3986
96
1517
1885
2389
1387
4393
615
546
2212
4136
672
2459
1999
1075
2256
4003
2461
3598
1789
1778
429
1857
814
3898
389
2148
3169
1005
76
2266
2627
1320
547
3545
1906
3777
2635
3099
4291
347
619
3175
3533
668
3141
156
545
562
