110
1520
3705
787
2229
1348
1817
4253
1760
4488
3619
3708
1473
3723
1356
21
1283
3138
320
1125
1924
4273
1153
3467
3245
4244
3490
3113
717
2668
62
4318
4350
3425
1736
3022
1596
38
589
3925
121
1765
2089
3189
2764
3073
2317
3342
2908
4371
525
1986
4132
1946
672
1798
131
1642
1523
515
4198
75
2277
4072
966
3810
4149
338
2770
147
3202
4018
549
1564
276
3042
3134
3985
1402
883
3239
4267
1314
2874
1526
3497
2826
4321
675
453
2643
325
2777
1854
1766
4023
6
702
3633
1326
716
1132
1554
480
3435
1088
4204
804
4071
713
2918
3640
3736
1320
1000
1346
1829
3109
3020
705
1722
3878
1208
3266
3992
275
592
1199
2816
2280
1099
967
3672
2990
237
4260
2582
3533
1213
3070
2256
49
1423
1370
4275
774
2079
4079
842
923
2038
2644
400
4154
1260
251
2679
4088
1264
365
601
3323
4151
832
3906
4393
3182
990
3305
1896
510
1052
1990
505
1422
2905
1465
128
2914
3910
1119
437
2741
4192
312
3646
4324
3849
3996
3332
3238
1710
142
3461
23
2057
3291
3377
376
1895
1672
1505
333
840
1985
4330
3163
378
1870
2705
1803
522
2901
3036
2924
3328
4216
1170
3970
1936
1847
581
39
3472
221
1306
2698
3667
1682
4412
3588
4507
1023
359
1424
3370
478
265
139
3384
4067
2005
3765
1951
3679
4284
3972
4062
4341
1731
4380
1711
2014
1104
1698
3455
3483
201
1515
4358
927
311
1542
625
3866
572
886
3542
2829
600
568
4421
1844
942
1949
821
2090
2273
1638
3541
3261
2753
4306
1450
869
3433
3731
4017
1953
1921
976
2783
1004
417
2019
3116
4316
3647
2866
3635
3492
669
3568
54
984
2060
1080
2904
3167
3652
4338
2384
3172
2683
324
1941
4213
4221
863
2003
1289
3521
26
1982
746
3579
4323
904
3225
3974
4058
3357
4462
4422
1690
2527
4374
61
1687
4099
3351
3934
458
2537
2251
1836
3072
3420
2970
4066
1833
3772
2463
4163
3050
1689
3446
3711
1078
1573
415
3000
813
3678
4032
778
3703
1705
607
2933
1083
3237
597
350
720
4103
1888
3392
4425
2734
4508
3749
649
3788
242
857
2845
1600
3051
889
4049
1767
952
59
3864
2798
4384
4112
2011
4118
971
687
1103
1353
3687
3241
691
575
1871
3715
1447
1007
1457
1036
3576
4089
684
1726
784
1604
4365
1509
55
482
4445
623
1634
4227
1224
186
1139
4186
290
2849
682
4408
887
2561
954
785
2129
3805
3859
3306
403
3403
3399
928
4224
2922
456
2823
2911
2861
392
1019
695
766
3018
2508
321
1294
3395
4081
184
1031
944
854
2748
2848
4378
1211
4195
2016
1997
697
3774
490
4124
468
1439
229
2987
847
3737
4056
2605
3696
2943
2386
1851
1313
1095
1681
126
1056
2812
3485
1768
2765
2292
4028
2061
4272
4504
871
1753
3900
2994
3944
3207
1640
1940
1049
3955
877
1504
4447
1926
3215
3300
3830
1352
1842
4060
1852
3719
2084
1550
2494
134
800
3155
2514
1683
1913
3790
2629
3365
1202
1781
3789
4281
328
3235
4359
3641
1063
1384
2241
4322
2892
3657
3429
1162
1906
4385
1975
1426
1922
2113
3734
1730
888
349
2125
1350
2893
2094
3026
4454
1440
4105
3724
1182
2443
3295
865
1021
3835
3230
1280
1180
2618
2035
803
2203
227
3644
4368
1332
2139
14
3097
2230
3099
1381
1729
3017
2799
3469
1138
3875
2671
891
3102
3405
245
2399
182
4046
1608
2607
3338
1385
552
3804
76
323
3621
1278
213
2423
4464
574
3623
4453
1605
1163
3015
3514
1630
118
3999
452
3204
1373
1563
2974
1272
1322
671
3980
1245
2981
397
4095
2159
2998
3028
3634
1279
1435
2957
3438
629
3680
334
4188
4175
3180
1562
3153
2452
1336
730
1248
932
988
1295
4096
3871
2745
477
3199
3712
4479
734
2672
3480
1695
3701
2085
4228
2700
3005
1970
86
2831
3147
2412
224
1618
913
4024
410
4481
3412
4092
3139
4152
3212
4402
3599
3766
4234
3423
608
1418
788
1318
296
3129
1546
255
777
1759
703
4218
550
3090
1822
3544
4104
665
1360
2500
2012
874
793
2498
908
1998
894
1647
3935
2305
15
135
1327
1443
3364
1496
1769
3470
3676
3137
4379
273
3870
2101
4487
4069
789
912
681
1194
4348
2846
160
4038
4406
4139
1964
2868
4401
3936
1973
3959
500
4199
4278
2240
3124
1207
407
3555
3303
1164
4191
3453
1017
2360
4128
782
638
1487
271
3145
938
212
4162
3885
176
3554
3165
3494
1879
4498
982
1281
3270
1358
1214
4164
588
2469
360
3213
940
3333
189
502
2204
2026
3661
3707
968
677
1561
1891
1590
1420
733
499
567
3196
1105
3820
3463
1258
924
4420
339
4133
364
3728
1750
1875
1377
3063
2021
3414
555
2071
198
1375
3434
543
2093
3958
1983
3340
3877
4344
3013
219
4026
438
3755
1389
524
4
2827
1270
1693
3539
1934
3263
1476
4302
4042
1965
3176
4074
3693
884
4502
1225
4347
4194
2746
3950
3091
879
941
4293
3141
3589
2400
82
1527
431
2757
2723
3973
1537
3296
1168
3953
641
4472
3016
1339
3952
3067
3649
3276
935
3355
3454
741
1068
1901
436
2375
3531
4166
3832
3489
564
2141
761
1262
2107
2676
274
2942
7
4243
4134
1834
3123
827
416
2488
3948
1060
2052
4182
1614
4394
4501
565
951
670
57
1371
4044
1342
1267
786
1868
1037
161
3326
1641
1230
2722
1737
4077
3037
683
4339
1694
689
690
1942
1399
570
810
1494
3744
1995
694
3784
137
3851
4145
3298
1012
3094
1792
4282
4041
3729
494
3511
3757
2947
3904
3637
104
1123
1479
1741
866
3407
377
73
447
3465
170
4499
4399
83
1321
4263
3444
1885
3308
1863
1072
2033
3045
4076
1801
955
1649
544
3499
2028
264
4209
1810
3110
3481
1999
3931
3770
4327
1864
470
561
254
3447
3065
3916
123
188
1129
3130
4398
298
27
1574
3158
2050
481
99
4356
3706
729
4127
1935
3344
1050
1345
1006
3929
1627
3662
4138
593
3518
3133
3242
3978
3761
4251
1032
890
60
248
4197
3248
1723
993
3251
2426
2032
3968
4310
1837
2421
37
32
249
594
3335
1981
650
2780
1015
87
3422
3330
1501
4433
3208
3388
232
987
3301
4247
768
2489
844
1751
4315
1528
1845
1754
4010
2138
1749
244
3367
4237
3913
1324
4465
1490
1149
4456
3114
1027
3993
4119
4098
1425
210
299
95
1742
3277
4317
551
1446
633
735
1106
3549
3275
3098
1156
3811
3609
154
4033
2699
1428
3905
1960
848
2726
2855
3459
1076
3794
3421
1151
1152
3571
1533
1108
619
1223
752
2118
739
4409
1584
613
444
1200
3629
922
2460
4459
855
1524
4015
554
3709
910
715
1058
3080
124
4386
4429
1928
2678
1585
1357
4466
4261
1172
4351
1460
1626
363
4257
2128
721
4331
3516
1328
909
1485
3988
3890
3231
3966
4169
867
3838
4355
4047
660
1977
3126
1944
3152
282
2854
1575
2130
3699
3700
1945
214
3873
373
2031
1166
636
3971
811
4297
514
484
819
1748
3517
3975
3834
3268
3003
1581
2703
1442
2291
1702
1880
2725
4381
372
2550
1458
3350
3311
58
3190
3908
651
1187
3523
166
3795
2210
2504
4290
858
710
2091
1098
4109
2227
156
2844
1883
2178
4002
4413
2877
4308
1433
1246
1441
587
3283
2053
4475
2142
3149
2903
1296
1624
2259
2857
1716
1397
1160
2080
1547
3951
315
2111
4485
2850
2368
3404
656
150
158
1365
2796
1492
4064
3183
3060
4439
1598
3278
2282
2792
4027
843
612
3011
1889
1254
1243
2293
3538
1434
1430
1685
4045
3692
300
2275
3023
3035
3474
3526
1271
1656
5
1556
1467
3760
900
3569
3717
441
4291
144
2907
46
1124
3164
2706
2761
2659
3616
495
4383
3488
2800
79
3987
422
1517
2806
3262
4416
3989
1275
4264
892
3857
1147
3188
646
384
776
605
4451
1338
829
1718
503
807
1802
4048
1784
472
308
2956
3087
537
4460
4375
3105
2340
1783
3683
1203
3747
1107
947
4493
3610
980
294
1232
4068
3064
1009
41
421
1779
3312
382
852
3360
1932
3375
825
287
3754
3178
1404
3828
1312
4461
3009
226
1308
3628
270
3560
4418
4376
1828
3074
2485
520
2876
4230
4319
986
2714
4463
2066
1846
3513
2630
446
4435
1700
3854
3963
4342
3922
1084
3815
1315
2087
3852
43
2081
4392
794
970
1259
2675
398
4354
685
3901
1918
4477
3614
3525
3119
1405
3841
2867
1514
4288
2754
3650
252
511
3562
152
2953
1333
3265
68
4176
1849
119
1489
2966
1051
2046
965
1240
379
1340
1937
4078
1323
946
815
1376
1887
3339
1091
1821
3027
1002
2730
3285
1122
538
2457
870
3578
3608
236
1111
566
1145
2493
3214
2795
4206
340
2249
3383
3612
1704
4370
2001
582
4390
599
2912
2100
849
2965
9
3669
1025
1274
3252
368
3967
620
4000
4249
381
3752
3479
2985
483
764
914
4091
2819
802
4241
423
4255
1359
1830
216
3758
317
1929
3515
2888
596
3590
3584
240
4144
3341
2311
4229
3553
3293
4506
1665
3053
2064
1409
994
3321
1116
1577
3505
1130
2778
1191
3666
4102
2661
442
181
3561
628
306
2092
2007
2979
1097
546
3798
542
796
3048
3802
569
4217
2048
1005
507
1034
2179
2133
3493
1893
461
4467
148
3939
809
3686
2920
380
1628
1400
3631
615
2274
284
3156
3573
1762
1062
45
960
1576
4123
3290
3600
1010
487
411
2852
1310
3193
1444
2072
1797
3735
2078
449
583
3902
1914
1334
722
2545
2869
4426
1719
3969
1507
4287
1625
748
3397
2418
2986
4087
386
3559
896
3510
1825
2099
3884
19
2059
345
3681
3030
2636
1653
31
2968
4203
2025
1196
3289
3055
3566
862
2073
3964
763
835
1835
4120
4159
1602
4036
1756
3325
404
4314
3269
81
953
1966
3457
933
504
1014
760
50
310
3443
2803
2343
1886
1866
2739
1040
3740
358
2131
3718
2041
2940
4148
143
3095
3776
2789
3391
4054
22
3918
492
1179
1407
4173
1972
2657
1263
4366
1220
2487
1001
199
337
3933
3104
1059
440
2978
3730
3863
1212
283
3195
3622
3256
1583
2821
3118
1856
1976
140
3781
4180
1372
4471
3144
3294
1431
1238
169
1074
3450
1571
1601
2415
2156
3915
196
2015
797
3309
1675
2991
3743
3029
540
2964
3071
3537
3768
4431
3704
129
1808
1892
950
1344
1135
3813
101
1904
3209
2260
964
2993
795
2976
2045
1815
648
2989
714
4305
2339
1026
2729
155
822
115
1075
1903
4082
399
3917
901
346
3809
1451
3313
20
680
2909
3853
3668
4113
1055
187
3656
3552
1566
2137
2955
753
3624
1193
3528
2662
353
3738
239
1992
1297
288
704
4235
3205
3025
957
2303
1778
905
3845
3154
1667
1269
3473
1403
699
998
831
974
3601
67
1969
4135
1142
1464
4014
2070
4080
1330
3613
667
3879
2464
4349
1181
1184
3607
1234
2161
1952
2988
1869
3140
1706
885
1770
2747
3611
3899
3347
2402
1029
1445
4430
433
285
1959
4434
1724
3997
305
2067
1536
3343
2851
2763
1827
352
4167
2731
3108
1008
4337
3998
3021
2760
4505
401
1811
1890
177
3506
1362
1043
1948
1488
2270
3216
1173
1535
281
1335
1216
925
1309
1288
3786
634
3084
1567
3688
1540
3508
1579
3174
3746
4372
2983
4345
3150
2477
3639
3161
3837
1621
3273
536
719
1
2119
2926
556
1560
1491
706
2255
737
4268
1368
1984
2074
1018
1805
1236
1192
1469
3941
4153
3691
2529
799
3796
3547
3206
2110
1064
726
3175
541
133
859
1406
66
647
3046
406
304
2023
185
4059
3618
4233
2112
3932
1773
3317
412
614
1686
1046
3267
1470
3965
233
1867
1595
225
2899
652
120
3615
1568
3529
2712
1302
3115
1102
3550
3778
3893
234
1925
326
3170
1876
3376
4292
2895
2106
644
1087
2446
4427
391
1860
4171
2871
3307
668
388
506
2828
2954
3869
3574
3052
1907
969
3131
1363
1305
107
2785
1094
1606
1954
3061
4283
2779
3787
4440
3002
1379
1461
130
851
2649
666
1070
2116
881
1662
1735
3674
868
1858
3014
3742
3047
4415
231
4116
1938
1101
3192
464
4361
3741
1818
1231
4410
1857
56
3880
3919
1559
3157
1137
4346
4377
174
1073
200
1331
2797
3779
1045
539
3281
3362
402
1917
3602
4271
1261
2775
175
686
3895
4274
3491
2544
939
1394
1189
4215
2685
3240
1545
4382
4052
738
2787
765
1848
4008
2809
1589
4388
3883
1715
459
3477
4043
35
1631
1290
4187
3169
4483
3530
3797
4262
1961
3522
2051
934
3393
4448
3398
1432
3354
3322
2937
3780
4411
1791
4029
1666
3346
203
4001
2104
1586
919
3558
3373
1484
882
3012
642
1205
3557
3058
3769
916
3160
3617
1455
828
4482
1222
1157
906
1525
1482
419
3524
2667
1282
1905
3843
4114
3475
635
4329
355
3059
3710
292
688
1873
2134
841
263
2824
1788
367
4489
1186
223
3259
280
1291
557
11
1758
618
3949
1553
1789
678
826
958
4070
64
4450
837
1807
1967
3606
2105
3565
1612
138
293
3725
3808
645
3246
3254
850
3990
3595
209
2281
3671
4050
1714
42
4086
2135
2442
463
3250
335
3643
2856
72
1218
3142
268
409
3793
2652
1534
3177
2030
791
4369
1780
1521
1599
191
3010
1790
4125
205
2756
51
462
4266
3831
3773
1733
3570
547
96
2181
2834
2076
2506
3334
3411
1067
4404
2693
2632
3287
369
127
2180
818
3658
3868
604
2526
983
1114
1039
3942
893
2656
3314
1277
3432
711
1284
3665
448
1174
4441
1971
4468
1235
991
1396
3387
523
1144
4414
1799
3842
3532
261
206
948
929
1366
486
4117
639
4400
256
3258
3642
318
3495
740
1472
4157
4131
3462
1024
1429
3814
1047
1355
3714
528
4295
2624
1757
1663
1831
3827
3449
3075
3092
4258
1089
357
1241
1301
1908
3745
1812
2478
2917
2802
4304
1671
3249
560
491
1090
3389
97
1239
1249
3627
1054
250
580
3846
432
70
3502
674
78
2838
342
1082
1725
4480
3460
3320
1747
3203
222
3920
1448
875
743
1838
3077
3503
1011
4185
2029
4286
3638
1421
3032
4147
4005
2008
3168
1244
558
1841
4296
4236
2117
664
2655
4352
2505
3299
341
3440
3824
1582
1495
1717
1304
3829
4269
2646
246
709
164
2910
4025
771
194
1247
3960
1529
1541
3721
172
3527
509
125
3219
4174
610
1761
3066
4108
3620
989
3197
3083
3476
1109
4106
2774
4184
3103
798
2140
4486
4395
1785
4476
657
3282
1752
2034
3415
2013
637
2121
1648
698
926
4270
1500
479
4039
2009
3096
1209
1676
2660
1436
3236
708
3891
573
4309
1493
3125
30
1388
4494
3896
1178
995
474
3348
1393
1669
1325
1806
3117
4214
1293
3817
4246
63
1319
3882
183
4110
897
1498
2919
3221
2017
1303
931
2047
47
653
4065
1878
2157
2890
1079
1996
3400
3496
3243
1204
40
4004
4202
3394
530
701
1635
3792
4259
1349
1578
2790
220
0
3324
4417
3977
663
1471
454
838
3956
3349
2967
44
2075
4510
2020
77
1548
3962
3645
3938
3345
4428
1989
3663
3043
4495
2984
3478
332
1093
3630
658
1416
972
3085
178
3101
3903
3507
4012
4332
559
3054
3122
4170
113
2992
548
16
1593
3881
1874
3318
3378
4022
4238
1511
2042
873
3660
3448
2820
751
2486
4343
426
1633
1502
519
1452
3327
606
3791
84
3543
1518
1167
992
3923
1299
3751
1413
3224
2707
3136
1674
1993
1382
4155
1557
3185
3682
4196
4239
1285
630
1265
4122
3372
3194
1552
295
1146
208
1532
3907
1257
2882
1738
4509
3380
2997
2751
1131
1252
1081
1398
2054
2299
3081
1158
1169
3031
534
371
1219
102
387
1150
780
1916
1347
1697
3847
4320
1201
111
4126
3580
4085
2077
3586
696
2771
693
1677
3732
3034
4053
1613
3452
3179
915
475
3592
2960
920
1654
2684
1128
1680
3297
864
167
830
2083
2096
3767
3260
53
3217
1337
621
1978
1519
4183
136
1911
4006
2557
2634
1474
4231
2972
3079
1657
4389
981
145
4470
2885
1763
414
4093
370
1155
362
1408
945
1661
4009
314
943
4003
4503
4444
3359
2440
3598
3596
930
3954
2097
4265
3567
309
1273
24
395
307
1215
3151
4142
1776
286
3912
4232
4075
1367
3694
742
2492
3439
3848
978
578
823
1391
4405
1437
1343
336
2103
3664
1096
3274
3424
266
88
1707
3039
3670
725
643
2963
52
3858
1865
2002
1354
3930
2833
3132
389
278
2887
3540
90
1746
230
2710
4497
4063
1884
3353
2782
1480
215
4083
4040
493
2633
4457
3374
1233
1619
460
3220
1772
4030
4140
3983
1957
3783
1572
816
3603
4458
3426
1188
3861
1066
4455
163
179
1113
3363
3302
3107
2254
3940
750
4168
3316
3200
2938
1820
109
3583
241
1644
3862
3504
2980
611
2946
2772
532
3739
1740
3720
2971
469
1611
3062
4334
25
553
3410
319
3406
1253
3336
775
2428
2126
1824
3750
1678
1115
3556
3759
1221
3585
598
3763
1478
3563
3748
3587
1038
3159
917
3288
1947
2123
3464
1609
171
1558
3069
114
427
2762
1832
3981
2784
2864
4094
457
1462
1414
1508
303
1645
3112
8
2509
3632
1974
3181
4240
313
4146
2902
2470
2860
501
1777
3534
2058
3764
949
3127
792
71
769
3286
4179
235
117
238
4101
4254
4280
1727
2977
157
3727
2891
3844
602
1185
1133
2018
1086
2788
2056
805
272
3819
3604
3441
3677
351
3897
4208
3976
4121
3887
3928
3782
1872
3304
529
3655
347
659
366
4277
4407
833
1643
1622
3702
3785
1477
3594
1939
3120
1316
2713
3991
759
533
1159
1438
603
579
497
692
2122
1256
1774
3128
1411
1987
3409
576
1286
153
4474
3777
1419
122
584
1931
1069
36
1287
4210
4222
767
3806
1720
1839
516
749
267
2022
374
921
247
997
2407
1229
3994
3162
3957
1513
2906
3437
2063
1228
2269
3007
3379
1629
74
936
3451
302
2039
3888
3876
1793
4158
3654
2628
1390
902
3821
2952
977
1427
1041
218
1569
1100
146
354
393
3088
3369
3187
2088
3856
443
4423
3823
93
204
724
3636
1386
1121
4055
895
1298
1796
2975
4391
4469
269
1134
2209
3886
3382
3889
812
1311
1057
4161
655
3401
106
3361
1206
3356
2519
3982
2539
3171
4437
33
4248
105
1300
3416
4443
1919
1956
4452
654
975
2530
3822
1794
3442
159
2996
4150
1276
1617
762
3445
937
3520
3418
69
3198
3008
4019
3945
4442
2744
3223
498
3210
3648
707
2886
3253
1463
3056
390
3536
1909
2736
783
2673
396
4136
1481
1195
3255
2
1933
4061
1110
1539
3191
3756
2344
467
4073
3264
535
18
92
632
2553
4307
3331
2631
3486
3431
3909
330
316
3675
190
609
2108
1148
2027
428
3482
418
2580
1899
3428
808
471
2226
773
1703
3733
2575
1118
3564
1587
585
4013
1743
1597
3826
2982
1268
13
4207
631
94
3
1543
3143
2727
496
3995
100
2749
728
4084
4449
1161
3310
348
1615
3186
1415
4225
4276
168
3337
1522
3272
4303
3271
3625
4496
4311
4298
1266
343
3233
149
3408
2658
2037
3501
3049
755
4438
2875
277
3468
1085
512
4223
3855
1591
731
527
758
1739
4156
3818
4301
1732
3816
3684
197
375
3315
2853
577
1341
192
29
2554
3057
1551
4107
3121
2055
2193
1592
291
1684
1728
2878
1171
476
1636
424
1699
959
839
2279
878
3894
2900
4057
1691
4491
3078
586
4115
1143
918
1190
1696
3519
2801
4362
1468
2253
3019
790
508
180
3076
3591
3943
1771
108
880
4141
2004
3872
4011
996
3911
450
3582
627
4397
727
911
4289
3222
3232
3184
327
903
3427
12
700
4097
1126
1800
1927
1787
1658
1968
1721
899
3807
757
4226
1383
4326
3498
2192
3946
624
1943
4294
1459
1510
1616
1077
1412
3898
1512
383
1369
3358
4165
1503
3386
1900
4279
4446
2239
1813
2208
1709
1237
1603
1580
207
3229
1670
2395
1764
3860
562
1882
1877
301
876
451
1549
3892
3006
2114
1141
4212
3697
2791
2082
1016
1912
712
3572
845
488
1588
1963
2822
1897
435
4111
3575
394
1003
3695
2677
1061
2807
4436
420
3135
1175
1117
3577
2473
3762
3226
3329
3839
1910
2481
3436
814
3148
1217
4250
2654
98
2913
1804
1786
3466
1755
3689
861
4256
1048
3512
1826
2422
1659
465
4478
3659
1955
1417
2044
4300
439
361
3867
3548
1401
2825
2502
466
322
4492
4473
1112
1688
2462
4190
2528
2999
595
679
1210
1623
973
2472
3716
