3191
1667
1486
837
4014
2586
1021
1203
2952
1195
2142
2318
706
541
3669
400
978
2712
9
520
3513
372
723
583
1804
1595
365
3497
1560
1516
662
4050
886
1449
2548
2045
2783
3218
415
1819
4100
2771
3370
1458
426
3161
1945
4036
1512
7
1515
3052
2326
551
923
1076
2003
1798
2310
683
2640
1760
1924
2393
999
3681
2320
2208
2661
3520
1057
3696
3864
1570
3727
550
3561
99
3337
791
3199
2660
2071
2369
3314
1894
2280
2405
2101
4035
720
959
516
3279
2475
608
969
1970
3803
3904
862
3133
2348
1490
1873
1893
2950
2396
1328
27
2598
1710
2229
529
890
964
3136
3700
3153
2
3479
2271
1040
303
329
822
1308
685
2389
281
1064
3471
2051
2485
1297
981
1695
546
3735
2370
3243
187
1838
2211
78
3589
178
2251
3853
3128
1011
865
274
1573
246
880
3558
1471
224
3395
1974
1563
3634
1605
3590
3181
151
139
836
3399
1230
53
2756
815
2269
81
4063
958
3371
3807
1895
3500
162
3712
1814
3608
2628
749
2301
831
3958
665
2575
3230
2216
915
1451
816
636
3351
2810
1539
2178
1713
3331
3504
416
3126
582
2085
3349
965
1983
2453
832
1714
1100
1857
1010
1147
3307
2583
2962
1420
332
2073
892
4121
618
2408
2473
1930
3819
2871
266
3687
3657
3274
2407
2384
1777
2007
3491
1927
1481
445
3540
3140
428
590
2831
3665
3207
3632
2057
201
2502
1038
1852
1344
669
3938
2311
109
217
1546
3151
4060
2976
1003
82
2030
3981
887
22
3035
2061
205
2749
3809
1423
63
422
440
1179
1492
1488
3029
3318
1953
3046
3667
2344
315
1775
1732
1427
1343
1815
1698
568
2382
1369
3241
1222
3511
3063
97
251
3521
3386
2141
3666
1731
343
1327
1117
4005
3544
2347
46
2632
1725
30
240
3505
3925
3401
1474
648
344
1901
839
1368
1946
2808
1831
1657
555
855
743
661
3184
111
2625
2865
666
2452
3163
755
3660
693
3400
1052
3348
811
3360
2362
1525
1079
992
185
799
2222
2513
696
1224
2787
2672
2074
1056
810
3087
2736
3940
1837
3403
1274
866
2388
642
3056
2387
1676
3384
2958
2264
1132
1061
305
1617
694
3057
522
3719
819
292
1322
3135
1412
3884
1553
3538
1629
1601
361
547
1647
131
974
594
736
463
834
3612
3187
2383
2463
2970
3740
226
4112
1390
1121
1818
1135
717
4024
2341
3831
1473
3705
840
66
1134
1956
891
3324
2753
1272
1527
2237
2069
2296
171
2999
2674
941
1347
4123
317
2327
2335
1421
1242
2916
2927
3334
1459
1142
1870
1661
2191
1844
4101
1641
3564
116
572
3788
2180
586
2491
2300
2560
76
3633
1811
786
3768
2782
917
3211
2124
3159
2994
1146
2880
3619
845
830
602
153
1453
434
3264
73
3824
1588
1184
2740
697
1305
3
3137
59
672
2331
3072
1348
2581
3125
1968
3081
1455
2893
3502
248
1441
3441
420
3289
3235
3433
1281
1378
3066
1810
1264
623
1018
1460
1233
1932
3787
2896
515
2507
218
806
3476
3164
2039
3797
3989
2294
787
16
1097
2951
3494
1990
671
3928
3672
2079
449
2018
3910
3524
2986
860
733
482
1949
2863
2277
3611
325
4023
2942
675
626
2520
1084
2207
1090
2292
2588
2635
209
3109
1434
2019
776
4032
2159
2284
358
2850
3946
854
3920
4025
674
179
2083
1294
905
2021
1243
2837
1171
2478
2234
2954
715
3939
2499
3798
861
2425
1812
3483
3014
2181
2797
2677
3113
937
1108
947
712
3766
3138
1963
3714
549
3937
293
2921
2540
156
2649
3374
956
3364
1337
3157
2065
3992
2717
2788
1205
1685
3711
3197
3686
3347
2578
3983
3451
3455
1091
1107
3760
2122
104
775
2067
807
493
1072
195
2161
771
2868
1988
1349
1157
3268
3376
509
1738
2397
3542
2514
269
2667
972
1620
3826
2666
1244
657
3267
1502
1391
1161
3736
2643
1577
3288
25
962
3860
2912
2077
510
348
3444
2623
340
867
379
2206
2466
1133
591
4001
3905
250
487
763
2500
935
526
747
221
2629
695
2108
3254
656
1784
1790
4042
2418
782
214
2094
532
3757
2110
3876
1302
1247
462
4033
3269
3301
3234
2406
397
846
1813
2742
2522
3517
1692
2265
3377
1104
3653
57
1806
431
2800
149
2455
2618
3508
2551
219
1493
3701
2096
2358
2357
3923
884
2642
721
3655
2242
1944
3806
2160
1085
2482
2136
498
2480
2143
2604
1063
2361
3529
160
1887
1925
2569
1665
1625
3875
1952
442
1229
3830
3963
2144
2047
3147
1469
1865
277
1726
3959
499
1352
3969
2946
142
1900
2477
3668
1069
2303
3559
2905
3313
301
2392
933
2676
3020
2682
3089
1690
610
2862
3340
3531
2334
1360
1739
3580
1077
789
2804
3650
1
3205
2843
3833
3625
166
2900
3592
753
1508
528
3839
4006
3435
3119
1666
1029
1721
1706
3237
3425
1429
2274
1686
381
291
4017
885
4047
3595
2961
1757
3583
258
167
3026
2328
1359
1528
3526
1313
3356
2484
725
3630
3431
533
2020
1659
1826
2054
2627
3922
950
1943
3605
1187
843
127
37
1750
904
1758
368
485
3439
1395
1159
2062
2903
1175
624
611
2714
2847
1984
259
3037
1386
3762
1717
997
1299
825
3892
2042
328
3751
3512
1866
625
3549
3304
3602
494
1835
3432
1774
3968
1450
893
1000
3408
3947
2723
1208
993
1740
114
929
3027
1364
3102
3742
2172
2857
2205
3196
2322
3900
2948
1569
3720
2427
3220
2354
1127
1211
113
3409
1651
1942
2373
3031
3567
870
1110
3361
444
2036
2535
704
2474
263
2639
2693
1843
851
1447
3258
124
2819
545
2730
4061
1491
3974
3420
660
2968
294
3800
802
3816
2467
2544
55
1083
1408
2816
1664
2248
3591
3353
1253
2611
1886
3997
336
234
2940
2901
710
911
102
1801
3248
3041
3978
2718
1589
3967
3474
821
1241
3290
1559
3372
393
1534
3062
1898
759
1096
242
2460
505
511
2619
2777
961
199
2438
3849
1888
1401
3699
692
3028
1500
1303
2638
1353
93
1903
2289
2838
2920
1600
3793
742
3805
1632
2093
3858
2017
2725
89
3661
597
2786
189
1538
3790
926
182
3411
3369
1591
1307
1494
3776
1403
2037
3764
3759
3123
735
2995
1772
1892
977
145
1551
2509
252
719
690
3813
889
2185
451
3117
3367
934
2072
148
2276
1795
3848
1202
3851
2532
3010
2695
1507
1028
1375
617
938
3550
88
2063
1529
732
276
1370
1594
1862
202
2483
2698
3155
47
3718
813
3587
1189
2732
1444
377
3808
3794
3493
3179
1998
2152
565
2056
745
3988
378
3051
3033
864
3965
1582
3640
3729
2622
320
3437
932
2329
3323
1445
900
3357
1702
2317
2355
1796
64
3562
1950
2166
24
1855
2337
249
780
1572
3148
1799
3744
1652
1575
2374
398
433
975
2773
3991
1004
980
2890
2313
1284
1513
2149
3429
3572
427
2470
2275
1747
3723
750
1711
2930
1820
2764
1034
3877
1463
1198
1668
521
3704
2937
2563
3487
3821
472
1648
2307
737
3447
667
215
49
1694
1533
2402
1688
2170
909
2765
1276
1853
200
3663
4028
3652
1128
471
2536
569
3242
3528
1544
176
2192
3168
2025
1066
3085
3739
3460
3499
3895
3490
2549
2984
2330
1586
1366
3463
2315
3174
3935
2517
2116
3355
3527
1574
1428
4012
239
3933
2456
1008
653
3189
3327
3749
1409
676
2928
3641
2658
2747
2894
1536
2997
559
2333
2659
2471
3715
3454
1752
1209
1786
793
3982
1260
92
3537
3828
3541
417
3966
3154
844
1727
4045
244
3945
394
1329
2312
1861
489
61
1042
1542
1929
646
849
1112
3570
2148
2340
4000
1851
2888
2823
3224
2501
2727
512
1130
1174
3459
2082
3854
1153
1172
3099
1424
2988
2447
467
2295
3861
1734
777
3996
1756
3080
3390
1417
2594
1215
2938
2259
1679
1141
1975
3863
3450
1180
3302
1075
3363
2757
687
1682
3593
946
957
2175
1041
3777
1503
2417
212
3055
2200
995
2510
159
333
2689
2842
190
2902
3539
44
3368
3236
324
126
770
756
337
71
3336
2721
2343
407
4058
1290
998
2286
2626
478
3452
2839
3844
405
1194
1724
2620
2543
1879
2220
3007
3553
2785
1382
2699
1062
1947
1037
2993
3263
2858
3596
1981
3246
446
2044
3716
1415
2990
1880
752
3192
2508
2243
2100
2366
924
2877
1585
2173
1185
1618
3522
1532
1336
2573
3990
644
399
474
480
1578
1788
647
2298
369
698
1961
986
2947
3778
2933
1017
2694
2574
2709
341
2490
3614
1687
3156
334
2266
1644
3676
3761
1280
206
424
1197
1848
1797
1193
2365
659
26
2897
2610
2461
2106
1816
3222
2914
1351
2193
3200
500
1729
288
455
1649
4069
1316
1719
1705
814
2526
3393
65
1568
1610
122
2673
287
764
2444
2253
2566
2014
939
1015
1248
2744
508
1948
318
256
587
1985
3185
170
2465
3108
1073
3350
147
2815
2442
1593
708
3488
1246
615
2754
10
459
1070
1628
2664
2759
2599
2844
454
241
3956
2297
18
2918
804
979
2254
1446
367
1681
2087
4065
2724
134
2809
2029
3464
3748
2685
2776
3333
484
432
4007
2798
2325
1470
1789
790
3756
2060
3195
1753
3060
3130
2278
3465
3088
3551
943
3436
2879
392
973
3688
6
359
3750
2411
2770
604
1321
2612
3257
2287
2097
458
2058
2983
1126
1048
740
805
2917
2750
3870
2363
29
818
4037
236
1234
3253
2224
172
731
1165
3445
2213
3649
3038
453
21
600
2441
1376
1235
558
2486
3554
3859
4057
1237
2802
577
1282
35
1115
1567
2024
3097
3908
716
181
1728
3413
1581
3765
3568
543
768
2972
910
1358
3292
2534
3019
1119
894
2733
2138
966
4099
2410
2305
1181
1850
2828
2162
1891
345
1001
3114
3532
3086
457
3383
2552
3175
1389
3011
2715
2883
1781
3693
803
68
306
1164
1212
1394
3585
689
1766
3617
922
3543
3050
1627
1785
927
1154
3571
2600
2559
2022
2987
1619
386
1262
3276
2184
3259
1511
2784
2692
1413
3944
2977
633
2186
898
2822
2171
2123
2221
2974
390
312
762
1922
254
4119
3182
1964
2440
2290
3238
3067
2550
3896
1138
4067
3815
1340
2941
3535
1703
4054
3952
4048
3934
1291
3294
3078
3006
1484
227
2226
1191
3872
1310
524
3707
360
1176
795
585
2743
1640
2945
2503
918
2864
3303
2016
3016
954
746
1371
3774
913
3362
1122
1683
3316
366
3343
1622
3909
877
322
2981
1510
2518
3789
452
2613
180
11
2107
297
2989
1824
3074
2250
1315
1009
3212
357
1645
3985
3534
2462
1623
2719
1656
3131
3412
1414
3509
2811
3378
264
1380
826
19
3329
3115
888
3888
869
1392
1913
3563
3709
302
2678
2281
3216
253
3158
2690
2758
744
3555
3226
3397
1552
835
1571
3769
1296
766
606
290
2553
2835
1078
3654
438
2738
3101
684
3247
363
339
858
2683
2763
2936
2878
2966
90
2053
380
838
3755
709
2168
3103
3770
1523
2391
1162
1220
1701
1431
0
3275
1377
2379
383
3250
1587
2026
518
3545
3160
419
497
507
1168
4072
530
354
1245
3607
1655
1240
1479
1904
3440
3584
3899
3775
3516
2114
3706
2617
86
517
1411
3375
1049
3573
714
2910
115
640
501
504
1875
613
3697
2511
3373
761
107
3277
1283
664
2324
2217
1265
3093
3295
2908
3840
3569
2653
196
12
1828
1509
1275
3901
3578
1379
1125
1769
2129
2134
2772
2590
2521
3518
406
1936
173
43
3315
267
760
3964
1520
1505
2430
2943
3008
971
3556
1399
1269
3604
3171
2255
3091
165
2881
607
1834
2023
414
779
260
1249
443
4022
435
2636
726
2121
2167
686
2394
3995
906
876
255
1519
3265
1829
129
1518
3272
1439
3598
1306
579
1890
2833
3771
229
651
3689
3670
4010
2218
1630
4016
727
314
801
3466
1047
2832
2795
878
285
2761
612
968
1995
3638
105
3890
1899
1407
2607
125
702
553
1633
2745
3495
2530
4
2031
42
1549
1723
169
3971
1972
3273
1318
2049
1996
3068
1397
1477
2454
1909
2225
748
3737
3311
788
2957
1638
3674
3002
1955
3341
411
1521
2929
3588
79
3469
1012
2308
319
2086
3328
3297
2390
3957
2202
3143
3094
1596
1765
2445
1670
3180
3951
2346
2801
476
3198
3907
2706
67
3410
535
3746
1635
4018
2856
2922
3782
1039
1287
1836
1019
1669
1499
1170
2005
3621
1267
144
1355
1254
3560
1116
827
944
3783
2528
110
930
3284
1986
1716
3519
2109
2399
2179
1350
120
2568
3852
207
948
2830
1219
874
1674
3121
2645
3645
2616
1779
1363
2488
352
681
3673
388
2836
1239
1803
2752
1462
17
3791
143
1218
3098
3271
2537
902
60
792
2825
812
3462
3731
1030
1937
2131
2081
2778
1443
2285
1526
1693
2650
1214
3202
2541
3365
3146
2762
2196
1911
210
1612
663
903
3565
2728
2967
1914
576
1859
45
84
2098
3030
1833
2924
614
31
3893
1381
3176
3662
1547
8
3310
2203
1876
3116
2637
245
3017
1106
4062
3396
3636
282
2476
3299
1317
2364
3024
2805
437
3927
3838
3656
2304
2969
1908
2781
3256
2368
2223
538
2187
3423
2089
2157
1708
3421
3379
3795
605
899
703
3644
4038
1697
1677
1437
1027
470
2829
3150
1662
3942
3321
983
350
1016
2236
1022
673
925
2299
3691
2457
2898
48
1140
3930
506
3845
3213
3233
298
3252
3456
3281
578
1216
213
3733
1611
2963
2360
2154
3889
1058
1261
265
3426
409
3073
994
3626
2565
1035
3606
857
3064
963
193
817
1976
1720
1398
469
2059
1517
1263
3214
284
404
3278
2263
473
1583
3743
3868
2132
1362
2139
1993
1177
3929
2479
412
2210
1960
574
1822
1422
1339
223
41
1982
1095
1406
1902
2870
2198
2647
2257
2339
1537
1805
1221
3943
2848
2875
1361
1858
2458
2609
3221
323
2400
3282
2006
3262
2849
3847
729
2371
2125
1373
2702
389
3577
1311
1696
479
2448
984
1672
1207
2133
824
77
1759
1658
1169
912
1346
1036
718
3955
1268
3477
2241
1065
2853
650
2169
3622
603
2591
2212
1232
331
3857
2708
1839
3745
1452
1653
3728
641
103
1867
2542
724
1626
2515
3434
355
3994
2956
2726
1989
1967
335
1236
2789
3962
2272
1467
3973
2469
2820
3346
2996
1748
3149
3802
1921
1404
2516
1841
2779
191
2349
1704
1639
54
3058
2796
2720
3012
237
4029
2353
514
1504
1616
1741
2652
3422
2529
40
1926
1607
2112
3120
1472
2432
781
3225
774
632
2949
1144
1643
2889
828
1435
678
540
5
2681
3261
2140
2579
1923
1304
2852
13
1277
146
4116
1736
1393
2605
2497
3249
395
106
3394
391
425
330
1979
3381
4066
2435
3627
1545
955
3530
3547
3713
430
1606
1341
1298
2105
691
1331
3677
3144
3911
560
1962
1054
1046
3999
1196
2378
2737
1288
2851
1457
1678
3022
3338
2525
1871
1257
152
596
2687
1074
3684
1941
2872
3322
1634
2710
2602
931
3169
1854
1199
184
1300
601
3722
2195
186
3023
2539
3352
1101
3330
2130
630
4008
2117
278
1312
1940
2288
3658
2015
908
2424
3836
2774
798
852
137
2793
2197
699
3388
2775
645
1068
477
108
3092
3145
621
1309
2004
757
2372
3871
2145
928
1200
2215
3032
1915
2960
2309
1094
2703
1129
3671
2854
2182
203
3979
3906
734
2571
2118
4011
1087
3141
3832
1712
3083
2704
1590
436
2120
921
2780
155
863
1043
2760
2150
2734
4027
3883
3118
2262
2904
564
2468
3950
1599
2886
3430
4003
338
2258
1906
3850
556
785
94
299
1256
3204
2359
3015
3843
833
1730
1675
3438
1464
1334
705
2767
1565
1419
2845
2273
573
2973
2041
3209
3165
3210
3428
1761
3753
3293
3646
1086
3643
1166
346
2813
2099
1556
3291
2075
261
3082
2238
3498
2911
919
396
2270
2841
1646
4108
1396
3342
595
2336
2505
1025
1807
1540
177
2386
15
2232
2446
1743
1920
2423
3586
2078
3358
2239
1802
3548
1910
1882
1388
3721
1150
1383
3710
2038
1602
1314
1700
707
3129
688
3510
2527
38
3449
4106
773
809
2748
1430
3473
3931
2261
208
101
3069
1143
2209
1270
990
1881
2934
1615
4043
2869
881
3613
3582
4041
3576
1735
3961
3801
75
829
2657
384
3954
2884
268
847
976
2008
2982
34
2669
3492
3418
204
953
2279
3366
638
3552
1204
1558
3398
794
879
700
2443
1227
1210
3201
2153
1251
2768
3208
2646
3427
2450
2367
1938
3132
1919
2188
1082
403
3475
2814
1410
2233
3523
3442
310
238
751
2524
2012
465
637
1051
2923
1564
1188
2102
1152
2707
141
3407
2064
161
164
2860
3077
1259
1338
3001
119
1206
1621
2701
1102
1497
3525
262
1020
3283
2654
2095
2066
2321
408
3601
418
3406
2913
1365
1994
95
2700
3635
1279
3480
3106
2319
1776
1325
1778
3107
3818
1832
1148
2000
3637
3194
3781
1680
552
1201
2909
4021
1342
639
1689
593
2975
496
3354
2433
3111
33
531
3339
1123
1959
3335
3685
2688
2464
503
135
56
2352
3628
279
2855
738
3392
2413
1167
1957
1258
2998
3773
1869
1842
410
3917
1767
711
1614
3811
3172
567
2165
271
1483
796
2576
3100
3754
2859
3912
1969
3481
3886
1817
2932
3913
2716
2595
2084
1120
1935
1660
2624
130
2199
3784
2751
1707
4004
1849
1496
83
2735
374
1433
316
371
2219
2817
2746
74
1024
216
3918
2589
1080
2731
3043
853
539
2459
1931
2601
2240
1951
1663
907
3702
52
3142
441
523
3173
3177
1045
960
2596
2428
1182
4015
2431
951
3319
58
3309
2648
2662
2656
2606
3167
936
2009
2641
1173
2603
1856
3300
1099
655
3053
1770
945
2472
3597
273
4098
3659
96
2887
1897
1482
1754
192
901
3453
3675
2587
3574
157
2538
2177
3600
2422
421
1418
3004
4052
3385
848
631
1023
1958
2668
2214
1059
3326
1372
375
3767
423
2380
98
570
1845
3566
1231
3021
2429
3215
1136
3792
475
875
72
2002
2671
3724
2135
772
3036
2867
4002
3581
3680
629
2151
3188
3786
3084
668
313
286
62
2048
3380
2885
682
2554
728
2496
2376
1402
2866
439
868
163
1333
2971
3579
483
211
1524
3501
2091
1764
2492
1965
561
2926
778
1456
1357
80
3887
2493
797
1114
2631
1531
808
1285
1745
1286
2249
3402
872
3232
991
3286
188
2034
2861
2439
413
2332
2252
2035
1213
1928
1530
2415
2088
307
1939
387
1800
2826
2614
2163
3970
1631
916
3414
1737
243
1830
3219
1783
3812
492
2557
3005
2907
3239
1033
2570
3915
1808
896
2840
3332
2306
2256
4056
1006
1053
1266
3986
3070
175
2146
3618
3110
2498
3897
3891
1426
1846
235
158
1699
270
3405
3694
1186
70
461
823
1384
2679
1718
1642
3382
3461
51
3206
456
1271
985
1118
3443
1111
599
4046
1608
2268
3732
942
2582
940
2046
2032
627
3359
280
136
3648
1109
1044
4040
2103
3810
1650
3639
2705
1192
4026
2420
767
1005
450
1013
1137
3631
1954
4053
3698
3936
800
575
3489
722
2244
3285
87
3039
1089
2147
1912
3178
464
1320
3506
321
2964
3817
347
2267
3486
36
3018
1480
4009
14
3841
2531
3255
2684
580
3902
1691
1562
1609
873
3708
784
2547
3251
3231
2577
1973
3730
2228
1007
2449
1889
3152
701
91
2495
3629
1878
1780
1535
3772
1487
1155
1324
3298
128
3228
1874
1792
1907
2561
592
2992
3075
2375
3503
3280
2437
3270
373
3814
3124
4051
2621
1598
3829
382
1050
1980
2874
1088
1278
2119
2342
2204
1742
2401
3679
3183
138
32
1971
353
3682
3217
2615
2739
1541
123
2174
3975
3320
677
308
654
3484
1098
989
914
3009
309
2634
1579
3873
1158
2314
680
2434
1883
1978
3825
3779
3822
356
3105
1751
1067
619
233
1987
2247
300
1345
1255
2338
3855
3683
2350
1252
3998
1604
3827
1762
69
2592
1548
3856
3345
1561
304
3758
3296
4055
402
2412
401
351
741
2076
1884
1637
2906
616
1749
820
1326
2404
563
3065
2506
2846
3514
3603
2691
4030
2827
488
3984
3186
3835
3417
2293
670
1060
2113
183
3034
3482
765
3472
2092
3796
2633
1918
1374
2070
2915
2050
2115
2283
2892
1709
1636
2584
3695
3976
652
133
2791
2001
3609
1131
1440
2630
2245
1825
3799
554
3536
949
447
1190
643
1081
562
1885
1966
1768
2519
1763
1478
2608
3096
3620
620
2356
3664
1999
1624
2675
100
3112
3616
1032
4034
1597
988
1448
3079
311
537
2644
1387
3610
1501
468
2803
2416
198
3446
1226
295
2194
1755
1238
996
1896
1149
2533
