2455
1106
1185
503
1262
1003
2080
3837
4127
1020
4033
3892
4078
2443
4424
731
1680
3116
1141
2341
2451
833
2744
3734
1699
1420
1925
1720
1194
3095
4044
2662
3110
107
4059
576
983
2575
13
1694
2777
1096
3660
457
1990
608
98
3953
651
2826
10
886
3806
3201
2612
1482
3304
257
1828
355
1651
3713
146
1835
4288
4279
2316
3939
362
3821
2005
693
1327
3470
3017
1404
2586
1009
843
500
761
3695
942
1229
3969
1271
4194
169
1670
3955
3672
1748
535
2108
3850
514
2283
3482
2348
3317
971
3021
3187
3248
4428
2625
661
3292
1216
1737
3805
3364
2332
4435
3305
4492
3406
3839
2524
2659
3786
1727
1739
3820
980
1247
2444
1590
2665
2609
2811
902
1481
3001
1675
2437
999
2212
1951
4215
2089
753
950
844
1551
1277
187
3791
4118
4321
359
4091
2276
3060
1034
190
3779
4110
536
430
4090
1153
4048
777
4095
369
2537
268
2855
3732
1324
4366
1991
807
2918
388
2489
1385
424
2434
3299
380
1451
1066
4004
2462
827
706
2690
3424
524
358
3787
3137
4259
2854
908
2513
1417
3847
2306
234
4080
2467
3529
1926
3230
3135
3873
2946
4047
2156
2631
4149
2607
264
1176
2413
3318
1098
2026
2582
219
4488
3995
4417
3288
3009
3399
1693
1793
307
435
3903
862
1018
2488
2718
320
3618
3763
1535
3369
4180
3797
52
445
993
4023
2571
2876
3376
3962
1459
2961
3840
121
1520
1294
878
4277
2820
51
2480
3523
2844
625
302
2949
1147
1843
3050
2041
1128
3537
1214
3058
3897
3244
1744
1192
3813
1683
3758
433
242
4501
4142
3320
1049
2308
3445
3278
2512
1874
2272
3370
4143
3697
758
3432
262
2782
2322
968
4129
476
3083
4372
4453
1138
1473
2344
4413
618
2730
120
2416
4432
2708
2574
1602
103
3580
4509
215
183
3394
859
1525
2621
43
1543
124
1938
2920
3948
3759
657
2441
1012
1695
4308
3978
3815
1434
3489
2106
1290
1682
3000
612
557
1517
3014
446
3458
858
1774
812
3662
1557
3739
3119
3353
962
881
1037
226
425
3878
182
3980
3309
1942
3151
604
2354
3115
3899
2105
394
2887
1449
1150
2345
631
208
3510
157
3858
419
3477
2153
2082
4465
1027
3289
611
3703
466
3310
270
4015
4355
1711
1163
1563
4422
112
2538
1918
4499
1970
3639
1640
1013
3557
3728
2063
2296
743
3548
3865
1041
4431
1207
3970
5
247
511
3175
2594
1595
2497
3602
1861
1182
868
1077
238
3838
3351
871
947
3420
1601
1468
1227
2957
1838
3105
1111
4412
1721
2256
1223
1946
3098
4172
2474
4406
2231
2159
818
3199
681
2864
891
2182
2671
3236
3819
3371
4296
2875
504
3719
493
2841
1458
2679
2773
3686
3171
2593
2181
3559
4173
873
200
1453
473
3731
2703
1109
2501
3674
4176
4213
35
1436
1779
3051
2122
2637
580
1546
2974
972
791
4444
2380
3545
3658
4079
2361
3630
3048
2194
349
704
1738
784
2899
2825
1709
2752
2366
3799
4224
941
1716
2815
3264
296
1297
1221
4325
757
875
346
3973
1625
448
3915
2860
1053
162
1659
1784
300
4495
1157
798
2644
1171
677
1460
329
374
2227
2895
967
2776
116
1002
3012
3015
3544
4393
571
740
1136
641
3379
3279
2789
1639
2740
175
1085
1121
1653
1060
797
3447
4032
4384
1334
2683
4460
2493
1698
4252
3782
4100
2715
1311
4353
2994
2977
1662
3725
2698
423
429
4158
1346
2813
804
598
3464
4407
3018
2233
1559
1243
819
1920
921
1491
1527
4324
4236
407
507
3859
3743
2381
4065
4299
2213
2849
3194
915
3409
2469
2639
1061
4097
3323
4029
1871
2987
4196
939
1483
1728
3185
4206
479
4378
4086
2422
1561
373
4329
256
4016
3467
597
4030
4169
492
1316
1867
1079
2624
3793
3733
3622
2774
1831
1613
2821
1028
854
481
4442
3377
397
3153
2738
4121
527
2223
1593
542
2608
3061
474
4227
3176
2239
305
1022
294
3966
1238
3918
2096
1076
4061
1104
1896
2741
2904
1929
4204
4274
2020
218
3462
4368
4025
2543
3250
258
3636
2427
1464
1663
1045
447
4477
2812
3174
4128
1531
918
4330
2463
4188
1621
2450
977
1852
688
3928
1127
4346
2317
295
3619
3077
1679
4375
3503
834
949
520
3550
3608
1712
2916
2939
3804
3776
509
3766
3518
1419
1083
28
3591
2747
1899
2853
936
1124
3843
1249
2230
4449
3923
1331
3742
22
1295
3517
354
3178
1379
1123
4165
3055
92
245
2056
2546
1936
2337
3777
1358
985
1081
3030
3961
1203
662
2125
2850
1836
803
867
3196
906
3502
1165
404
1310
1145
249
3440
1734
4381
660
1954
3249
699
1274
1504
459
2260
3496
3898
3284
1178
1827
3875
974
292
1326
991
1703
3577
2255
2764
3527
1217
3206
410
82
2023
954
1859
3234
3211
4132
2647
752
290
2172
2781
3999
587
1430
3093
3963
1768
1715
2937
1391
357
491
2906
1894
1328
464
2476
3768
531
4246
1813
4008
3400
1502
3221
3940
1883
2748
656
935
1798
3223
2249
3657
3493
3812
3337
274
4388
3871
3228
3307
3614
2328
2109
1795
623
201
1287
978
453
3845
2600
26
513
3418
1233
1964
1348
1668
309
3407
723
1222
2832
1762
3968
176
4468
2770
679
4510
414
2828
132
3498
3764
2653
303
1930
4255
2118
3723
521
4069
697
1872
2618
1789
9
4152
241
3654
3596
1939
3347
3784
3434
3883
3024
2581
4314
877
3824
271
857
4184
3167
2093
2835
4241
2840
2358
976
3076
3809
1691
1800
1191
2197
4126
836
3276
1114
3823
2766
2076
2439
1166
2252
237
1884
3287
2554
2401
4502
2241
748
2508
1661
3720
1381
792
221
1736
4426
1862
1931
1575
2705
2674
2684
2496
2996
3034
1
2929
2428
590
3240
2726
2882
4256
2636
439
141
3913
922
4162
1570
3210
1726
230
3929
1008
1858
2800
3615
3673
599
2079
317
1108
4403
800
1707
3752
216
4312
1073
1446
1743
118
882
2691
2865
194
586
2635
1834
356
2509
2979
3563
3130
79
3943
3204
3694
595
3613
512
3941
3035
2932
2795
2976
2411
635
1704
1993
690
3355
1368
2330
583
560
596
3938
1461
2024
488
601
682
1579
2259
3950
2680
2767
4445
2387
138
1628
2965
29
1620
3861
1775
530
1439
403
4067
3186
4370
3433
68
3709
805
1423
483
3737
1205
152
2837
907
279
969
2936
3460
1633
645
14
1215
2477
4261
65
2910
4018
4306
3748
3925
1963
389
3107
3402
2448
3964
763
4504
1742
2200
1363
1070
4304
3090
905
1500
4282
3451
3390
4476
653
2134
220
2290
2052
3888
2891
1443
3641
143
2628
191
3044
3663
2111
2526
869
3987
2786
2202
2464
254
1264
2365
3478
4154
3260
622
1982
3625
2762
2952
3778
1069
2879
823
2339
455
903
3259
2121
2810
3491
1338
3949
2151
644
62
1505
4076
932
1810
3003
4055
3435
1944
484
3807
3730
3745
2980
1558
1372
2928
3572
160
4425
2053
4482
3200
4363
2038
4006
3692
469
3382
2385
883
497
3957
3585
3483
3988
4448
3952
814
884
4131
450
1086
2634
1416
311
4
3252
405
837
3073
2363
452
3486
1892
3002
4418
4021
3855
3325
1071
3612
2058
173
420
444
2668
1927
2642
4323
81
328
3156
73
3989
2861
2187
1968
1497
3792
1515
3450
1190
506
1245
610
3068
591
1809
584
1056
3579
2989
122
1740
2188
1409
57
2383
1038
299
3474
3670
1598
1299
3380
110
3344
1514
2591
1405
289
686
1788
155
1431
4178
1869
4071
342
4315
1754
1959
2534
1636
3893
2755
1989
1746
2214
2885
722
3851
71
924
786
3629
3862
3830
1220
1445
2847
1370
3426
1187
1313
3699
945
229
3904
2236
893
3457
1300
3028
2758
2601
4217
2862
1357
1615
2759
2504
2110
2318
4186
1129
2225
4105
773
33
663
3389
2258
1457
2797
2471
4190
2739
4331
1830
4106
1074
1115
2933
4300
3560
2015
1156
87
3802
1932
2799
2769
3312
2098
4298
3616
1770
2210
1456
37
3184
59
4276
1717
4347
2901
606
4472
3052
3429
366
1526
337
1474
767
1364
1242
1309
3146
3189
3597
4478
4390
4211
1696
1478
39
2286
1516
564
1257
2460
1186
1822
2941
2877
876
1987
1603
3431
78
4253
310
3505
3108
3661
2320
2801
659
711
4318
1940
2968
648
55
1571
3574
667
1371
2874
567
235
996
3531
477
808
3598
2170
2006
2309
3747
4155
754
1448
4248
4297
412
795
1307
3224
3203
958
129
4235
8
920
1913
2763
3879
2578
3908
2649
2319
2768
1256
2971
4409
3711
2353
1731
2511
1996
4219
3592
3648
4382
3466
4354
1790
909
278
3472
2914
4327
4192
2148
2893
1164
2981
3384
3387
2066
3822
585
2788
3651
1325
69
1377
350
2921
624
2027
1616
1794
543
134
3842
2139
2028
594
4316
1877
738
851
2136
3880
255
393
1146
2142
3452
127
3067
2869
3854
2742
995
2552
828
2756
4010
1374
2925
523
3241
1791
4112
2734
3459
4171
3263
1398
431
2238
1426
838
1545
3833
1011
4199
1432
937
1480
3727
1588
1107
1902
3166
288
2176
3753
4283
4107
3339
2224
3158
1583
2993
4210
3689
794
4136
1266
2754
321
3415
2299
2569
534
3603
547
1767
926
3293
4386
3177
2261
2673
2888
561
2507
637
3490
1360
1753
2814
3195
3385
2298
2086
2143
3140
4284
20
717
3479
1723
2945
1231
3243
3438
2232
3042
2064
2515
1577
573
1091
4489
2013
4423
1303
2294
3642
3589
619
2219
4214
1488
398
94
1219
2677
4317
2445
2648
4362
3519
4508
3439
2198
4411
2340
4268
3043
2595
2753
2947
3331
3717
1110
3285
3411
2453
1747
2226
1177
96
1656
2791
3751
217
2579
1383
1265
2433
2716
1382
308
395
2158
3664
816
701
4342
2019
3181
3750
1024
1301
1957
2516
2851
351
3951
3976
3946
248
1235
1350
3133
1657
3238
1437
1741
3735
3499
2834
3215
1155
1201
3546
90
1879
64
505
4220
2001
2863
3057
3818
2576
4451
2938
632
2022
1714
1541
1841
2733
1975
3404
378
2809
1967
3308
4161
3118
989
3553
2656
2487
2713
2535
3801
2021
766
2060
3430
252
3363
1678
1189
2168
654
2338
3413
2284
1962
1175
1470
2388
3680
3163
7
4122
1246
2549
726
1151
195
4359
2180
1928
3169
620
4034
1224
114
3901
1211
1494
3296
3219
4038
4385
1282
1344
852
2228
3857
1705
2184
1204
3667
603
4392
518
2266
17
2095
1866
4286
889
3882
2870
209
1259
2565
2794
2548
3368
2931
1042
3138
1017
1674
3349
2706
1337
80
3679
3556
2943
3092
2343
2650
3994
2165
4002
4150
3905
2499
3365
3834
1095
3741
3456
1829
4301
1029
3227
1865
714
135
3567
3744
3393
1355
592
1014
860
2816
3340
1580
1624
1671
432
3501
436
498
1652
454
2790
2104
2907
1498
1402
2506
1782
2619
4223
2178
3655
3506
718
2335
1629
2889
467
2423
4216
849
3977
4497
164
1584
267
1586
1375
4205
1686
3162
1864
1641
617
2204
66
4280
4166
839
2892
2371
3010
982
3392
1035
4232
126
4320
3604
372
1116
2379
2829
2808
4109
1302
3549
3059
1291
2978
1953
544
4396
2293
2420
1667
495
4225
636
3524
3803
1356
2660
4035
1048
2169
3097
3225
3190
4491
402
1521
1875
588
1572
1722
3942
97
1771
2414
1846
2442
1666
3611
3985
1850
2544
2271
2012
4027
809
1206
1983
566
1605
3419
1184
4156
713
2135
4456
1898
801
3610
779
1751
2145
4264
3810
720
2988
2655
1811
2483
4141
49
1623
287
4057
3113
638
3921
2128
3947
133
189
2824
327
788
2722
1244
2440
709
515
2479
672
841
3578
2067
1735
4494
3354
4273
2540
3762
3311
4040
2787
689
923
955
600
3886
4414
4093
782
1254
2285
213
2944
3275
3120
1438
284
1760
4462
4441
3037
332
1832
1062
144
938
4367
640
1979
3188
1078
2331
2465
4369
353
4098
2045
95
3127
2998
1729
3294
2275
3788
3053
4339
822
2466
2166
322
3345
2162
2857
705
3808
2218
277
1006
1553
725
1250
1004
2751
3326
222
3841
3919
1373
2517
3152
3302
1284
2623
3874
1234
1401
2208
3607
2597
772
4062
151
3362
1475
964
4159
3004
3147
3562
2964
652
61
4461
1487
3508
1314
139
3828
4001
3690
910
1369
3998
4278
3926
2221
2126
261
4338
2301
1540
2468
626
3396
887
2177
1293
449
2806
1812
2278
2393
1945
1820
2555
1278
555
1528
2923
1424
2926
3575
2589
408
2640
1567
3756
2155
1054
4063
2264
1941
1519
3594
2398
3914
19
3916
2287
1642
770
940
2890
2663
912
2735
361
101
2048
1509
2447
360
4041
3209
2951
755
1785
38
2667
1241
1630
3640
1286
2389
1412
1969
3352
2100
1322
3599
4399
2209
879
4083
1209
4500
3637
2818
3590
1769
2055
301
4147
4374
199
2848
1635
2040
2475
1051
1839
1199
2235
1200
2081
480
4187
4060
1609
2059
259
1260
742
1202
2541
2189
3164
12
650
1394
1039
2743
2010
802
2955
1542
1943
3775
2268
565
4203
2397
236
1312
532
486
698
128
11
1761
2502
2712
1484
2186
148
1569
821
3992
2430
376
1068
4307
131
1897
2101
428
3126
1349
3197
1465
125
2503
485
1411
4336
4398
56
986
3558
4262
462
2367
1210
925
1403
3143
1554
1977
1908
2775
4088
1909
3056
1660
1950
4490
605
2417
1801
3207
3677
4371
3831
1547
4191
3075
4045
2314
2830
2390
3322
4376
1650
2313
1342
214
2532
959
943
4349
3944
3676
1697
3982
1568
1428
4473
1764
1733
3423
163
3583
1597
546
3816
2253
2982
1978
2346
4452
2292
3251
1067
2481
4257
3520
4469
694
2533
579
4117
2356
3280
3328
1208
1627
1336
2243
240
2796
1413
3117
2606
574
2757
1452
2144
2034
1240
765
2094
3273
2054
3268
4309
1396
824
4153
3504
1980
2350
553
1052
1805
3712
115
212
853
4454
1389
3258
1267
1815
2486
1807
1197
4305
2456
3930
1007
2646
3372
3551
4429
2409
4051
3984
4087
3084
3488
150
3321
2685
3029
2661
3701
3920
716
3330
961
2966
634
2088
1986
2436
1622
250
736
3403
3401
2242
4175
990
4474
2880
1997
3541
3894
1665
4364
3099
1047
1973
1410
2201
4450
3233
3272
1228
895
3866
741
1168
825
2702
1479
4484
3586
386
3485
2886
3852
3796
167
2562
1174
3448
2940
695
607
3381
1335
2065
781
1113
282
2295
2641
1195
664
1046
3710
3020
4332
1905
2736
1152
4233
3046
4116
1318
2894
27
172
3094
2351
4039
1648
2216
4185
2935
1842
1614
642
1139
3157
1956
3267
379
4292
1922
1196
4014
4240
3588
1308
4436
3774
2917
83
31
2459
2934
3103
3202
3927
3038
3016
1844
1904
1044
3161
747
614
4031
3708
3335
1719
4207
2672
2033
3937
170
2438
4421
1159
946
1889
4197
2457
762
1367
675
1833
3313
4119
63
1090
23
4352
1440
522
3154
2807
1272
211
4181
3600
3634
2183
2527
3902
4052
898
1854
4438
3333
1276
3668
3461
890
1599
1015
4249
1702
1574
2277
2149
3900
1023
246
533
411
2484
3216
494
3217
2905
188
3652
4389
2326
627
744
4416
2084
963
3972
1167
4430
3255
1341
2793
3064
3375
2424
3465
3965
4458
2043
4145
2131
1000
4350
2972
2141
40
2724
1130
796
2531
416
2334
2967
2710
3473
581
806
1589
865
4443
2018
2614
244
3633
1888
4137
712
3835
3277
285
251
948
2723
2969
1611
2585
3700
2312
106
470
1384
3128
3891
3469
1708
3428
2195
2956
3525
1393
1566
3521
2072
1530
3870
975
4281
1319
3683
233
1135
2355
2120
1387
4405
1306
1510
384
1425
2771
1033
1573
1539
2163
3853
2564
1508
4387
2364
2304
1522
239
3096
3881
3145
3595
2251
916
2374
3213
3011
2300
1750
77
4480
1094
186
3040
4201
733
2421
3082
3033
3071
2075
2372
3421
113
2700
3896
1058
2676
3936
671
3635
2107
1606
44
2009
298
18
4228
2071
1084
1101
913
1281
3623
4434
930
3131
4222
569
3122
4133
4229
1581
1555
1863
4498
745
2626
3593
830
1550
1352
2395
3836
3100
3476
367
3088
2222
1524
1441
1330
1718
1518
1131
3678
442
1339
406
3993
1511
1857
265
1466
1226
3214
4234
1050
1075
1664
2297
437
2092
2686
3971
1097
3959
142
1105
1676
528
3298
2622
4485
2657
3746
727
1947
2000
3872
4056
737
4102
2884
2725
2174
3507
1759
2720
0
2701
2528
269
559
468
1556
434
2598
3704
1772
2942
3261
4208
3877
1169
3074
1562
2798
2681
1462
1594
3235
2986
2247
2997
4483
2560
202
3306
793
4108
4344
3155
4457
785
4053
2687
185
1585
3246
109
917
1934
4272
2359
1992
4179
3691
93
2903
34
1523
392
3945
2783
4439
1501
2717
3173
1873
829
2694
2615
1646
1506
4009
3729
4455
684
1654
2102
2990
3027
973
4072
1626
1408
46
1537
2498
568
3909
205
3705
3332
2047
2553
3934
1100
336
1948
2954
2325
2206
3008
1730
4394
2321
4285
74
41
119
2037
894
914
3314
1617
3257
1347
927
463
273
1885
198
4183
3512
2280
3342
4328
1706
3573
2833
203
1043
1677
382
2973
2630
253
3665
3386
1270
3148
3716
15
778
4357
4054
2369
2778
1345
3341
4020
2652
3232
3019
2336
1232
4144
3495
2962
2171
3262
475
3528
2898
4271
3416
334
2896
1454
3343
4340
904
4011
2983
815
60
2400
1455
3274
1692
3301
3026
678
4361
1285
2412
3863
2245
4447
2415
2267
2310
3338
2695
3887
1406
4099
281
3007
2360
2190
1148
4101
2435
3101
888
145
1340
1610
1503
1891
4293
2137
2658
4028
510
1181
4177
4487
2522
4189
487
2792
2927
3360
562
4319
4479
3767
3378
1851
3687
1161
2250
2539
1901
2370
2590
100
3102
2670
3123
1564
4341
575
2492
3911
422
4082
184
1755
721
1477
3170
3755
456
3327
1133
364
1966
832
1725
2234
193
3049
630
3773
1534
2042
3165
2605
1261
2693
2368
1390
1298
3111
30
3757
499
2418
2959
2405
2682
1955
826
3319
4026
4012
1422
16
2432
2557
345
1492
1512
344
1088
3129
325
2692
4471
1036
649
4345
2897
2262
3790
314
2911
1442
2051
2315
3281
4408
409
67
36
1463
1158
2248
3565
2664
2919
1292
4134
3931
2902
3552
3571
1001
3036
2645
3795
3582
4135
789
383
3932
1030
3427
1847
1149
1376
2376
4343
2342
1499
3480
417
1881
702
1236
3222
1724
1317
4333
3085
3271
756
4334
3765
2323
2069
1797
2505
687
3876
4365
1399
2970
352
3286
324
4466
4391
3291
820
3422
4160
348
4269
2199
3023
2784
3417
4287
3522
2282
2123
1005
1273
1188
4420
2130
4237
2039
1359
892
2697
32
2760
108
180
1860
2729
1853
3436
1689
2817
3283
3885
3091
4017
4024
2263
1251
2819
2831
1193
2521
4250
861
2845
1212
4168
197
4310
2270
831
1806
123
2859
1565
1125
1773
3039
1080
3844
24
3794
1031
75
2425
3149
2803
3054
1365
3800
1354
3069
4481
1766
2542
102
730
2822
2551
438
2229
3761
2179
3443
669
1269
3581
2129
3696
1433
1758
2567
4446
1304
2377
1814
3681
2872
3601
6
629
1826
2030
2402
490
3481
3121
1923
293
3868
2461
4260
3561
377
1343
2426
4373
1162
4289
2077
548
4243
2948
1059
1903
1786
365
3922
3179
2610
3726
4043
54
4503
4007
4050
621
4037
1765
558
1122
3125
3045
3254
616
2494
870
3065
4077
552
2823
545
2572
3769
2378
3198
2611
306
3410
4486
2113
2629
319
2357
537
4356
3587
1486
2478
4415
2912
2995
3324
847
21
161
2719
1469
2257
1787
89
3653
3405
3453
1450
1845
4221
1876
4123
2827
3269
2510
465
1803
3511
88
3242
1180
984
1792
2070
1275
1493
2804
655
3906
2473
4058
2868
3996
3358
3954
2254
4148
2396
4212
266
3455
680
4475
2185
628
2915
3956
4247
1817
2711
2836
3671
339
866
1063
2761
1467
111
1552
318
2633
2699
1132
177
1183
2584
1849
316
526
1592
3564
4005
192
1560
769
2602
2992
3540
3620
1910
3783
3397
3437
3266
1637
2150
2279
4146
3329
181
1142
2117
2458
3218
2288
3832
3290
771
338
4085
326
563
643
1756
3867
1476
3860
1906
2843
2073
1415
2958
4459
3144
2596
1173
3468
1591
931
1366
2518
2211
3990
970
99
728
2587
2324
715
3825
1305
3846
460
2620
4064
441
1263
2530
1321
1533
4295
1082
1688
3632
517
3041
4113
780
735
4380
4042
2203
2191
1444
2302
2099
3395
2406
3890
2561
458
1495
2588
1496
2215
1102
381
4275
2772
3336
2547
2394
863
998
3366
3538
1783
1893
3698
3334
2858
413
1329
739
4322
966
864
4139
848
4075
415
676
4167
2950
2087
4195
85
1915
550
577
