1126
2375
1591
2888
821
864
727
1900
505
4076
2103
1733
4372
2507
3669
733
16
1271
144
2737
1560
3347
2881
257
1248
3801
1174
3959
2011
4241
2329
2108
919
1244
4213
3708
680
1283
1213
889
3785
3029
1516
470
251
448
4081
1348
533
3742
3046
1073
102
1575
2390
3191
3149
3936
2462
4203
607
4227
1976
10
489
1189
1660
1051
97
240
764
3891
2495
2547
383
3807
2977
2432
1557
4368
110
1387
4209
3096
4340
868
428
4506
1928
3943
3064
2951
153
2475
4162
1314
1001
2967
3594
1025
1043
4053
1286
943
1845
3827
3914
224
2834
936
2348
2865
135
1199
2421
1412
3946
3948
1966
1306
2782
2392
4108
1535
661
1742
2696
716
2607
32
190
4298
2417
1791
553
2261
1622
1748
1751
2683
2157
2367
3700
1702
4228
3736
3911
3381
99
2935
1096
1652
1364
667
2476
884
1609
4149
1504
3741
934
2111
2709
4155
3595
1002
2779
508
3532
3990
4409
3679
838
2959
2658
4246
2098
3026
3548
2942
545
2847
2583
3715
2668
2189
2912
4336
4057
2313
475
4245
1974
4309
938
3546
1889
1376
2306
2562
2267
2352
4285
4192
1978
1084
68
317
2940
26
1363
1053
1562
994
1621
1815
4425
2535
3183
2371
3797
4217
2082
616
2873
3237
3832
1075
4411
3964
3091
2741
689
4247
2298
1072
586
860
148
3306
270
39
1584
4406
3633
322
4164
397
2254
171
3766
3748
123
2174
3261
1005
844
2201
735
2773
3786
3047
3063
2496
3218
1930
1841
1712
204
2331
2344
1921
2362
886
4163
3028
2109
3233
1338
1573
4106
2771
1290
1541
1994
3654
1833
537
3296
1507
4132
2521
109
2546
1862
4445
2636
1087
4067
4297
3526
4389
4480
1106
2761
932
2728
3045
3032
762
1936
2472
1033
95
45
1456
4395
4147
879
2155
3077
104
1582
2731
3118
1546
2139
1405
915
493
1381
1987
3945
4166
4198
3813
1130
1390
1985
803
467
942
802
1335
1094
2492
4377
4078
4157
1979
1598
1826
4118
3986
2276
3019
3844
436
3904
4177
1579
4261
613
2614
34
1411
2287
2104
2205
401
1021
2882
2280
310
396
4362
1892
2101
4009
3690
2429
1969
2374
2007
4296
3269
2304
2494
1997
609
2529
4290
50
191
2850
4204
1672
3932
103
2925
1550
2173
330
782
2151
3622
4082
182
4274
2958
1431
1492
2168
2069
2262
2149
736
4360
1026
247
4042
1659
4317
1975
2187
4087
3252
2762
1745
2815
955
779
63
4289
468
4435
2072
2060
1101
3349
4190
167
69
202
643
3672
3081
3985
2460
562
3991
2653
2270
4452
230
3314
215
2030
3356
4029
2162
2256
1920
2444
920
1953
2946
4036
1069
1062
1991
931
2797
524
594
4113
2113
305
3923
1709
2874
725
2577
1662
2070
1083
703
336
1879
2351
4052
152
2317
73
2579
2090
480
2957
420
1611
298
2589
3343
2703
2698
3085
1452
1293
1483
3618
2275
2603
4170
113
4496
2065
341
70
2735
2076
385
3934
1295
683
3957
4210
3995
1485
3530
1138
2095
837
4072
872
2346
1394
2221
1934
357
962
1734
867
2651
4150
3826
3430
2186
41
2141
4237
1040
2022
3803
1028
3671
874
4488
3870
2302
1082
2281
142
784
197
632
1081
2666
2833
1214
4013
4451
865
2754
367
2199
3070
1578
4369
206
2232
812
1297
1245
2557
2192
1057
652
3776
546
2919
3847
2791
568
3825
1185
1776
1447
3854
61
2463
4196
2840
212
1746
386
4003
2376
3962
2037
4486
1524
4489
699
2602
1403
187
4413
3996
1589
2523
4095
1770
2708
1943
2649
346
3975
3925
2197
2680
1220
1422
3880
2610
145
2292
1593
473
2936
3808
794
3928
2770
329
1219
2112
3066
761
4141
4423
163
1092
350
3674
2034
3072
4476
4499
1744
2836
861
3718
2227
155
3760
4443
1396
799
4357
3865
4300
1052
3961
1291
71
1576
4232
89
4146
2765
4431
4428
4291
2148
1458
777
3211
2826
601
687
1236
126
64
893
128
3256
2597
916
290
2863
48
1572
579
359
1519
3812
2487
3260
2775
3055
2238
1267
27
1508
2337
2719
194
1766
1693
498
4507
3619
4412
1059
4382
2395
3680
1523
1608
645
3893
2673
1430
1358
1655
3379
3966
3894
2411
4424
542
4453
2687
541
1177
913
1602
4450
3262
4365
1730
4093
1832
4167
4107
695
3608
2720
1906
795
2581
4073
3859
3897
2938
1212
1946
2723
973
321
1349
1488
2089
2021
2714
1778
3916
1109
1127
2586
3000
3554
3772
499
1513
2133
2456
4115
4189
1804
2891
4105
236
4138
1571
676
2146
2875
597
2028
2202
3882
3559
408
2766
3017
2734
4160
2524
349
402
734
2161
3585
2433
4287
1344
993
2057
3687
2176
318
648
1808
2567
485
264
439
337
1891
4383
1307
198
447
77
3845
1143
1417
1111
4410
3083
4417
2486
1100
3795
732
1301
1215
3136
2551
4117
1315
432
950
2830
1959
283
1758
2700
767
3941
2563
515
827
3977
1761
2451
2739
1167
4356
3565
2386
3012
2900
3376
1639
1711
1440
1757
3010
101
4483
3763
2368
2652
4201
1810
608
673
1326
2871
655
3319
1472
1554
275
1202
4307
1347
1901
677
2441
1596
2442
1729
1518
4218
4463
1442
978
79
4354
3956
4191
3537
1279
1117
1228
2618
1041
552
175
259
3535
4311
2142
1649
2449
262
2799
1496
391
2040
2482
1717
3673
1951
78
4231
395
1435
816
365
4508
2772
536
986
2662
226
3835
426
4119
1783
4459
999
3987
442
900
20
316
2498
2933
3837
981
763
4079
2236
2868
2481
2464
2493
3373
4252
2245
892
205
3878
983
2778
3263
4084
3059
2893
2315
4323
2403
353
4325
721
3900
584
4114
4384
650
248
4470
3822
1123
2827
4466
2835
2171
3035
4129
1437
1107
2074
2685
4392
1195
2570
1260
797
2167
2024
3721
3917
209
3353
4301
3612
1318
266
2961
2590
1166
2353
1528
2932
2706
2042
4050
160
2193
3942
1720
1091
4214
1690
669
2154
1620
3586
2241
1705
1941
1481
455
2053
4178
1302
2246
124
1569
1067
4184
705
712
2628
3153
2342
883
1939
4075
1509
4380
1685
1384
2594
1119
1753
2953
2160
60
450
1642
2725
2689
21
1325
588
1732
3836
268
4015
548
1056
133
4151
3039
421
744
1049
2682
309
2093
431
2964
1450
2634
1242
458
2379
720
4125
210
2277
1453
4225
464
4187
2742
1374
2620
2402
1637
1154
2297
1673
2485
2009
2143
3764
1604
2543
3043
880
80
1708
2726
3774
1371
269
4131
3771
4306
4338
904
6
3024
2213
2646
1039
4399
2777
2510
4011
976
644
2715
4288
252
183
2125
642
389
2248
2056
492
984
656
3978
3011
1247
2124
848
2848
2110
2965
850
18
3575
765
2491
2249
4152
828
2338
2312
701
2829
987
83
2274
1872
805
1495
1768
4394
1474
2817
2466
2509
2686
242
1835
217
2183
1163
1165
2520
2004
207
1842
574
3974
1009
1311
628
4249
3872
1750
1351
1821
57
2499
2931
2512
2525
4497
780
1169
4255
1449
3331
2330
216
967
1902
2457
2258
4266
2129
662
166
4318
3057
1191
2265
4461
2506
59
4344
4422
1224
2080
407
3006
1544
3818
2203
1221
42
3255
1788
2764
2427
3587
980
3714
2968
2749
3749
1781
1029
2314
1183
1227
1469
1499
446
1543
2974
3268
2436
4438
14
769
709
1223
2814
3304
1444
2733
826
1588
92
4063
2705
4133
2724
1343
1944
3686
3569
1909
2062
2426
2789
746
2788
1397
1903
1531
2508
4127
2377
4064
434
3300
2419
3754
1065
1721
3247
2549
4449
2995
3782
2097
969
2822
2217
3871
3981
2184
2604
692
4120
2695
2650
2713
285
870
1661
988
591
2500
4473
2945
3713
2412
2079
3086
1060
3889
223
2574
1281
750
3036
2195
1755
500
614
2218
539
1760
590
1816
4366
3950
390
2445
3866
4027
2989
4071
4447
1782
1958
1956
910
926
4002
1839
991
4233
3970
3151
630
1176
1336
1253
1893
188
1559
4284
4230
2010
1016
4074
3614
2083
674
2707
2558
286
3651
573
3727
1632
3722
4025
954
1627
486
1699
3021
1549
4041
1878
2556
3874
1552
649
1590
719
229
711
4254
1922
4286
2987
2802
535
2229
781
1269
441
4165
1972
2564
1727
1480
3213
2990
2384
801
612
1854
4061
1706
3014
2215
3534
4148
287
2885
1050
1631
417
491
3088
2144
1131
4359
4374
1339
366
4322
3958
2016
2336
1830
4010
2593
241
3292
770
4001
3681
1414
4194
1066
2516
1636
516
3787
4339
592
4280
154
914
3668
1681
2693
331
758
4139
1353
970
2654
2358
3994
3567
804
4403
82
1080
1186
714
3769
2852
2059
1035
2837
990
1907
4123
296
2
1667
1687
2398
2380
1913
2216
629
2448
414
1970
4156
3660
3881
3089
1298
2969
81
1392
4346
1201
3790
1870
1427
2730
1919
1475
3960
1643
2066
44
2745
1683
1216
2490
925
52
757
3739
952
4260
2694
964
1967
1313
2396
3752
2253
107
1765
4385
375
161
3157
1619
754
2294
2474
1567
3761
225
2621
1208
2135
2880
3208
1015
2998
759
847
25
823
2015
1716
3918
1406
3685
1443
2780
454
1769
2450
3276
856
1949
1250
2813
3653
3887
2282
2038
1429
3374
120
3606
4495
1268
1404
2612
3806
1153
1968
2370
1564
2895
462
1658
3821
2908
2354
361
2014
2164
84
2677
627
2225
2864
179
929
1644
1851
4183
2691
2447
1254
4034
1799
4069
3765
2061
2325
3258
2334
599
4436
1695
3071
1689
136
1774
2439
831
1497
325
413
857
4124
1128
1105
1929
4092
1798
1369
3849
3556
3862
3999
308
1873
4310
360
4460
3658
2355
1514
3082
3963
234
2808
1359
2756
1299
511
1806
1629
58
817
1441
4251
1141
43
2473
2153
547
1986
528
3988
2118
4043
1354
551
558
2423
570
2751
3544
2505
1274
1180
9
3756
876
91
1965
2533
3839
3792
1206
617
461
3297
2013
2637
4281
4276
1018
2453
162
1252
684
4208
1614
646
3025
2722
747
2661
2794
917
1400
3929
3375
4415
4193
4484
4168
3777
1814
1828
3784
427
620
1601
164
1654
2605
1022
843
178
1361
1270
2915
219
1739
618
2642
534
1284
4056
3361
2982
3834
1580
3856
3997
238
3062
4419
2566
2889
1780
2373
1194
2811
1502
852
694
1653
2077
398
1871
4270
1671
1317
896
1426
2207
1377
1423
3093
2058
927
4458
4314
4263
724
3015
4100
2454
1955
4319
3551
2527
1275
4381
1613
2150
284
354
2820
2303
4240
1772
4083
1071
911
2710
1759
835
2012
2290
1341
3697
2414
3767
3648
1425
137
1137
4444
1647
940
1024
159
2575
2132
2226
355
2561
116
1641
1129
1097
4055
4234
2502
4065
2538
2003
233
497
2592
4137
953
3712
115
203
4077
2595
1151
807
281
897
718
1144
3148
4393
1116
1789
2599
3531
2934
2748
4327
405
3711
38
4388
3800
2699
633
406
3589
663
3788
2552
2240
2327
2648
364
949
1840
100
1963
1837
948
312
1850
3557
2198
4268
2063
201
741
1012
332
4299
199
1884
2793
3983
4257
140
1398
3799
713
4302
707
3740
634
2099
2631
2862
2541
1694
1581
424
4321
3147
2545
374
1054
273
3330
2738
622
2031
3913
4376
1418
728
2785
4014
3004
1457
3906
3656
1294
1158
543
4134
4264
1992
666
3952
4330
933
3596
2316
3574
1373
33
466
4153
192
4303
3067
4341
1205
4278
4262
3830
2000
2929
895
2145
830
1866
1218
2956
2239
2230
311
2409
119
2962
1070
1190
1803
947
3003
690
2624
4018
173
4500
1019
4492
1013
3054
74
965
2644
3022
1638
1357
4038
208
885
2718
1360
2324
1310
3009
4433
3065
4446
3930
2996
1887
3696
255
1140
4439
1898
2322
871
1120
3770
3811
1378
1063
789
328
1164
3875
2478
659
3052
2805
2339
1305
665
235
2138
3675
46
2554
2923
4493
639
3156
3541
1811
4335
1433
521
1263
2328
1617
3949
3683
2757
1235
538
2223
3253
858
2759
1145
1947
422
1193
745
1121
979
2979
2736
4386
1232
3972
3860
440
222
2357
869
982
598
323
1391
2107
2656
1666
1003
2623
1980
2343
4448
4259
2023
13
2200
2318
2181
532
681
4293
1827
1607
1342
3693
963
506
2867
460
2147
2170
611
520
1345
1648
1238
672
4174
2469
1785
3926
4
1234
4331
3753
1888
445
4039
3354
2054
660
1173
582
239
4112
621
118
3762
1477
1099
2949
3087
1981
1615
2870
3154
2408
2413
1461
2477
3069
1237
2259
1399
1243
2918
2963
657
2798
959
2517
2600
3850
2484
372
1790
2784
2437
1356
3020
274
2100
2823
3212
189
1419
3667
685
342
3078
731
595
1843
147
2385
1713
4504
1436
4054
891
314
2955
1894
2401
3316
3846
602
2126
8
2341
1954
348
2140
4219
4358
1583
3884
1439
302
3969
1999
1726
1259
4457
2397
4345
3053
501
2555
2809
294
2196
1230
560
2504
157
566
2242
565
3944
3815
67
4154
4175
2747
4143
481
2578
2758
2212
4363
1651
2611
1586
382
2928
5
3861
2116
2669
888
3677
2043
1320
245
3935
2008
3345
1300
4059
3206
2029
2269
4109
307
2291
1088
1977
1691
1525
1592
1157
853
2071
1910
901
4207
3804
2960
2550
603
271
4181
3058
75
1824
2576
2971
2920
2559
605
1563
1574
2255
3852
1640
902
3342
3910
4378
4279
2137
697
513
1784
1861
2422
4094
295
2825
1319
935
809
3901
98
2894
1090
3809
1134
3746
3723
93
293
2286
2356
523
2220
2746
2051
1240
3927
2513
141
3920
2389
410
282
1055
4171
3853
2465
4089
3109
3924
1133
922
1322
2688
866
4421
1656
3007
200
3620
4271
2536
1935
1095
3249
117
4467
4235
4440
2671
2279
1795
465
3639
2122
3967
1812
514
40
4391
529
4021
2514
1931
2127
3885
4110
129
1014
1952
2283
1904
1825
4220
510
2911
2640
3757
37
1675
4267
1960
3954
2851
2260
438
488
3993
2518
3775
2752
503
2674
4294
882
2301
170
1594
640
1738
4195
1192
2020
4236
1800
641
1280
2084
1630
4361
1707
1527
4216
2019
2332
793
998
1777
143
3905
1076
1156
3248
3939
2810
1424
452
786
1883
2812
2068
878
2266
631
1366
327
2309
2219
2769
1737
2854
3632
596
272
2806
1068
877
2948
1530
4048
1388
418
186
1217
4250
1239
3953
3159
2617
1996
4475
4243
3779
1964
519
430
4326
3805
2596
2369
1633
1501
1793
495
1874
1498
3778
752
297
873
2884
2542
4211
1262
1779
105
606
2532
17
4173
1265
1118
2655
2712
261
751
846
2922
2117
2755
1454
211
1692
3883
2188
4080
2027
1446
4180
749
4465
260
4000
1048
1961
451
4199
2052
518
1382
423
4490
324
2984
1724
3501
3843
2950
1383
362
4349
1346
1340
4215
887
2434
1756
4329
474
4396
3879
304
149
2663
87
412
2886
702
168
555
1288
593
2675
2571
3592
2992
300
1112
1510
1031
4397
4355
2803
1771
4144
4032
291
1676
4244
1802
2660
4441
2244
2616
1938
557
4024
2580
4135
2821
108
1352
2119
1998
1933
227
2278
4116
2560
2018
2659
2224
1697
3079
2310
185
4408
527
4292
1008
3759
2930
3992
3909
399
3652
1102
1809
4405
4179
2366
457
2776
3068
773
4498
2382
1079
2431
1389
2828
1775
2909
2319
2391
1612
3
333
1046
578
2416
392
4477
798
213
1198
2670
836
1261
1330
2630
4375
1558
1686
2601
453
1606
626
88
2866
1551
2235
2572
930
1628
1834
2233
1289
476
921
1113
4277
2271
3873
4272
625
72
3593
4145
387
2952
2363
4023
2613
1669
356
3933
818
169
459
1466
1678
1468
483
1004
3831
4040
923
1925
3798
411
2335
2937
1410
1865
1251
4202
4008
3616
2892
1380
3796
2251
4176
1971
2152
1203
1532
3018
47
1948
3688
1108
941
1490
840
966
2399
2026
3915
637
3694
2587
370
2910
24
2194
1061
4028
4186
2606
3814
2537
4104
2106
1407
1225
2045
2568
686
2975
4158
4161
1911
3023
3886
3747
404
1852
3745
3199
4275
2178
3716
1142
2997
2869
228
1521
3302
2307
2340
2102
3851
1610
1355
3219
4320
2300
1988
775
1086
615
279
1125
378
1914
4509
2406
2858
1432
2094
4088
530
335
2120
3182
1350
1868
700
619
4229
4400
419
975
4485
53
2400
2222
1600
479
3158
393
4464
1853
1020
4185
76
22
3823
4159
1278
1331
2690
3951
502
2697
2790
2839
2781
3670
3074
1296
1984
800
2978
3892
2388
90
51
2428
790
723
2540
3710
2526
760
3221
4462
531
564
425
4295
4128
2359
977
1718
2064
1831
776
1104
3538
729
1736
2786
2365
875
363
833
2017
1277
1196
668
2672
193
4012
715
2515
1995
1515
358
180
1266
1950
585
4501
1538
4126
3665
576
218
1710
4016
2999
1634
2333
3128
2927
4020
2311
433
906
4416
3838
2288
829
2801
841
1132
2632
4086
2191
2665
1796
1624
2573
36
1512
3034
1599
3705
3321
3186
944
960
753
1327
2838
2727
4429
106
494
1332
4224
956
1877
2598
303
2981
2744
2914
4283
490
945
1626
738
3207
1467
2299
3662
1663
706
905
3858
2897
2001
2692
961
1017
1448
3947
792
2163
1249
1500
343
3931
1402
221
3552
1465
256
2763
1722
1434
1886
2005
2156
4418
1786
55
696
1731
1027
3783
806
2086
121
131
1860
1536
3898
334
1520
339
3339
2750
130
4407
267
2615
1258
2044
2096
2860
2211
1421
698
1917
1246
3220
4426
971
4430
1682
4398
2134
3793
909
1876
704
1880
2452
1473
3768
2435
134
2489
1844
4046
3588
4442
1415
4379
1032
3896
1152
2067
2425
2796
4037
3042
288
3863
2006
4062
525
1668
3921
2361
2993
755
435
839
3013
352
1379
1719
2878
1093
2664
2501
469
2002
2228
1110
1635
2531
2743
550
2774
2645
1792
4031
1664
2121
2635
1179
150
845
369
7
3076
1042
2372
1688
237
4222
2684
2088
2503
1168
2584
4197
4427
2807
289
2872
2364
1807
2177
924
2994
2407
4049
4091
1698
0
1570
1282
722
371
1618
1670
556
737
624
3001
939
1752
2418
444
379
2816
2988
3868
265
3090
4058
2519
1470
1517
3968
2792
1927
4098
3216
1159
815
1328
1819
2916
125
814
4256
1820
4019
679
1273
277
708
1367
1272
1409
2114
3051
2455
825
2458
1047
2285
4130
996
4312
4142
2393
881
3271
1146
19
1547
554
4188
319
3061
482
1665
384
567
112
4017
1058
3857
3890
2470
3378
2966
587
4351
3810
1989
600
1735
2522
1890
2569
1545
2824
114
2350
2046
3346
1037
783
3789
2263
3869
4505
1211
766
181
1875
1362
691
377
1197
1932
1464
4253
1030
1182
4390
158
373
3820
4481
487
2906
11
3919
1625
400
1982
276
1413
2678
1181
4308
678
4328
2588
232
1838
2185
509
4420
4456
4265
2204
2264
989
2175
1973
2548
569
2879
35
3038
4101
928
2272
3698
2131
2896
3536
1846
30
2939
894
1007
957
2190
1149
748
2667
94
4200
2832
381
1529
3080
810
651
1522
2039
1679
1210
813
4434
2405
2846
2169
3998
3678
1494
3617
4353
1160
2424
1511
1161
176
195
1200
3773
4367
4005
1459
2902
2753
4313
2721
647
3254
146
2048
1334
3250
1740
824
1023
1229
3030
2619
1077
1304
2459
2887
4478
2268
997
3864
772
2480
604
62
403
653
1309
811
4047
2985
1645
2917
3758
196
1000
3876
2711
583
1064
1990
863
31
1918
4223
66
4242
4491
1703
1155
4030
774
4469
4487
3645
2182
3719
1895
2210
4238
3298
740
1595
214
1395
3655
1915
730
1548
172
1420
2394
517
907
1942
472
2049
1674
1226
306
1
3627
1864
1287
1036
572
1587
4111
54
2591
2308
2608
3691
2657
3646
3040
4273
1856
4066
4503
258
4468
581
2842
1487
2323
974
855
2208
504
2768
3965
2081
4172
2479
2783
2941
1257
2903
1924
3817
1122
1537
1822
1556
1034
575
4315
1555
2284
671
2629
3016
992
2206
4494
2818
682
3657
1370
2123
1957
2257
3791
2609
1763
29
1847
1603
49
338
1124
1881
2877
946
1321
1233
778
1478
2905
2250
4136
522
1505
1264
1078
1170
3751
3682
4342
2415
2289
1476
1178
4334
3989
4352
2853
1486
2295
1292
139
2033
3144
2767
1650
3828
4121
1526
2349
1482
2622
3982
86
1714
1303
2073
4347
3008
796
1817
1460
4401
2926
2115
1725
951
280
4060
1677
688
3755
1762
177
254
4482
820
3855
1438
2091
2381
344
4103
443
3902
3816
3848
2986
4502
1597
1491
1749
1728
2305
4099
3692
2234
1038
1701
1207
832
1818
416
231
2944
1329
3955
2158
2047
785
561
4026
1534
2647
4239
540
1462
2320
244
2105
693
2136
380
1696
3630
1098
2092
2468
456
4070
2582
1566
1858
1855
1375
1605
