171
3951
2375
3158
2935
3156
2373
4491
4159
324
1702
2197
4138
1845
2657
3312
314
290
4437
277
4371
1338
165
2806
1242
2372
2486
920
2331
3243
2268
11
4198
1288
2379
3988
3292
876
1453
1241
1916
2534
3961
2157
308
1376
4456
3960
2644
4299
3342
1434
42
1324
1964
1726
970
3631
4303
3390
2159
2648
1984
1775
2924
2937
2008
4186
3394
4168
2568
3203
4294
3890
3315
2898
351
2552
3192
3171
2955
3130
2770
3418
2031
3549
882
1221
2800
2739
3679
1644
2993
2783
289
3677
3135
3357
1333
1455
2456
285
1197
4312
1471
2016
4337
207
192
2922
3756
3560
2409
3622
3594
4347
1755
3830
2356
3764
83
3935
2337
940
4398
272
2320
2329
3421
1236
2893
2997
921
4241
3153
1904
3656
3714
3465
3705
1637
2214
3796
2981
1887
1954
2328
6
1144
1449
3783
2440
3568
2591
1312
1782
2944
2120
2771
3694
1098
1538
2098
3580
3953
4253
2557
2497
3923
2478
3698
399
2735
2716
3839
918
2039
2442
3277
4005
4127
3864
1528
2011
3672
4475
4220
2679
1492
3380
3151
1645
2750
4380
3053
4346
1422
4243
2917
50
3061
1344
2285
850
2481
3955
1822
2824
3368
1133
409
1301
2163
1634
1339
1205
2158
1083
3873
1119
2362
4160
2005
4406
2584
3113
1861
1159
3094
3478
2583
3724
1732
3385
1576
2141
47
1445
558
2030
122
4162
2680
4323
4091
286
1866
2233
9
1877
232
4087
1901
1790
1857
2189
2504
3305
2001
3913
1870
1691
303
3857
3123
4216
1477
1603
3143
2896
1573
4389
2804
1524
3766
2085
834
805
239
2547
1653
64
2908
1885
2349
931
2043
4305
1462
1485
3643
4351
4339
3630
2374
2190
2333
390
2296
3173
100
213
2581
2919
4301
860
3002
3901
1572
4262
343
2413
1648
3347
1162
2229
3897
4164
3232
4400
95
552
1274
1791
4319
2698
3259
4501
2108
1853
4117
4093
2662
1667
4012
121
4065
2125
1701
1835
2742
1793
3616
220
2854
3987
3721
3624
4073
2817
4032
1358
2914
184
2536
1833
1212
4090
106
1812
2432
3220
4200
2036
4230
1989
3902
1469
1597
2238
311
4459
4461
2386
3910
3917
1665
1669
4057
2129
3504
1139
299
2702
62
2091
3434
1103
2145
4161
188
3097
2553
3596
4385
3574
1967
2932
3786
1760
3178
3696
3403
2306
4321
3742
3309
4238
3043
1387
293
3102
1110
3730
1489
1517
2149
2449
2600
2795
883
3351
2368
1443
3711
1323
2041
3503
2465
1370
4417
2230
77
3531
4367
1514
2389
3644
1542
3587
1899
3438
2959
3609
1163
1731
2336
10
113
1306
2737
4363
3168
4047
2845
1430
2967
2260
3980
281
2780
145
3015
1296
155
97
190
2168
2445
2363
3161
2865
3382
183
4378
1486
310
2343
2327
3763
4345
3930
2571
3209
4428
2858
3963
3365
4110
2232
2237
2105
2242
1584
4252
1405
3052
2560
1714
1252
1867
2675
268
3004
2741
255
4222
1879
2257
2656
3772
1829
258
1415
4133
3848
3082
4478
3896
3539
3826
1424
2348
4088
2423
4001
2700
3725
89
3190
3598
223
2880
2567
2235
3922
3374
4360
3238
1100
929
3251
1494
4272
1626
3116
3110
3206
3172
355
3542
2526
178
2588
3118
3339
3031
3867
248
4256
971
4116
3077
1478
4003
2381
1206
927
3853
3859
3517
2033
4382
545
346
1753
2820
2816
2774
3996
2688
2538
3239
78
1959
4139
2853
2766
2647
2286
3975
1516
4392
4078
3648
3046
1152
1609
2466
295
3695
993
2999
313
4261
4349
4173
3911
4284
1482
1309
1733
32
914
3182
1651
1079
3946
1313
2153
3629
3440
1219
575
2577
3614
3872
3899
3019
385
16
1903
3350
2354
3417
4309
3300
2071
3146
2025
1004
1398
2460
4359
4020
3429
3010
2194
3626
2980
4202
1307
2683
1639
2805
2949
2897
1807
4455
4007
2838
1804
2353
2495
2369
2649
3501
2772
40
4289
986
2651
1577
3932
2982
3849
2147
858
2699
2523
3619
2776
365
244
338
3142
2463
1642
2142
2517
3484
1278
2929
3879
3981
4480
2013
438
1509
2261
3676
4254
3537
1022
1557
2358
2870
1799
2724
2895
3994
1116
1795
4101
2088
212
3851
1595
3186
2792
2066
1679
3555
2610
3006
3585
1319
2406
3155
2256
3528
1200
4467
2002
2563
156
3363
1192
1419
2215
302
3336
3084
1396
996
849
1927
1703
2109
3056
1023
2448
2829
3452
1641
1349
1262
3487
957
3575
256
2220
3400
1655
2307
2545
1069
1123
2630
3670
411
1993
2637
1951
3063
1500
1684
3692
2419
3144
3425
1155
3229
3470
2193
2842
1624
3003
4343
1199
4070
2733
3446
3717
2226
1026
1776
4470
1513
2833
1854
2996
2697
845
3167
3520
925
230
3069
2206
1255
364
3972
4120
3798
3602
1423
3576
1944
2152
91
3870
166
398
958
2928
1965
1498
344
4471
222
1283
1871
2068
3424
3554
4099
1037
2887
3620
866
2904
974
4332
2708
2943
1549
3661
1506
3448
2726
1113
1215
3599
3114
2614
2527
3529
1858
1302
3989
4488
2146
3138
2521
52
1014
3506
339
2310
2692
4288
1778
3050
1786
2385
4304
2970
315
1240
4509
2608
3416
2580
4067
2099
325
3076
955
1926
179
3185
417
1617
4108
321
2886
4089
1654
4021
1021
1129
1007
3191
3889
4327
1766
4373
2191
1578
3866
2488
1032
1137
2874
579
3476
3891
243
4469
4274
3573
253
905
2323
4408
1693
4404
982
4447
1375
2045
2434
3541
2754
1191
541
1809
2611
3565
2555
1
3322
3636
2533
2828
17
3285
3671
3362
2873
2732
4180
2180
3865
375
412
4191
4129
1640
3030
2765
1851
2773
386
2086
53
2957
3293
4064
1431
1608
1325
3844
4431
1216
4430
3445
880
3337
2597
2744
3212
1125
548
3272
4476
2316
3789
1382
2655
1611
66
395
3841
4123
1228
3475
257
2694
4498
1048
2934
1930
3378
1224
3332
1862
3462
161
1089
218
1610
4179
1615
4496
2524
3039
3518
331
2849
3354
2251
3276
3281
1585
3384
1267
2117
1158
1759
3488
2269
2054
4107
159
3333
4000
1277
2542
3372
3422
4354
3057
1348
1182
1090
1837
3254
2823
1767
96
396
3120
3381
1112
199
4255
1111
1389
1683
960
3571
1106
4250
3700
2300
328
3001
875
4335
2506
2096
444
942
4063
4084
1924
1974
4006
4121
4055
3986
1184
4409
4183
2667
354
4092
4270
3327
3393
2918
2711
4145
3048
3687
1291
4279
1403
3751
1093
4383
1619
873
157
4149
2498
4113
4038
1270
2222
3458
947
3308
3356
2171
2291
484
3177
86
3083
4427
1949
3481
2047
2721
1025
4333
1532
4296
3225
1839
237
276
2272
209
3667
2615
3668
1342
1771
3979
2367
3090
283
374
0
3562
2760
1591
2843
1395
4439
3814
305
503
1815
142
2061
1894
1439
924
4399
1977
2422
4166
3781
3020
1447
4510
3287
2341
408
1016
1604
1902
2743
3044
1541
3100
3495
2040
31
3888
245
3419
128
3566
3459
3463
1280
2338
2768
158
1446
3237
4024
3367
1798
1488
1889
186
3040
13
219
2631
977
3227
1140
1586
928
3221
1008
2641
3491
2707
2759
3584
910
2559
3828
4330
1519
2685
1998
2727
3915
1244
915
1844
1891
1063
2988
3579
4314
1320
380
2425
2516
1523
2305
2740
2546
1758
1600
3079
2586
2209
2282
3862
45
3511
969
2169
103
2710
1593
2691
4033
3268
1728
3811
1193
3505
3589
2052
4344
1115
4119
2074
387
1720
111
2889
4234
376
2729
278
1318
3284
3567
1459
2628
3329
2298
3530
3741
3060
181
3536
4245
3248
2530
1012
999
1933
4342
38
944
3713
959
200
2000
3441
2196
4440
2676
4082
3734
2057
3442
1606
1394
3759
125
229
4368
2021
119
2622
1906
2245
2469
129
3451
4302
2522
527
1336
1682
3340
3822
1044
36
2603
2110
991
1401
2400
284
4126
4318
4056
2053
3785
3035
18
2548
3655
2807
3527
250
846
3196
4096
4194
3065
49
3722
392
2871
3058
4050
1797
4174
2599
3032
2430
1181
109
3461
2311
3925
2515
4068
4411
1166
2492
3426
3469
3311
3632
2412
2992
85
3412
20
1265
348
3013
2049
2271
1131
2590
294
1392
1780
1674
1120
4114
1754
1598
84
2267
2279
3331
3201
4155
2654
4353
4053
3642
3779
2408
3399
1722
3078
3731
102
1164
3493
2786
3748
511
2933
3026
267
1054
2671
933
851
978
193
3757
1914
2417
2177
2798
2593
3551
108
1082
4022
4424
2975
2199
1213
3914
1367
861
3863
4271
3871
382
1390
167
2476
3115
1685
1725
2810
352
3321
4444
1660
201
2111
3022
362
948
3754
3877
4132
3323
164
4083
8
3036
1936
1217
1955
3246
1915
2755
3299
3983
3883
1117
1721
1303
4176
3843
2709
2722
3207
2866
1315
3274
2398
2402
3516
1744
3650
234
3072
4249
2415
1503
1991
954
2926
2745
2791
1763
37
4151
2026
2979
107
1596
1121
2658
906
1410
4044
2138
3508
1678
4374
4015
3352
187
4221
3029
2084
1690
323
1565
2869
2554
3236
3432
3073
2565
4193
25
2682
1616
3652
2452
4331
1537
1385
116
3719
3485
2629
3615
3523
3868
3777
2757
1245
841
3344
1264
4362
1179
4352
1420
3569
2607
3733
3545
3468
1034
1207
3211
2383
2749
4051
3749
1875
4308
1928
2359
249
1038
4147
3823
4434
2093
2250
2126
263
4379
985
1540
99
3753
1543
1511
1092
2156
4144
995
4386
2985
3858
2936
134
2549
2793
2130
3984
2915
2060
4242
4465
3166
1631
1607
4017
4075
2621
3934
1706
2314
4066
1465
1943
3782
4421
3049
14
41
1134
1650
1491
2302
2355
3132
1643
3266
2906
301
2393
1880
137
3774
2537
3666
4030
2411
2923
1189
1724
2131
4224
1314
2178
3971
23
3338
4395
2474
1081
1411
981
2673
1929
1814
4257
3244
3638
92
1716
520
1675
3995
953
3540
3353
118
1072
4178
2689
1040
3269
3941
2046
3486
4320
2312
4111
1539
3836
2078
63
4170
1231
275
2663
2509
1953
1490
1834
1843
1505
3213
15
2207
2475
1173
900
2532
3313
3261
2405
1873
1346
3059
1108
2473
1819
1335
3070
172
4037
3184
1864
1913
4027
371
3909
3628
2483
3071
1454
74
1668
1229
4452
3089
1847
3307
1480
1176
124
2255
903
3275
990
2867
1661
242
3413
383
4280
3689
169
3477
1729
3732
2345
2987
2319
1190
1497
1849
4150
3108
2339
1922
3195
194
1717
4035
1605
2376
2295
2081
2885
1534
3998
3771
1253
3578
3617
4325
2569
1530
2812
104
2491
2451
2634
867
1985
2938
1787
4148
1978
1475
2433
2390
1311
2315
1019
2921
2089
1535
1020
1931
911
2677
22
2640
2278
1522
2510
2639
2032
1317
837
2966
4441
4505
3194
1567
251
4079
3706
3944
1583
3524
2909
2450
1884
2076
2862
4172
3366
4177
1247
496
2891
2444
1990
1818
2585
55
1836
4197
2912
1472
1227
3663
4388
1011
1033
4334
976
3437
1545
4106
4182
2124
3693
4210
3775
2901
1452
3840
2958
2876
3133
3279
3564
4370
3373
4094
3920
3982
266
2227
1331
4448
1094
3834
3712
1436
967
3738
3249
1750
2094
2592
1970
526
2900
4171
1427
4317
2262
1852
2072
1594
4247
3349
224
4357
1293
2632
3737
2346
2069
3025
2309
2609
2458
4338
1570
3510
3376
2748
3978
2672
82
2070
2573
4432
2470
3967
2289
4244
2963
1762
1441
1769
4016
3088
2127
1429
2984
3028
3723
3439
447
2911
2192
1966
236
4211
2056
2462
2063
1369
3197
1730
363
1351
1552
4158
1220
379
3392
3231
1741
2123
1794
1686
1234
4028
3595
4490
4060
2789
1187
2797
3893
1180
4260
3101
2185
2073
3075
961
2650
4414
4310
949
2960
3634
1657
3800
923
2666
556
4328
141
3952
968
4237
1574
3512
1203
3288
3645
3223
4397
2730
3011
394
1652
1680
2939
3224
1900
2202
3270
972
1294
4072
397
2864
3810
2535
1487
4122
2684
3646
2761
4466
2645
264
2940
3884
1391
4217
3283
963
1412
2794
2404
2244
1805
2956
3665
2576
2067
70
221
1433
3218
1246
3037
176
3597
2903
1406
1673
3401
1402
1463
3199
3533
3688
4212
418
3965
3095
3447
3919
2018
909
1777
2186
2916
1677
979
3780
1300
1077
4036
1151
4136
3709
1905
2384
2747
1001
2421
2706
329
1341
3607
3894
2144
4365
3122
3635
1983
2894
2258
3009
2638
2907
1561
136
2636
4426
3678
1564
133
1409
1796
360
443
1407
2143
1479
54
389
2562
4188
2859
1987
1961
1692
1248
1909
3610
4322
3104
4125
3813
2520
1550
1076
1765
3918
3064
2734
1658
3047
1740
3892
2715
3324
3937
342
4462
2827
1659
1361
2892
1688
1830
2200
2441
1426
4062
938
3295
1330
3408
214
1003
1366
4157
340
2961
2619
81
4292
2095
1747
4298
1135
3085
1258
3479
4008
2454
154
1232
3389
1919
1713
3908
335
2883
1071
1321
3181
1712
926
1363
4324
153
1428
2219
4446
3404
1813
3669
226
1749
217
27
3127
173
930
1963
4479
2490
3969
410
1458
2313
3625
445
4297
196
4316
1937
4196
61
1745
2834
1276
3081
246
2075
3945
3991
1027
3154
2941
3931
333
4076
3008
269
33
2762
205
3217
1272
3947
1364
1243
1566
1892
28
235
4506
1202
2512
2431
381
1310
1521
2212
3829
170
3735
2170
2968
2062
1761
1770
337
1251
2785
2973
2023
3535
1921
1910
1501
1322
4415
1109
3027
2731
3117
3651
4014
2606
2175
384
88
3169
254
497
3490
407
3964
2719
4042
2428
3674
3068
3758
3255
3406
3449
3547
3869
4273
1284
261
3210
1002
4185
3140
1632
2781
1556
211
1995
3850
4356
228
3286
2195
2505
1878
2172
3827
4287
4454
2335
300
1719
519
1388
894
3386
2487
4413
4085
1343
1958
4307
1874
3905
332
4219
1999
3819
4266
1474
3334
2602
4086
2723
2082
3588
1345
1670
2799
4499
2009
3328
4190
3234
1145
2352
1551
1149
2410
2029
2844
1078
3012
4169
3164
3513
4248
2489
1831
1013
98
240
3055
3453
2701
57
3747
1161
4275
2751
406
2950
3621
2361
1751
1371
4231
2347
3949
73
2976
320
2038
35
4438
1800
2990
3553
1496
4412
2964
3903
3797
2388
1157
2659
2308
3007
400
3605
1286
1973
3489
1218
2414
2265
2224
185
3842
1399
1826
3200
3507
168
307
3450
1204
2665
1547
2015
1355
1186
2718
359
2439
1068
3361
1698
1526
3583
3405
1546
2365
4429
3769
174
994
3613
1031
1629
3685
1735
3534
2738
1968
3812
1464
4485
3924
2273
1881
3673
1065
3163
2322
3296
175
4394
304
372
2983
1254
163
4240
3306
3509
4061
2342
2814
2587
1185
3159
3708
393
2511
225
4041
4223
416
1982
2625
3297
273
1802
4495
3107
3856
3570
3018
3500
1260
907
1738
2438
4482
3992
2753
3128
3014
1704
4390
2364
3728
3017
3968
2668
3878
1024
4081
1699
4264
2007
296
1374
204
1268
4403
1980
2494
4165
1105
2758
3000
2616
4059
4484
2453
4199
2653
1334
2006
936
3320
231
1261
1271
143
2396
2978
2991
2236
2927
4023
4507
874
3954
1305
899
306
3310
4457
2832
1153
3702
1601
4095
2572
2277
4225
4391
2728
2541
1681
2705
3993
2612
1257
3346
2846
1099
2902
1042
2566
2101
1972
3921
4102
2669
43
67
2994
4477
1373
4276
2264
3
2951
291
3303
3716
4420
3795
3847
4135
1377
2687
3793
3791
1340
2184
3684
3216
260
369
3778
1709
1175
2182
2164
1533
1994
3641
210
3799
4489
87
370
1988
1697
3820
1711
3180
1520
2503
4405
1047
4004
3818
79
1666
1504
2198
3109
4293
1421
4154
2899
368
4460
3124
2397
4285
1672
3718
3253
3633
2176
3745
2204
2357
1196
2714
2502
2620
3250
2283
1039
1907
913
2064
3121
1715
216
1579
4142
1811
2925
3262
1898
3074
2252
2635
233
4233
3926
334
3660
1352
3815
1917
4043
3755
46
1908
1225
2017
312
3933
4422
3990
1273
1456
4207
2181
147
2326
1350
1064
3768
3938
2802
4453
1440
952
415
4443
3776
3395
2499
2151
4213
1256
1622
1602
3371
3066
1746
4396
2297
1238
1935
1287
1237
3970
3916
2998
2579
1633
2613
2965
4416
195
4153
1883
1558
1195
1863
1764
2472
2150
2048
2247
1432
1687
2113
3466
3415
4195
241
2596
1282
4232
2837
1183
1266
3604
90
2167
349
3538
1493
3145
2782
3557
2678
3809
4340
3304
1718
1923
2457
1920
1568
1737
964
4336
2259
2813
2122
3606
2166
1846
3125
2136
3198
3591
2890
2725
2083
4450
3592
1450
879
423
3360
3558
3454
3414
1696
2137
322
3096
3041
4239
3681
208
966
4013
5
1757
110
2246
1630
1979
4436
1627
148
4204
1752
4100
2154
4500
2350
3521
279
3821
3087
1460
3111
3502
3136
1372
1865
2221
3294
3098
3959
1734
2010
3817
2686
2077
1209
3093
4206
1049
3927
4167
162
1774
2205
2225
1055
2952
1855
1960
160
2953
2618
3727
2139
3805
1298
177
120
3703
1061
2377
4313
3383
3653
3582
1484
3572
4258
1124
377
1337
1940
60
1211
3407
3396
2617
366
197
2461
3423
1997
2019
4031
1009
3958
3375
3881
2704
872
3456
2112
3627
3999
1934
4445
4115
1708
1357
388
3647
3682
2513
3208
3460
2884
1975
2888
2340
935
1171
413
3242
265
3577
1569
215
3514
1328
3854
4140
4504
3649
1824
4098
3943
140
3316
2879
2394
1739
4152
3581
2501
3762
3835
432
1710
3801
2416
51
326
2819
3228
4282
4058
1563
1393
2788
2407
3804
3443
1969
901
114
48
3183
3726
2317
3494
1362
127
4141
298
2528
2550
2860
2977
2674
2825
3808
3214
3790
4227
3807
4358
1599
206
2303
131
1226
3472
12
56
3282
1107
1208
2243
1417
1859
2947
2847
836
2974
3907
2808
280
1801
1662
4306
946
1700
3637
4364
1986
2878
2574
1647
4295
2218
1136
3369
238
2989
941
4410
1062
2051
512
2107
4281
1250
3861
3265
2121
402
2118
2435
3379
2848
3302
1461
4483
2382
2664
3341
1448
2173
1621
282
1269
403
2301
2055
3103
202
3343
2455
2239
3402
3038
4290
2427
3550
3222
3387
4348
2380
1259
2429
3532
1628
908
4118
3105
3233
1058
2188
2787
2443
3593
3330
3906
4208
2482
2582
1502
112
2378
105
3761
4163
2540
2044
404
2519
2962
2811
4267
3701
3252
2790
1590
3152
4341
144
1383
4046
21
3054
3837
1053
1555
3657
2690
3515
3767
945
1893
3880
1263
262
2796
2578
1201
1587
3260
1613
3691
2942
1912
1036
1938
93
3319
2114
34
2028
2391
2720
1876
4377
2436
1925
1281
130
2223
4486
1327
1056
4146
3750
3099
3977
3092
4269
4387
297
2764
2529
4
3427
2480
2872
1095
3948
4029
4473
3021
2115
3664
3832
1279
1074
3457
3794
4361
2564
2642
3623
1178
4137
2134
1397
3257
2360
2034
2646
2174
1531
4209
1466
3474
1467
2334
1946
4265
1132
1872
3898
2027
4097
2294
4418
1518
80
1285
4278
1897
29
2183
2058
504
2604
259
3704
1127
341
1614
4128
950
72
2234
2558
3887
151
1840
4407
1041
1736
3825
1400
889
4131
1088
2855
1143
1437
3876
101
4464
1768
1380
3264
2839
4203
4226
3683
198
852
965
3091
3165
898
2910
1911
3430
3833
1956
3662
4300
3956
973
1527
998
203
2778
1146
3034
1783
4214
1499
4201
24
3743
886
3563
2857
3148
4474
4134
2763
1656
1856
3086
3464
3710
1592
3271
4369
1073
1507
2946
358
2836
2477
4492
3974
3126
3388
2370
1816
3900
2881
2274
1536
2835
2216
4402
937
39
2263
3816
3957
1316
3204
1663
2769
2351
4215
2856
150
287
983
4251
1304
4048
3939
2228
1165
2042
1297
2059
4508
3471
1233
3129
3317
2971
1825
1821
3544
2420
4401
1996
182
2116
4259
1386
3787
71
1142
4277
3483
3258
3640
4375
3746
2012
274
2275
2826
2485
1235
1784
132
3112
3525
4002
1017
4104
4350
4156
2281
1147
1803
1414
1223
2325
3739
3675
1194
1096
1785
1781
4026
69
4442
1332
1823
3770
2211
2507
3245
2850
3845
2065
839
65
3240
4283
2290
4045
3042
1553
1508
1869
3680
919
1947
1817
4143
3398
1820
356
3106
2801
1832
2643
146
227
3410
3051
1080
117
3802
2852
1444
4311
3267
2187
139
1743
3024
1000
838
3147
2092
1356
1365
4326
1347
123
3314
2525
1808
3997
2050
3882
3119
1368
3846
152
3792
1806
2132
912
1438
1354
3618
2332
3552
1810
2779
1548
1772
1918
271
1850
859
3141
2418
2561
1326
3546
2736
2969
4384
1198
3543
1689
1623
3005
1756
2395
3784
3886
2304
361
1562
4502
2913
2467
2162
3455
1895
547
2500
2713
3205
2703
1292
4010
3230
3752
2241
1210
3411
962
3235
424
4315
3492
378
3045
1473
3697
3838
1118
2097
1468
2696
4025
3397
4494
1580
1470
2270
4393
1705
3720
3962
1962
4435
3480
191
577
401
1060
1588
1148
44
3831
2863
2248
4103
1495
1359
4423
3699
3936
2570
4419
1950
4040
1290
2287
2128
4458
2905
1554
1792
3904
180
1289
2135
1360
2660
135
3202
3942
2254
138
2249
2213
2589
1939
68
4268
2079
2366
2851
1418
1646
4034
2681
