501
1472
2232
3687
4185
2367
4103
3145
373
4232
2931
4197
3154
2771
250
3434
1955
563
2872
99
2696
1709
1898
2126
2204
241
3969
1401
632
227
677
2131
453
1786
4243
3734
4371
323
1852
3227
2664
3760
2095
2791
1056
955
1174
3799
1803
3735
1274
3761
1908
2152
3214
3077
1993
2879
3554
3440
127
990
2391
3619
1429
4358
3723
1626
454
1625
2489
2209
2982
310
997
3454
4
2166
3491
2724
4327
3967
2871
890
2256
4463
2902
2267
4244
2500
20
3550
209
3710
3345
893
3100
3048
3443
2145
152
916
2191
3153
3982
2244
4022
4328
626
1146
4134
3366
2326
3264
3170
3053
3785
3933
730
914
1198
3970
73
4063
1257
1445
765
3231
745
4479
2893
2343
951
3703
322
2157
3576
1889
2613
2142
2759
125
2064
1865
119
4275
2449
2540
257
2418
805
2553
3782
2332
512
1282
55
2269
150
4226
4153
2506
2849
3171
910
954
854
4427
3349
2823
3616
2174
4500
302
3351
2632
2162
3000
2883
1187
817
4015
350
2221
992
4042
1088
1860
1676
2118
3139
3136
674
2106
1140
934
2987
4396
3552
2704
1100
486
4082
783
2322
218
774
3357
3269
3573
64
3055
4006
2468
1004
1593
2385
1707
3080
4152
27
2885
3751
2392
2524
3141
2548
3680
4360
2710
3500
4407
4263
3087
2467
2666
3558
2567
2143
3502
732
3382
7
4484
2852
3815
864
1988
353
609
1448
3291
345
122
1718
1137
104
2048
2171
4338
506
2363
2273
743
3195
4083
358
2357
2499
2643
1405
629
790
2382
417
637
2581
3645
2687
3977
3023
467
2730
1233
4112
800
3355
631
2439
4028
2222
4160
2826
314
2804
1581
2279
695
3485
3407
967
4406
3236
3376
2272
3755
194
2895
2342
2634
3215
3374
1030
2992
4394
2112
151
3653
2224
2916
1669
937
782
3991
3610
230
4054
402
3662
4126
3105
1941
1895
70
2921
4040
2545
2450
3318
65
2955
3130
4417
776
253
3039
242
2413
753
3628
2839
3607
1000
2153
4025
220
880
3331
129
3683
2085
171
462
106
3369
4108
25
858
601
1167
442
4431
1982
1047
3582
2686
31
4374
1916
3665
3150
449
2620
3694
527
3975
4175
113
1925
4429
1063
3439
2631
1491
618
2226
4306
2011
2495
3175
2880
4122
792
2530
2848
361
4218
3829
1232
2868
763
232
3499
2058
2566
3973
3081
3211
3096
240
2660
2618
4419
2950
2772
1938
3438
341
1060
105
270
622
3352
2891
2351
4387
3483
1044
2050
3255
1017
2480
1172
4353
405
2934
1990
134
2496
3207
1675
489
926
1073
2154
1992
818
2781
2979
3641
4292
2915
3286
3115
4012
2854
4192
667
3015
2192
4293
3202
3125
759
3070
938
2727
2259
2650
4258
3389
3510
3887
504
717
2347
1011
2701
3197
2044
585
2784
3334
472
3748
3401
2900
2365
3877
2699
3298
3437
737
3669
959
1841
3052
4333
2180
2193
3230
1130
3814
3346
3706
2802
1037
1126
939
4291
4418
3896
51
3054
1029
4039
947
3640
523
3273
889
3354
4111
3225
1006
3643
758
2575
2557
0
96
3343
2052
3246
1203
600
1702
3002
2874
3955
3833
2389
1968
1502
1474
4456
4472
3621
2023
3274
1882
1411
719
2878
3511
3958
1952
2975
921
2098
697
973
1270
2882
464
3085
2483
2056
4331
4467
2043
3010
994
2092
3674
1991
1874
1046
689
2746
3597
2096
870
2819
4049
3422
3828
2479
3622
2055
1945
1736
3469
666
3708
1115
4288
2246
3935
1013
2741
38
3993
4224
1243
4021
4347
1197
2341
3177
1752
1101
4259
4413
3888
4016
2080
1214
3411
1828
2502
966
675
4123
2292
4059
3776
3797
1308
895
4304
3430
2507
56
3375
847
676
918
80
3364
1960
3875
2290
3415
1113
224
4188
3765
226
1219
3608
4233
3363
2572
3914
4430
3475
4298
1958
1700
2289
2706
2404
2283
3267
342
295
712
1080
3277
3018
3011
1353
1147
2377
2335
256
1671
2655
1917
3562
1136
2574
1923
2549
4287
3899
4311
3987
2348
3336
2639
799
1048
3756
335
4321
4135
2008
4166
788
509
420
1176
1001
2485
4282
2649
427
868
4169
2359
3003
784
663
653
3757
1668
612
566
2963
3781
3405
421
528
2430
613
860
757
2796
3412
3196
2974
2810
3068
546
946
3979
2396
3113
3497
3184
3367
3026
4034
636
1897
3566
3320
4147
299
2278
4251
703
2000
1737
4277
1986
2072
3224
2084
2780
237
2793
102
1151
3595
3158
3092
1207
2451
3698
773
201
2904
2309
3846
2345
1096
61
3122
205
1770
791
4097
2585
3867
3902
652
1192
3818
3882
2602
3259
3103
355
3182
1924
1417
3031
2071
2067
602
192
771
4088
801
3341
2942
3586
2818
3937
3730
943
1169
4129
408
1913
1068
2156
3900
4272
2214
4314
3936
1116
2922
13
2920
2962
3530
3802
263
62
4466
3007
3620
2917
3303
1131
2943
1819
79
2199
4318
2371
3857
2589
2270
3923
1107
1717
2736
538
825
4445
4149
846
1220
42
2820
2907
808
604
3290
1446
823
3335
3151
3574
4061
1091
3095
892
3547
1272
3192
2482
4256
810
2795
170
3379
136
1582
3844
3505
3520
3929
2970
2811
473
3709
3056
3297
547
2659
2622
619
3284
439
3266
905
2905
368
371
1102
258
4086
291
3583
4302
50
160
3370
480
3804
569
3181
4013
4454
3046
4215
300
1049
3807
4099
3805
4229
2074
1848
339
3390
429
1078
4014
1052
557
186
3697
3409
3659
2841
3523
1141
3911
4136
2805
710
1804
2494
579
2744
1295
968
2411
4315
407
4442
1856
84
1186
3972
3670
3918
1018
200
596
651
2764
734
2046
4110
913
2129
3322
3865
647
540
687
2522
704
3878
330
3381
492
4114
2749
785
2464
4296
3538
145
1785
1966
2977
1019
741
4286
662
2592
3994
2740
3593
3234
838
3204
4210
803
3915
217
2241
4241
2586
2807
4474
2386
69
3934
2091
1749
3350
4027
2469
764
2369
4178
3786
969
2884
3700
2460
797
2604
3155
3565
3831
3137
2128
2443
383
177
873
29
2886
861
2812
1352
1740
4074
4038
4234
3536
2320
1106
2787
1698
2319
3793
4174
309
2693
184
4382
2066
2510
1139
3956
3834
746
1185
996
1919
4324
117
4183
3394
2933
3779
3347
4223
303
4181
4161
2061
581
4332
3176
2869
1287
1674
4462
4104
571
2508
749
3398
8
3876
4261
3872
4465
3537
3484
2454
2663
1996
2590
606
344
2077
3810
2419
476
2605
446
1189
2737
1769
3654
879
293
4182
2925
2007
2889
3338
2899
2265
3205
2667
3455
4195
1681
428
2234
498
2068
133
1768
451
2564
866
3071
115
3252
3931
2440
388
95
4047
2761
2251
2314
3609
1104
1699
3425
3718
3247
2457
3304
4089
1413
3784
3695
2850
2747
1125
760
679
2428
733
2672
4424
4165
1392
463
3263
4447
798
1015
2178
541
3843
2431
3283
1075
1939
3408
54
3889
1954
4478
1002
794
2453
3340
1173
182
2988
120
2282
628
279
391
3636
2901
2732
4330
3061
1436
2379
471
3832
422
3668
1325
268
2898
1476
4044
4096
608
2176
406
3209
3238
3228
3599
4403
4395
3172
2315
2670
3836
839
1725
1157
3904
2100
789
3450
874
2956
3860
2909
3590
3359
292
2446
1918
166
2124
1691
3927
4420
950
326
4471
2198
1025
3368
4468
3512
1231
748
1807
1225
173
4377
1237
1720
2577
2247
2362
3296
375
3446
3287
146
539
363
1175
2462
3254
2
86
3262
2318
4313
2075
260
3453
2597
3481
987
491
3162
4305
1525
1780
3938
768
4045
281
3663
4350
958
1627
3478
437
2718
1760
1124
2558
881
3104
1983
4428
2656
3451
195
4457
2119
621
2568
52
4060
434
2835
399
3548
3686
3961
321
4385
3598
2264
507
2442
3740
1180
4001
3128
4245
1086
3968
2087
277
4100
3992
1695
2002
4095
2285
2252
1093
2928
90
4140
3460
3630
591
364
2012
2206
313
2716
3027
544
816
3043
558
4273
2169
510
3978
494
3188
3090
2250
3518
1845
3954
2887
4375
1165
4139
4276
3613
2562
3449
3612
4278
4148
278
4236
3655
3544
3849
3666
767
3753
1298
1062
562
995
2076
3531
2049
386
2125
3884
2576
2196
2600
2783
1911
2665
4048
387
4367
3879
542
4438
3873
2681
755
1170
965
3001
2534
294
3270
3486
694
2829
470
1951
265
518
3148
1259
761
736
2914
2944
3821
3035
175
18
3477
2582
3791
3120
1021
1410
988
3688
2913
3741
1666
3579
3754
2537
2358
3385
3932
4254
2490
2203
2799
301
1023
2136
2929
1081
3180
4125
945
2277
409
415
1678
110
2310
3410
3733
4343
1178
513
4384
656
3064
3423
436
3827
461
3897
3386
4213
1420
974
1142
3569
4274
4221
1024
2830
1098
68
2654
617
2739
3820
198
496
1875
2236
4026
885
2233
1313
3632
4334
3542
2856
413
1881
3444
1815
654
3028
2161
1440
1928
2509
3465
2103
2398
94
273
28
3549
529
2102
3406
2550
2607
4253
45
4410
3169
4186
3307
2470
3650
2286
2099
4486
233
3109
3845
1158
3841
1892
4081
961
1129
2024
598
3556
2434
3516
2280
3441
410
3921
813
1683
3984
137
3183
3514
210
568
2742
683
682
3358
4124
4267
479
4211
3790
1179
372
3770
1984
3506
840
580
824
2364
1751
4102
333
2774
4143
795
845
1893
1090
2149
2455
340
3372
4005
3858
2181
3282
644
2271
1934
4285
3618
3646
2770
906
3691
223
3163
1554
2688
811
1351
2186
2561
4163
1806
2641
3568
2101
2475
2228
4084
3767
1161
2675
2461
3917
1849
4179
2694
928
1883
2327
2972
3853
722
3859
908
3585
2497
97
4309
2026
2503
9
2078
3627
793
3702
32
2104
1249
100
312
1987
4194
2514
4208
623
3998
48
4171
398
2218
2140
726
4132
274
488
2755
135
2960
3332
4007
4319
456
4323
2465
3102
4310
411
3971
2691
2890
3626
2435
4002
3445
3513
3251
4494
2697
424
1108
1732
2594
1118
3543
4220
1190
161
1948
4361
672
2063
3561
2020
3256
3939
1394
1200
3498
1677
4485
796
3442
123
3731
2045
2743
3689
3772
393
3404
3129
1886
2951
935
3416
3842
3149
2863
1639
3436
3881
1667
1145
3769
4392
1490
3822
616
3823
1217
3564
3133
3764
2334
2054
2053
4101
3825
4482
3383
3300
593
1449
2910
2938
395
21
1010
3353
1432
2668
3219
2873
3716
3242
941
1148
525
3312
4078
4449
2445
267
3143
1560
1599
3295
4390
4320
2213
2529
4217
2287
3134
2635
4173
1906
1177
3458
611
4184
4401
2952
3800
3837
875
3305
3063
2253
2525
3787
1089
1155
4268
163
1014
3373
148
4326
1005
3185
830
3178
2353
2573
1888
2182
4349
516
3417
3633
1597
750
72
3951
3308
3522
3033
118
2113
327
537
575
414
554
1122
3492
438
576
3245
4105
999
369
3869
3944
3131
445
3729
3677
47
4421
809
2127
607
403
1870
3604
1199
4252
3074
4106
1003
4203
109
4380
1942
834
4204
1830
41
3631
4154
2847
2731
899
289
2291
2798
2424
649
3464
3693
2546
3193
1074
3418
3893
984
2844
857
4307
503
460
1766
3108
806
2417
1082
2757
3660
14
3014
1912
4257
1701
4400
2381
4057
2466
3472
234
2966
44
1361
1043
3487
1506
3847
2859
2953
705
245
4393
3281
74
3605
3533
3045
1072
2368
1915
457
2336
2120
2673
2543
1434
2447
3310
2086
2703
3871
4491
3377
4205
1059
3995
2117
2684
3429
4142
3925
1999
190
2593
3461
4131
2493
4473
1318
4412
625
4365
962
3413
3167
3795
2677
1358
155
3186
1801
545
199
2997
4029
2051
2138
3311
2715
2414
543
2302
2189
2402
4000
820
1312
3507
3326
3980
4433
3950
670
2025
2773
2918
3508
1989
4035
4379
1087
2834
1442
1922
2843
2317
2728
4271
77
1591
3705
1995
67
4497
2713
1054
1065
821
3789
4069
4312
297
4118
2842
3578
3057
2923
592
891
93
1120
3292
807
3160
3808
706
2211
2866
2633
1070
71
2792
3393
1907
3399
290
4144
255
3930
4352
4308
514
4052
708
714
325
2760
1759
2906
849
2947
1069
3601
1885
2875
4222
3495
1032
517
1127
2538
1247
3647
23
482
3792
2993
2070
4476
2401
142
2296
2515
3235
852
522
4351
3898
3022
1430
1218
1020
401
3919
3658
444
2745
3466
2338
3395
2139
3949
3717
2229
4469
4067
1162
657
1168
3194
2179
1473
2658
317
3816
239
1117
3457
167
3739
207
229
4239
931
2679
1211
3696
3809
1423
2032
2680
2135
3316
2806
2919
2822
702
2762
4238
389
3200
2669
2376
4228
3606
1478
4388
2926
3384
3661
1810
2504
4470
2611
4488
853
3981
2458
362
3743
2108
1182
2832
2542
2601
877
174
2797
1624
1051
2390
3268
1053
4092
559
1909
920
2657
147
2939
2324
3908
1138
3420
3456
3762
3758
925
3712
3306
2867
431
3233
2505
2340
4301
1868
266
668
605
367
188
252
556
3112
2014
276
1850
2060
3470
4453
2516
3073
2038
2158
4364
3625
347
2753
2521
3803
495
1775
624
1838
3648
2682
107
756
4137
1687
3681
2407
2984
3766
85
3941
1071
304
4168
660
610
4115
4264
698
1493
2959
1563
4130
2423
1031
440
3062
531
2570
3532
3839
536
3707
2971
3577
1034
1799
484
490
4087
3736
3082
3419
3356
3462
2560
168
3819
4075
3713
4246
2526
334
3986
888
3474
2712
4439
3947
851
729
1290
3496
2782
2225
3907
3067
264
766
1230
2888
2134
3742
1077
2708
2172
2297
2766
296
4255
4073
219
4409
3047
1953
2059
2698
2541
4157
1135
812
212
2473
203
4505
1227
1159
1682
4225
641
1447
2037
500
4295
1844
3302
269
615
2481
1050
441
2147
1083
3402
3965
3140
709
374
3864
1684
1041
1858
91
1595
3257
4446
2122
4250
3243
2786
3261
508
850
640
316
4346
5
1887
3657
3084
3721
298
2578
2330
3725
1734
2897
2406
3960
2860
3763
193
3428
1896
944
4070
2249
1822
3946
2260
3581
2163
1419
2081
2903
1022
356
75
4031
124
4300
718
4242
351
2432
3132
236
982
2588
3999
505
2714
2896
3806
521
819
4141
4493
3854
3135
567
4260
2831
3732
3110
2175
1910
2200
565
2978
3817
1134
4011
3906
1143
3948
318
49
4066
2911
132
2674
1847
1284
4230
4200
4170
2328
3664
3861
4405
4270
307
251
2606
720
144
1144
111
3380
352
4037
896
1790
149
92
4058
957
778
701
2980
2238
1103
189
2991
3521
659
731
3517
10
2415
1705
3050
1204
1026
63
2339
3494
1899
1902
1836
3963
3005
2258
3863
2765
664
159
1085
2785
36
2808
1586
535
3024
1853
4398
4121
4146
1861
1846
814
287
4363
2946
459
336
2420
157
2160
1617
2082
2210
2726
3671
4150
4159
2536
4383
404
3635
2097
370
4071
2815
971
3223
1690
2855
179
3042
1901
2384
3313
2998
164
1209
620
3840
1193
3044
3019
3813
3034
2022
1767
2255
2981
2957
2344
777
3118
570
4294
3690
4499
2248
272
3588
3206
2610
4434
2932
3826
3591
3892
526
2155
1840
634
3704
248
2644
826
3503
3903
3862
3280
2892
3114
3179
4098
343
1980
4386
1583
3421
211
2444
128
359
3551
3314
3106
3317
2523
1905
1418
2109
4480
4432
357
3040
2894
2294
1183
37
244
1871
3493
1967
1222
4216
88
2877
2517
1962
911
156
2257
3752
4056
520
15
3276
2130
2857
377
2350
1224
2775
3278
3602
2399
1223
346
2629
553
98
3164
560
3323
3159
2018
953
1276
1692
835
530
573
1012
2212
60
3560
380
2165
4080
4231
2239
841
3589
4487
727
3676
2862
2758
4202
324
1964
2425
3509
139
3329
723
681
30
3220
2312
3126
3258
1097
443
16
3541
1783
4408
936
400
3459
215
3675
1829
2595
3400
2378
280
3996
2372
2488
3738
2263
2608
4284
3928
4266
2614
3388
3213
2242
4341
497
3452
2474
3198
2702
930
1716
331
2373
285
3719
4151
354
1302
787
2355
435
3392
2789
1715
432
901
827
34
2187
915
1873
3571
283
3488
4435
2612
876
4316
1673
2813
3362
3592
2115
1851
725
4091
3910
902
515
4509
349
483
2609
131
1248
3076
4426
4402
2354
3020
282
3667
3673
2387
993
2721
4191
3371
3745
4359
1754
3426
532
376
4024
583
2028
385
983
2637
3922
3094
478
588
3905
981
4164
1076
2184
1066
493
4190
1133
3966
2183
678
2519
1202
4441
1900
2580
4138
3526
977
2554
561
426
3798
3638
779
1854
2476
4452
3535
2719
3529
3016
2707
3623
2912
112
6
2948
1415
650
3387
3724
365
378
1119
3199
1835
101
646
4008
639
3123
2374
1154
2651
534
2090
1466
1226
2298
869
2936
1680
1585
4362
3603
4041
2393
878
865
2410
2275
3038
4501
3885
4443
3107
4201
366
4357
3866
3065
1863
1879
2307
3637
4368
3029
1132
3519
1084
2518
1114
524
1111
2596
4290
3294
2403
382
3749
1920
696
1834
4068
4085
2105
2194
1208
502
416
4177
4076
3241
2837
673
2141
3201
3692
3217
740
4094
2304
423
3059
2816
165
235
4053
1462
4269
17
1311
225
4340
1366
2711
2370
4415
3976
1876
3088
933
2041
2159
1289
3036
2989
4404
2779
2331
2400
1721
3009
3187
1431
597
1171
3684
4329
1254
721
3722
2433
907
3476
4043
627
2004
2438
711
1016
2177
2323
1959
3989
4093
2397
2329
2478
2533
1007
254
3501
2690
3403
2205
922
3339
3156
775
2167
390
1042
2006
4107
2107
762
1099
645
3030
3874
985
2352
4193
2616
4342
458
187
4120
691
1877
452
2833
2040
2094
4209
739
1067
2361
1326
1791
2513
1798
3174
2427
3886
4032
3572
3066
2288
11
587
658
3210
2853
1971
4248
360
690
2042
2123
2168
882
4299
1943
3651
4455
3855
468
2539
550
964
329
447
724
3285
769
2750
2300
883
2662
4450
3142
2544
286
2584
2615
3086
1946
862
3091
3642
425
2299
3682
430
4354
975
216
3624
3229
3069
871
1731
2969
599
19
2556
2409
2625
3830
3232
3189
261
191
2484
3060
590
1344
58
4289
4281
4448
2303
4036
1110
3920
3032
2121
844
2311
3891
3942
197
3557
4502
2366
1862
843
2571
3801
138
3794
2838
1009
3288
249
2700
103
4265
328
2720
2738
3166
4207
744
2394
648
3924
4119
1802
1439
3083
2079
126
1672
3208
976
917
2201
2671
2945
828
121
2965
2623
728
2624
4317
1033
87
3378
140
979
2215
1210
1936
669
311
630
1181
2057
3448
3983
3119
2861
2864
2308
2621
2230
1533
2692
1153
4176
2452
2531
284
1160
4422
3093
577
3909
1321
2642
2937
3701
247
3913
466
1128
3173
39
2845
3089
2325
3365
397
2202
3759
3553
3728
3479
1163
3611
271
3811
4247
2626
735
1057
3121
208
665
2281
2227
3342
153
4423
3985
3097
59
4046
3190
1820
3049
3244
1949
2778
315
3490
4020
3634
3894
3835
872
1039
33
2776
2243
82
4155
130
4475
3563
2535
4227
804
1008
3525
455
2501
1064
2268
4109
3212
2047
2436
3075
4212
2569
572
1191
2958
4322
4335
1149
46
594
829
4167
2313
1079
2964
4196
3072
1733
2116
3750
747
2990
319
3943
2836
4117
867
1944
2284
3463
833
3895
2591
688
3165
4128
2734
3883
1
685
4339
1396
2559
4461
3714
3559
3838
932
3447
2646
707
3775
2293
519
3957
1152
418
43
4355
2735
2973
3652
3540
4206
3157
2809
1855
2151
2709
836
2164
1621
2647
2858
2768
2723
4464
3546
2999
3868
886
4009
2949
22
3324
338
53
713
2219
3744
1228
469
963
3006
214
3319
3250
154
952
2486
2935
3037
4506
2788
3778
1092
3237
172
288
2093
1620
4372
4366
4077
2111
4050
4498
2587
1741
2908
176
4348
3079
4381
578
3959
2840
2170
815
2983
684
1288
3221
3504
2619
742
3013
4490
1212
972
842
4033
2821
4397
2733
3111
4297
2986
206
3467
837
4145
3098
4437
2930
4477
4198
2940
4187
305
960
3783
2188
1061
4279
1184
465
4079
4376
970
83
222
3265
3117
2245
1027
2237
1196
4262
1201
3629
3852
781
1206
2065
3524
3424
2208
848
262
1028
700
3299
2441
3812
3138
2528
855
4235
2220
1273
185
4064
2148
3539
1704
2083
3249
2689
4451
3570
2627
2477
231
752
2617
3796
2851
584
1484
949
4237
4030
40
3587
1123
2173
4199
3848
638
4336
1215
143
3639
3414
3289
661
2814
1252
2876
1788
4344
3737
2146
909
202
635
2547
114
4116
66
4017
1194
942
419
2725
2628
3964
3127
533
3747
3672
2661
3391
4337
3203
2976
4489
3555
3727
3515
2638
4378
477
738
3099
1112
141
2405
3321
940
2388
3144
3216
2383
511
3584
1833
238
2448
1872
4010
2827
2412
3293
2274
3226
2520
4356
1869
204
2223
2961
