4316
1625
2976
4287
448
2988
4253
2727
3077
788
1831
1503
3222
2169
1219
2906
2512
2048
2018
2676
856
1034
2815
3007
2427
3603
2718
2881
2289
1241
1445
3380
113
957
2405
305
3085
3427
936
1402
4334
4068
4229
4481
954
2444
2853
1233
2950
4215
3090
4480
3289
3194
3145
4183
1500
2270
4096
4491
833
2643
237
818
2328
4044
1972
2969
4422
778
4387
1333
1408
4
1407
1262
1679
705
1001
4469
734
2060
2292
1914
2478
26
2689
3941
1273
2141
3103
588
2694
1971
1244
4420
1573
4059
1549
2259
124
774
104
4157
4125
3361
1463
1168
1667
4234
4442
1506
4412
2870
3127
326
4271
138
1557
2362
1201
4105
155
2355
2472
1298
2697
2052
1175
2527
2844
4236
629
2756
1811
2939
63
2980
1827
1893
1277
1321
4224
965
273
2022
2655
4151
3560
191
4216
570
2797
2850
1683
4124
2228
1499
1037
1469
1430
2096
3457
232
2640
577
4039
4483
1707
1558
807
2112
829
2177
575
1129
692
761
2600
1166
2116
917
2429
1939
2636
770
874
998
4146
389
1606
1917
2002
3164
1543
1038
1850
2339
609
3454
3188
1844
1486
2063
1268
2432
371
206
1861
749
2125
2639
2960
3540
2911
1211
907
2104
2084
2619
4203
1501
2057
1649
229
3157
2041
176
1936
2379
496
2699
4501
279
3394
2266
2342
2656
4244
2530
2374
2690
2863
1790
1073
127
1105
1958
1029
2681
2723
2740
2615
1856
4248
2602
3003
2926
4438
1319
4149
200
2157
4336
272
738
1564
2384
1474
1624
1883
1800
3273
1912
3699
2011
3529
1569
2306
2279
1708
2759
197
2107
2252
4292
193
3397
2629
3349
1577
2550
1922
1788
2551
2364
4205
2312
2513
4406
1352
1066
2785
266
1626
2015
3181
2234
842
1662
2233
2968
4131
540
372
2081
484
3283
2575
713
2229
712
453
116
90
862
3407
1088
3319
2716
3266
3169
2770
1973
4342
2584
1665
3481
3088
939
2717
1761
3094
997
178
1424
332
4318
2105
613
1783
234
4188
3035
350
4436
1765
4448
491
2553
402
4313
2591
2043
1428
411
3183
714
1382
3475
3460
4233
345
751
17
3408
1213
427
3414
4245
291
538
170
2708
3151
1671
889
3356
1400
1331
618
3096
4408
4181
201
1511
2986
2573
4446
1787
1902
2442
4407
1071
3318
73
522
4239
2380
864
2955
4104
1326
2020
4326
4302
3165
1322
1162
76
2819
1471
474
4189
1418
3490
1296
2165
271
3343
278
2202
2337
4196
2028
3410
452
1116
3388
554
812
2438
4307
4444
884
2030
2190
2110
314
2193
1198
239
4176
57
2987
3068
2865
3239
3359
242
261
849
3709
2403
2945
2788
3168
3051
1565
3364
3590
2848
611
2221
3196
2359
3221
2762
1372
1948
1895
2307
97
473
2072
1909
3337
325
3041
3324
4430
1979
4317
3209
2910
3207
3182
3489
4299
779
4193
3050
3447
530
4312
3142
205
2736
2540
334
4464
3267
3295
3885
2933
1015
3404
718
258
1229
3135
338
1365
4476
1148
217
2222
2505
1470
2837
831
72
264
1420
4164
52
415
4380
3626
1661
695
3471
482
614
1033
82
1672
3121
2034
945
3016
3542
1878
1873
517
2383
342
3017
2771
1254
2941
366
2780
412
2502
1659
2219
3136
587
4277
3203
2420
2765
3434
1347
1581
3124
2549
4091
882
487
4309
1250
4087
943
1627
4324
3296
177
2099
1181
1427
872
171
4081
2275
441
2576
3600
2452
3387
3663
1796
1770
2413
736
2755
3422
1176
1758
2225
1432
2147
3092
1954
55
3082
2491
2526
2439
395
3270
246
958
476
2325
3101
2426
2943
2971
2300
2200
3241
1497
4382
3010
2297
1444
3316
2938
2437
2074
1290
4485
2083
2187
4411
3231
3479
4479
1801
199
951
4274
1386
2358
2666
1179
542
3919
3118
2544
6
863
2813
2930
29
3155
992
3478
1184
71
1933
4240
1115
4460
3095
4340
3210
2948
1867
2974
2424
3464
1817
1988
2604
2734
748
1711
3237
580
4217
1686
2712
3023
2238
2071
494
1024
683
27
1996
1544
4489
1387
834
1493
1849
670
3334
4443
1560
154
483
360
3348
1807
976
3572
865
711
3664
1545
974
1274
3726
3368
2958
1308
9
1259
1214
2013
4308
1575
602
2451
447
100
1687
2869
1642
2395
2793
4369
2609
1220
1368
2646
527
2768
2346
1541
2942
4321
2488
854
857
2949
4103
1789
792
2678
4204
2874
2263
2040
1916
3107
3325
1904
265
578
2396
4283
533
1782
3086
2538
837
1982
875
1133
2908
1086
1778
4113
583
1723
2303
3040
468
1887
1064
444
1158
3405
2572
4220
3120
1512
2970
4490
1582
3400
4349
727
4300
2095
162
4368
1845
4117
1411
1043
2226
3244
776
781
1830
3011
1317
2122
1985
836
4064
54
1031
1498
4071
759
3429
1760
1846
2893
844
3980
962
4402
2133
1685
556
3015
183
1608
2703
2347
1866
1150
2012
1749
1908
1174
773
3373
2070
2144
1062
308
1310
2789
888
604
3398
1548
1969
1194
2422
726
2582
2008
1278
791
3223
2722
526
2633
582
1656
4470
2835
2581
1532
2273
1045
682
1717
2232
1236
1966
806
3055
1104
1159
1147
902
75
758
2090
4301
3599
2701
2409
4455
3563
581
606
1680
4085
1342
3972
3012
276
103
3435
1060
2944
1670
431
964
3320
696
861
949
908
562
1258
1813
2217
423
1429
4466
1546
2085
2563
2972
403
1886
2900
1892
2500
2608
377
3641
1522
4086
3123
2404
111
2121
1935
3108
466
2182
85
1461
1061
1452
1098
2296
3193
760
1180
2812
2787
2389
240
988
2744
4405
4331
1177
2862
2603
1242
1107
1829
3459
1014
2523
2330
2253
3512
4447
433
1443
1835
2171
2921
813
2529
143
2399
4329
1247
2284
4435
225
1008
2254
895
284
1718
2334
2276
3217
2161
1596
2042
4187
2231
4311
1379
735
1530
798
317
2818
2982
3443
2036
2779
2890
3878
3323
3456
4450
283
4441
1905
2816
3328
190
627
3631
3149
3453
4323
1768
1137
1462
1584
1431
2991
3144
1658
3083
2947
852
1007
247
1756
944
1210
2825
2741
1304
2514
839
1361
2618
4343
4120
4276
1351
148
1122
2128
3033
355
226
4208
1552
820
3441
1855
518
4319
1593
2100
3042
4384
1826
101
529
3268
1709
2123
486
1080
3482
1222
2637
306
33
426
2159
3436
3649
1373
3298
28
4472
4484
617
51
1910
2876
1185
2724
1772
2302
4110
2314
2737
2050
2579
649
497
3036
2350
3338
3178
4414
657
767
3277
1638
4140
500
1857
647
4199
3392
224
2366
1646
2709
1735
2097
2668
88
2769
1385
189
4074
1049
796
850
3013
2382
2417
2531
3247
4451
2241
1200
4290
1182
656
152
477
1381
1730
512
3484
1000
1699
1669
3431
794
3114
1193
2029
1457
783
4148
3089
2995
393
324
2957
2840
2415
2272
1594
259
3228
3553
797
2623
3280
4486
2832
223
1784
1693
2459
4370
1923
3122
4137
853
841
3197
4134
2004
1741
1312
2049
3491
1011
1476
605
3377
4247
3395
3455
1145
2340
966
106
2189
2607
3028
680
2247
434
1731
12
1026
2124
1251
1336
1002
1348
3642
351
130
4135
658
846
1206
1605
876
1412
1141
1350
4325
659
1075
4270
2208
2428
2946
1553
2801
1243
2979
4133
4093
3255
1637
2992
2878
929
2704
2475
983
3070
4138
3117
4506
2054
608
3584
1713
1743
292
1803
2156
3382
2262
0
1571
3953
3248
1568
3019
1063
3154
665
1318
3555
2443
1745
706
2831
3502
769
1208
572
2400
1183
1009
1234
4493
2092
595
3467
646
2777
2683
3137
36
4497
2365
1215
489
1309
4243
2552
2521
1795
2570
2754
3636
93
4090
2794
3354
2743
4467
3061
2281
4249
2473
1926
4264
450
666
2707
886
1701
2667
597
2212
2327
4097
24
2684
488
1169
3185
1218
4306
3469
87
1494
3780
2421
3493
479
1538
139
1426
3173
107
2961
320
376
3152
2278
3372
2626
442
1764
1252
3254
765
3566
1798
1410
2055
2922
4398
2620
3084
4227
3079
315
2218
2373
826
1059
1882
1392
810
507
4150
3329
1280
2184
4351
990
4397
3284
1956
3310
3444
1084
312
707
624
1734
1737
2820
3253
4383
1389
1666
3367
1091
3111
2903
753
1799
563
144
2201
2849
122
567
3378
4080
1364
1102
1890
2577
2896
4389
4294
3351
2842
347
615
1839
4226
1531
2149
2154
2322
2093
212
654
3451
1919
2984
175
860
591
3701
4327
2101
535
1928
660
2402
1668
1337
348
2539
501
3375
416
547
257
1394
2286
359
2204
3604
1527
2578
3498
2732
2464
4341
1435
1103
1016
2191
2345
822
4166
1057
536
2495
3302
991
2423
287
388
50
3506
2332
2490
3327
4339
3517
2032
921
2749
4221
2183
3500
3038
3463
2537
4390
2277
2260
1036
2197
1762
2548
641
737
2680
3313
2351
2909
11
648
3146
2660
777
1441
1257
3474
459
3232
3097
3345
2713
3573
3200
4171
2781
2474
2882
1992
2966
188
1559
811
1153
1704
3250
2919
480
3344
534
805
2858
1528
4109
2363
4155
4295
227
3205
1682
989
2925
3245
3415
2138
3519
96
571
2764
337
462
1383
2145
2065
585
635
1120
207
343
333
1978
89
2685
1439
545
4177
1859
995
4432
1574
982
254
2394
2477
3602
2567
504
4440
2414
1328
4073
397
1609
3615
671
185
3423
2419
715
3294
3499
1931
2268
321
2338
3597
2304
503
2624
1353
4225
2645
42
825
3206
2745
2463
3138
1406
3352
35
3191
2089
1363
3288
3143
1518
1110
1275
1612
2061
1960
3339
3445
3166
3527
46
61
2283
2605
1598
616
2368
168
39
941
1202
1880
384
2185
2080
236
784
1478
922
401
3513
3078
4172
2056
4363
349
3274
3396
980
1663
3521
4161
4500
1307
184
2196
569
858
2846
4304
4241
4328
1825
3601
4214
4078
2622
14
1555
2460
2641
222
1754
3278
3229
2682
60
2205
2510
2211
465
975
887
158
153
2298
4223
383
848
1853
3227
216
3428
947
3060
3054
3598
740
1766
1315
3026
1230
1340
2661
2066
2983
414
1475
1299
3031
1864
2447
1288
2557
1209
1938
2558
914
117
1189
1714
1943
1884
1238
4232
2064
3477
3635
4242
69
3486
4298
3075
2935
1952
160
1881
3252
446
2173
1468
2021
2994
3287
926
1134
2516
2959
4498
2471
1586
4202
539
3406
3238
2401
1706
108
2592
4195
1421
1587
537
1472
2179
3420
2087
1990
1728
1286
933
3024
2321
2585
3353
867
4210
690
4457
1074
2761
275
4345
449
986
2518
3271
637
905
2560
1053
3472
2180
4488
4364
3275
2387
2326
4400
4396
269
413
299
3637
390
1645
1355
1005
1696
2677
1599
2760
432
3383
1248
2883
2738
620
4335
1616
322
901
2446
2305
1196
1027
1736
710
1465
2408
1603
3167
720
2109
2162
969
2847
56
1022
693
4102
2216
3413
3053
724
552
119
689
2019
2767
937
1021
1721
2075
2353
3524
1991
3508
4281
2285
4429
1399
1508
1781
1423
2026
3126
1632
626
2393
49
2894
1109
4118
871
3390
1357
3473
256
1417
3076
525
132
896
1740
729
2386
3417
81
274
3307
167
932
2508
2978
681
2009
4129
4381
354
1757
3037
3202
1405
3045
568
1072
58
2313
755
2378
3240
409
521
2803
1613
2001
1957
1509
2525
1311
782
1946
3257
1572
2795
385
531
2936
1172
2827
3265
3002
672
733
2489
1585
1192
1130
2951
4475
1492
365
1885
2916
3259
2784
1785
1889
900
2370
1255
4165
4235
2805
166
4258
4478
3242
516
4449
1111
550
2981
204
2068
1187
1442
663
4077
37
469
1341
1048
891
804
2742
1786
280
1776
2601
2897
218
1601
1852
346
2594
2392
2612
2153
2288
3386
3571
3186
490
2203
623
1131
438
967
2696
823
1976
2261
2062
880
364
1622
1156
3219
3369
1738
1513
1205
436
3072
2258
296
1834
2879
2775
136
420
2627
2520
169
1393
3363
2536
4286
3022
4209
1346
3342
1600
1207
2886
1018
2833
3452
98
3293
3062
3119
245
180
4487
1810
2651
4358
3099
4158
1824
2606
832
674
3047
3290
3130
1888
3029
3260
3442
634
1874
4425
1847
1023
2806
1314
1488
2613
4393
112
972
2854
2664
3317
1284
163
2239
959
2078
4424
3507
2267
1099
1249
3285
2309
1698
3725
2790
437
4082
1841
4376
2082
2748
3487
3315
668
1329
2773
4357
2357
249
3401
4373
2111
1171
3391
3312
1967
381
2140
1901
4344
382
1705
816
3
1742
1820
2800
2287
1804
3728
3497
2251
4154
2967
1212
4315
1146
4284
1981
2665
3211
3505
1655
149
4144
2406
3106
1090
667
916
2434
109
1729
3161
801
1388
2915
1165
194
2597
1539
2248
65
1334
2155
3433
15
3729
2728
4191
4496
2662
971
2485
920
652
2033
717
1019
3113
565
339
2456
1833
3052
209
1950
2687
732
3543
4272
2932
215
2014
1
2952
425
1691
1920
250
435
940
1126
3131
1366
3476
1940
716
3389
2923
92
2098
1404
1112
2590
2069
2235
787
1675
2067
2924
3412
123
1951
3322
38
2375
277
2449
4503
3147
1690
1354
2137
1121
838
644
544
4174
2807
2733
3331
2658
3235
1618
3309
2483
1715
140
1295
1152
2931
2868
2954
4366
2274
68
3006
80
3224
1533
4385
2632
1390
1970
1253
1327
2533
1487
40
2484
2821
1793
2436
953
2829
3488
3494
2461
356
2199
421
3393
961
502
48
584
1517
2914
4254
1068
2136
4192
1523
3550
1003
1797
4260
555
53
77
3175
2839
1283
198
2142
3125
1805
4263
2178
925
3440
2227
1344
1945
1291
1875
1397
897
3133
1020
2928
2465
4269
417
2316
3132
2653
2108
2596
1578
4427
464
3734
1870
1496
3425
4482
4465
2996
612
1096
1792
603
1446
4175
3360
676
2
3340
145
2617
1285
2372
1094
1087
2628
899
1287
4452
3374
739
129
2866
511
3195
1540
708
2851
3199
2630
454
1301
1375
2901
327
1634
1821
1648
3335
1692
2517
2860
260
86
559
3511
1481
2385
1769
1947
2115
270
2106
3418
4371
5
3733
1583
428
1419
4456
298
1702
956
2843
942
1678
2729
1843
4404
120
3071
4305
1590
373
2964
1664
819
1467
319
2841
2888
2963
2528
4219
2814
4291
2855
622
2997
625
566
2565
1032
4458
1719
3112
2361
2691
3446
3577
4139
3528
1173
3067
2487
3365
4222
1157
1483
731
2335
440
392
404
2929
290
495
1282
843
968
1502
1132
3846
1271
1635
3336
2245
2872
3098
1779
4280
2333
2828
4374
3347
4288
172
2291
1108
3515
2589
16
3504
523
2250
803
2985
310
2635
1727
363
1437
4419
467
3189
3021
541
221
3057
3005
1953
3416
4211
1921
1039
2295
1681
3470
596
3450
2469
2501
2644
1851
2172
316
1580
2146
2802
485
2927
2758
789
3043
1554
528
4431
1650
3634
1092
1818
2077
2782
2611
1842
2750
4333
1720
3263
1964
2435
3034
981
840
2726
640
2542
3578
1937
1477
948
156
3605
2102
2282
1395
1097
4252
2479
2953
253
1054
532
610
2466
4130
3304
3158
455
1415
1300
1767
2210
4508
4388
2671
1521
3004
2038
2786
2453
4454
1828
3384
3032
1998
361
3558
1473
1325
1459
786
4145
424
560
1915
1806
2715
3110
2412
2714
1204
2308
1689
2160
187
4212
2649
3180
890
675
457
2496
2031
47
2778
2898
4275
515
4142
1216
764
386
74
2965
3661
2051
2213
228
728
3208
1556
1676
1100
3230
1167
2593
2852
3362
3256
2822
1561
4132
2642
1617
235
1607
3251
881
2481
4136
1267
799
3160
1466
2230
2000
4262
970
923
3458
1010
196
2599
1674
3582
213
3371
2290
304
3025
1989
2934
1589
4160
1135
3724
4250
4423
1403
1164
1056
4114
4509
592
1117
3073
2766
1040
2448
1058
391
1330
576
2045
375
3204
2407
2458
2650
780
369
2904
1025
2035
2264
19
4255
719
4346
4477
3030
1458
2076
1360
3437
650
418
1083
4468
2103
499
3703
4330
3020
4410
2564
4156
2993
4403
4083
2240
879
1927
4293
3282
3638
2721
2246
4426
607
1983
1959
2621
824
1297
4348
3225
878
1744
135
752
2522
2006
1154
2823
2236
2025
1065
1047
1305
1621
1906
2598
2493
1576
4494
2091
2809
2861
1660
2674
4228
380
1925
745
639
309
1077
1631
870
651
4361
1332
2073
1854
3510
979
2892
3613
4360
2595
330
1456
1819
1227
2859
1636
2398
1977
1440
131
868
1272
1228
2705
2887
3159
1640
3518
2826
295
835
3432
3069
598
3105
1588
1143
1398
1339
3305
1514
600
3215
3184
445
1995
1069
2024
3865
3027
4266
4095
2725
3370
2675
30
561
2324
3301
3115
1997
4049
903
898
1516
984
2856
2158
2917
1566
3424
4282
2114
2467
289
1697
443
2265
3523
410
4365
2139
1537
2164
78
7
4320
293
702
1490
2710
4332
4473
2047
2616
1035
2515
808
793
4310
4184
4391
643
2497
211
1067
1868
4462
3549
21
2027
1900
1190
1491
985
2580
1903
2209
79
3738
43
70
1595
147
2249
3579
1076
1226
4502
509
701
4153
3629
762
653
3737
2348
1085
2017
2079
2243
2884
3533
13
3547
1050
478
2534
4198
2875
20
1191
2545
698
594
1480
471
691
1127
66
114
1777
632
1654
817
1155
1814
4265
4261
3001
429
1371
4128
1195
1876
2450
2188
1369
742
1118
2891
2571
1232
1934
3174
3177
4505
2562
1163
2476
470
126
2503
2486
2830
4238
1639
802
2688
2237
946
3609
3880
4237
231
514
3104
3358
754
1289
1974
4337
1160
1004
3399
3732
2556
1611
636
1542
3214
3385
1633
4127
182
1987
1013
378
4356
2541
3610
1276
1106
1759
3462
1256
1535
3171
1293
2774
1752
2679
3421
1380
2454
2433
1862
2804
1235
1113
3170
1791
2119
2381
83
599
1529
1897
4289
3018
1101
4089
549
4413
2999
4437
795
3276
3568
463
22
1840
2431
25
2425
2698
1264
2037
2711
2568
1980
1199
2669
4231
2170
2059
2207
3583
1414
3403
1240
2152
3311
4471
3281
1051
41
2791
1367
1515
1732
1703
1507
645
704
558
2310
4141
4392
1186
115
2700
1343
1547
2648
722
1124
3128
1012
815
2937
1349
3503
214
3496
2174
84
1225
192
32
746
1028
1082
1260
743
851
3049
3249
3409
3218
1055
993
358
3000
4168
2369
3924
2194
67
3520
1695
519
2352
3932
3607
2181
151
2130
195
2720
458
2418
912
2010
2311
3977
2647
102
2509
687
3706
1391
918
2301
110
2524
1802
3426
2088
1510
1746
1303
2506
3262
243
3402
3246
2430
406
302
4257
2468
1809
2294
4159
628
2344
1378
2482
1042
241
1619
915
3008
1396
664
2086
2905
1269
1748
3044
1453
1684
4359
1657
2638
3483
978
4409
2132
4474
638
105
1913
3198
3176
1142
1858
2410
282
553
1924
2695
1485
1815
621
4111
368
2214
1562
747
263
2299
2763
4162
2752
763
586
709
2877
288
1030
2867
1245
3236
1413
4353
1313
669
1017
335
4173
3621
2719
1138
1433
331
1246
150
1722
3063
2492
1449
1221
4163
3640
619
2730
2569
2989
4439
1263
1505
775
1755
3303
3731
2371
3102
4259
2810
2574
179
202
268
64
869
2192
181
4107
2003
3226
1550
498
1123
461
1780
2561
1231
2990
3066
904
165
3261
125
2757
1128
4115
91
678
1949
2895
4434
3297
2127
341
4169
2559
2772
756
557
1694
642
1750
1302
1358
1894
3448
3148
1592
1362
313
3081
3058
1041
248
2319
262
1775
2657
94
2586
307
255
230
492
3243
493
3623
2131
1579
4075
928
4379
1265
1733
909
2244
4395
1095
2271
1896
960
973
2913
4362
686
1464
911
1261
510
2956
8
1794
543
987
1455
400
3695
3439
3576
700
456
4194
95
1610
2731
303
1149
2798
1615
1384
2220
208
2587
3059
1338
1139
551
3308
2151
4433
994
31
2783
2864
2143
460
1961
4182
3300
2746
4079
2167
1436
1044
128
4179
548
1993
1837
3545
2625
3366
3269
3046
814
2356
3153
3187
1620
1944
2998
883
2504
601
2440
3264
1907
1519
1899
1651
2315
2817
328
2588
4186
4399
1119
2871
2023
4459
238
1409
10
2166
3717
1356
1641
1891
3080
174
2390
3134
1677
3960
950
294
3704
1484
2792
4178
2880
573
374
3009
2902
4354
4218
2535
161
3299
913
1773
546
931
768
894
1629
357
3735
1447
630
1716
505
1450
44
996
18
2532
4303
924
3014
845
3156
4170
137
1860
2811
662
785
2117
3480
2511
4461
2834
1984
1434
4084
34
809
2739
3162
4510
1281
2753
4453
1724
1482
2397
142
1986
1536
398
2016
723
3234
1918
4338
3272
2912
3624
2659
1623
2977
935
3150
655
1710
1114
267
1628
2498
4230
1374
2223
3279
4350
1323
4377
1070
800
1962
2360
661
3179
2470
3539
730
1237
1006
4206
2186
1294
2836
2377
1489
