2433
3198
3493
2040
3557
3114
1537
2410
5
2465
4352
269
3367
3953
1354
196
4288
1702
1688
4419
3192
419
2711
2648
2966
2827
2052
3684
2794
551
4018
3244
4046
754
1327
4221
4138
3151
4481
467
4391
2622
3668
2142
302
2377
3986
222
2353
1876
4295
4486
4172
1322
537
1551
403
3659
3504
2922
3508
3469
2870
407
4499
1294
2618
2736
293
3885
167
4250
3916
4054
3519
2616
3197
265
3277
260
502
2845
4378
360
4274
88
2821
3472
3059
4179
3077
687
1610
458
3232
2866
2499
2500
4139
3144
3788
2796
2481
951
2894
2477
3653
1530
2919
2831
881
50
1783
310
255
1921
273
1540
2899
2405
2211
4377
1867
1255
3163
91
2076
1984
2536
1378
3310
3326
4379
4068
4336
1656
3395
3644
4490
1150
2025
1894
3286
3183
635
2698
65
3247
4074
285
686
2216
4177
3921
714
68
548
1304
3670
4396
3500
3267
3007
1721
4383
3105
395
756
4150
2559
2746
4223
4081
2741
2323
1642
2428
2110
2192
2876
2537
1460
3764
4496
2670
4504
386
3759
2854
3510
1696
878
2
2444
2472
2660
132
1574
4333
598
2782
2770
3741
3266
1951
4318
2646
592
2694
3295
3692
3195
2946
3563
1550
1870
1756
3854
4405
233
2085
3771
184
853
3657
3707
2550
2407
2278
3409
3282
3767
3803
1293
2476
3996
778
1720
518
2171
1945
727
520
2798
4505
4222
1643
4030
3654
4095
1999
3185
1844
825
39
3182
3015
1503
2937
2820
1297
121
3174
2520
3703
3392
1899
3925
4198
1307
1278
2984
2717
3344
767
405
3176
2972
3523
2012
682
3284
1589
691
1690
1531
4476
527
3485
57
496
2777
4258
3157
3708
186
4228
3671
3878
3645
41
2077
295
4191
862
3065
359
3452
3285
189
1555
4260
735
3963
1901
709
3640
3584
420
3988
213
3167
4397
3024
100
3037
2953
169
2000
329
2244
721
2129
4141
106
632
975
1883
1813
4128
3975
4012
2607
4439
3542
25
2538
689
2887
1961
2198
75
3433
2613
46
831
3102
2069
510
1320
3026
1812
558
2001
3642
1915
1546
3463
3634
3496
1315
4331
3491
3586
396
3449
2995
3234
1994
796
3538
282
2783
2327
3833
550
1
2342
2632
718
2125
3704
1725
3992
3332
344
1837
1807
3991
4309
3531
2101
3028
3042
616
2252
3844
2962
3345
3990
49
1475
3375
3416
1715
2994
3347
1541
2429
622
2109
3275
2708
2310
3394
747
2570
1373
2196
1716
1343
2459
4509
3351
4328
3748
3880
3331
2697
625
842
1822
4125
3487
1874
2417
1981
274
1764
2900
1717
3311
2177
3506
440
1300
1753
1986
2442
2815
692
4145
2567
2735
3999
1934
4044
303
3424
3091
2208
3199
2532
3398
1545
3462
4170
2136
3662
472
2290
3063
3390
3874
4441
3039
643
2636
3501
2005
499
3712
1275
3841
2587
3419
2624
4366
4247
3548
3106
1638
2102
596
3856
830
3492
2844
2307
80
4394
3317
2630
2273
1043
2631
4252
2642
2463
20
3651
783
3736
379
4485
762
2738
4233
4202
29
600
3350
2730
4238
3135
1788
101
1944
3001
753
864
149
2492
1924
60
1303
4387
650
3630
115
2989
2514
3090
2837
4466
1364
476
4157
4020
2089
2381
2432
158
4076
2257
2533
1732
2305
1706
3498
4307
3614
2726
4218
2751
166
466
2447
3558
614
3427
4159
4187
1884
2869
1387
3352
2612
122
535
877
4464
2508
2306
3550
3799
4326
1971
3169
2399
4428
4492
1647
3486
37
4166
2885
3035
3900
2486
2540
2668
2955
4122
564
61
3812
1772
980
1524
4120
2229
2457
3839
3341
4175
2390
4402
2494
1943
1261
3431
3886
583
2773
3831
1809
1989
141
661
3404
1881
18
2272
1507
3761
1910
3754
4200
3913
102
3384
3211
4178
2184
3381
1383
2172
2299
3043
2917
240
4365
2755
4248
3008
243
4001
3572
4338
38
785
2304
1774
2527
1605
4267
1775
2881
1842
3075
3739
3061
2951
1362
610
2835
1889
3357
4149
110
4471
1946
1634
4207
1084
809
2874
2391
2212
2848
1941
662
1324
1911
3576
4413
1397
2233
2790
2853
3636
2555
2346
1888
2338
3320
3699
2516
1067
2764
1616
1804
97
442
2693
652
2050
4273
2080
562
3141
2021
1306
2232
447
3387
353
48
416
2586
2412
1240
634
3403
3629
2713
3370
2422
3002
298
4423
800
3745
2969
2639
1769
3695
1349
2792
2013
2767
3522
253
36
2916
2396
793
3853
1241
130
480
3961
203
3346
109
2695
2079
890
2828
2434
4302
275
3770
2203
542
4491
3294
2176
3470
3619
679
4327
2511
4080
456
4375
2663
2787
1781
1959
3264
774
658
1846
3855
4280
3698
1665
2047
2490
3259
2210
4133
3488
2419
4033
1747
1512
1296
1498
1412
3014
3032
1045
3300
857
4335
17
1333
3849
3354
3881
2661
90
2871
3220
3373
92
4209
1995
3288
2868
2842
1735
2202
3103
2261
4029
3758
2901
3389
2265
741
2014
3710
1615
2309
2340
3674
2495
4487
4473
3333
3181
96
2187
4407
3170
1391
2255
470
3749
578
2213
1167
3941
3086
2970
4432
3532
3583
1903
301
94
2939
1795
4225
477
2720
326
3610
810
2493
404
428
2852
1505
4264
3254
2415
19
1929
1997
4345
670
2551
3159
3598
2664
1345
3952
4472
3564
1459
521
248
3543
779
3115
4460
1723
2571
175
3552
459
1736
1414
2376
1866
263
142
3750
3649
2321
399
2864
1750
1569
1538
690
3920
4004
4115
2169
103
3826
2925
2714
3477
4324
494
4032
4084
3297
4422
2063
1917
2564
3319
2153
2747
3080
3443
1806
1453
4045
3225
1707
1527
4091
2336
4341
3762
2279
2765
223
83
2911
4287
3535
1700
1762
4363
3420
3143
464
3964
3362
737
1454
1594
2246
1759
1811
633
3828
1339
411
195
4037
4305
475
1857
3840
1386
343
3718
2873
145
1381
3768
307
4310
3858
3509
739
3208
1461
1458
3349
2509
808
2861
3622
1925
1791
590
2780
601
1479
3805
2766
2603
3379
1803
3888
3128
3808
2687
3009
802
364
2654
1744
3139
3177
1840
2933
3137
214
1229
155
4494
4304
2373
3038
3359
3569
2725
304
2652
3299
3517
2224
42
3561
1814
1983
3938
4370
2135
3511
2685
4204
369
816
4292
1236
2963
2912
2705
4237
3837
722
2087
503
2836
2800
3951
555
3447
4420
1919
1613
2371
1662
3236
2250
2028
426
1399
2506
2689
3924
1902
1952
85
1927
528
2329
2920
256
77
2543
3955
3843
3164
773
1966
176
580
3830
1645
3777
2601
2501
3107
3126
1636
2801
4347
34
2284
3073
4452
4272
2554
657
3233
2114
2264
2215
361
585
3779
3461
270
4107
3607
22
2667
1878
1790
4152
212
3417
700
2700
3871
3520
3203
2923
1754
424
3917
1544
257
513
79
593
2266
3597
1619
3658
1323
2385
2928
3897
2778
2484
291
2563
3595
1668
1835
4061
3601
2209
469
603
3906
4344
401
4271
2124
2722
1765
2008
487
1905
2018
2162
2771
3437
2834
561
3752
1877
3585
1949
4117
2658
2068
452
2706
2480
699
2161
2584
123
483
4431
3815
1258
1030
2348
4212
2974
387
3702
1792
3525
3155
3638
4434
2956
2752
1969
3226
4005
40
192
1611
3631
2375
151
4479
2398
2170
856
1263
4062
251
641
2230
3591
3637
3626
1603
2524
2173
55
2051
1768
2367
4403
3620
784
2441
2489
2247
2947
3570
3459
272
327
1657
1976
4216
515
3056
117
887
2351
934
2786
2303
2846
4414
1309
3044
814
1992
780
3421
4510
2877
2057
418
1006
7
3555
701
2488
2576
697
1937
4354
3204
3714
3972
3696
163
339
1087
3274
2048
2083
570
4224
3020
453
4497
2882
3450
446
108
2653
573
1481
4121
1780
2424
506
4015
311
2580
2017
4282
3465
3438
829
1456
1380
1786
4205
2218
2397
2867
3551
4110
2291
2733
2824
2553
2650
244
3580
3188
3483
409
4356
3049
1340
3546
413
2392
1704
1348
258
2093
4072
3074
1317
1566
1808
606
177
1427
2915
3940
3364
4398
4199
4174
3682
2470
3460
3587
1825
3069
2789
2983
1471
3363
1283
1279
3156
1679
4367
676
2826
2763
3746
2369
3950
4395
306
3245
2344
1673
1618
3358
2680
15
620
746
393
2904
611
1948
1892
3017
2139
2325
4190
315
4078
706
2981
3681
3530
3041
3731
505
2031
822
4421
2635
2104
2592
511
4160
3180
2971
523
4321
488
4109
3210
4424
3399
64
2893
4374
371
546
3298
2847
2106
3766
1528
621
2593
4016
2144
3705
1635
3863
4362
2237
776
824
2545
1409
3980
408
2936
3033
1622
4320
4298
772
3769
757
2840
1833
246
2807
3127
789
752
575
549
4353
4077
2531
3884
2819
3804
3122
1526
2779
454
536
1330
2716
828
3835
3919
33
4049
3468
1871
2581
3012
3305
4332
4372
1561
74
655
1964
2084
278
2816
139
1980
2577
1015
2300
313
4325
2891
3196
3989
3252
3371
3827
165
2113
4009
1470
2651
1437
2817
3040
2277
78
2418
2707
2739
451
3859
557
4406
2948
2572
1542
1816
3004
3412
4051
2596
639
1070
1776
157
2701
1920
2360
1904
4161
3593
389
4322
1264
3923
2727
3502
1637
1848
2260
2454
0
3605
2105
412
66
2086
2366
3527
3276
3514
2287
4040
2026
1469
677
3000
2862
2547
3454
3976
1851
375
705
668
1882
500
4265
3467
2860
791
1895
1710
1424
2038
4246
556
1860
3228
3318
638
2745
2449
4343
2380
4263
1709
3048
71
2285
524
1559
1238
2186
2067
4382
1646
3518
300
4340
1938
1906
3898
3451
2515
1666
4034
2656
3939
1508
1328
2225
473
2675
334
4455
3411
2903
2148
3890
1935
2761
3034
3216
2437
2347
1426
1869
2503
3743
2364
3781
2311
597
1363
2769
4146
2223
4376
436
3175
2118
1856
1685
4257
1741
3435
3935
4105
3656
3052
2448
3505
1887
2341
3756
1821
147
4011
330
2909
4461
4165
3820
2929
170
2718
3655
283
544
3342
3258
2805
3680
646
127
1845
4330
1377
2074
1128
3173
3609
3545
4219
397
4039
3713
3834
1571
3728
4262
1534
461
1331
2781
4442
2227
3869
4469
4180
2768
2081
2954
2188
3255
3866
3161
2180
2206
685
3628
644
3813
2737
4231
2719
2699
2749
2902
3186
2137
2314
4311
2804
2122
1996
2041
1991
3567
2659
3189
3790
4153
1573
1592
1955
4384
1796
1422
2189
3054
2987
1141
415
3050
3689
3947
3724
1450
3568
755
4385
4454
2152
3391
3789
2908
3929
4075
792
2193
1913
1678
2275
2595
1402
4306
4430
3484
336
3227
4014
2205
2414
4193
4300
3154
3218
1933
3821
3321
4412
4060
4106
347
194
4316
271
174
4069
119
4208
120
2623
708
2117
4079
3700
4131
2318
450
2044
3786
3343
235
4116
3577
2682
2406
2239
1607
4055
4502
3615
1486
2331
4108
2090
2178
224
171
3374
2776
3482
2943
32
226
3414
617
922
2403
432
3744
2128
2126
1940
210
1697
1314
1488
1714
2435
3149
2322
3116
4102
1543
2274
3108
3268
1529
3432
237
4063
2645
531
3751
1918
2411
508
2468
801
168
1355
414
3810
3388
1839
2992
626
435
3231
2141
2238
3237
4314
3838
1536
1770
3316
1893
826
3309
2245
3205
3330
2973
2620
3457
2251
1251
671
3685
3187
731
1239
4082
281
2795
2830
2259
267
3904
4453
3792
202
245
1900
3428
340
220
1982
2011
1310
398
1782
3742
1802
1520
1677
1675
159
3476
3795
2608
2633
3694
1398
1683
630
250
3263
1356
984
4458
3200
3895
988
1727
1384
732
2065
3479
161
1847
3291
205
4275
172
2728
594
4000
1865
4467
2395
45
3380
2474
1670
3415
869
1489
3892
160
3829
3784
2788
1832
262
1368
2958
1371
2673
4381
3171
2055
247
4094
2681
3965
3806
895
3162
1658
2280
1018
2875
89
289
12
3534
3554
2070
855
3147
1810
3687
2440
4143
3797
3981
1703
3112
2053
2297
2315
296
3304
2566
374
2629
288
4429
2750
4103
341
3093
2578
504
99
2158
76
4283
2339
3372
4261
3315
2207
3594
3221
384
1661
2843
230
3209
2734
3060
885
4229
1863
2179
2361
3719
4448
4140
1051
2588
717
3219
3003
674
1277
4483
854
656
4087
2548
2027
1576
3473
4358
751
3434
191
2394
3521
3095
421
3816
2032
1487
3490
2683
402
2997
1886
840
832
3729
2058
1407
47
126
3248
2497
526
4022
3801
3852
2132
318
1451
2740
3018
3270
4142
3688
3678
4230
1908
673
1501
3959
2793
162
3160
1629
2096
332
4399
3677
1483
2054
3732
4148
3560
2402
2345
728
552
4104
1393
152
2812
2568
2617
3613
4393
3978
2103
3553
2049
2502
541
582
2316
4355
6
2818
2190
4236
2838
3633
1950
3269
726
786
2320
2185
2952
2378
4010
4277
2754
2944
2446
3652
3581
3142
449
2513
3602
2062
1726
299
3025
799
320
1897
3873
2242
2372
1085
637
1659
211
1797
2015
3589
4450
3019
4090
2363
2288
2298
62
1421
4127
4373
3968
1452
3905
1301
1843
4308
2330
2295
1942
1172
3260
532
3793
1758
1729
154
3818
2724
3675
366
2569
2365
3212
317
2851
2684
434
3984
939
664
1350
4369
4371
4388
3005
2643
2690
1965
2573
3796
4313
3911
114
1712
3734
2709
2165
3082
1987
2195
3413
1826
3932
766
607
497
2217
2164
4126
4232
2317
190
2149
3062
4462
290
2426
4134
3081
1872
3669
1250
1342
3537
1575
1970
3393
3408
2696
3875
4456
4099
3475
4415
2479
3697
1998
4507
3979
648
3973
3966
1510
2858
577
58
3494
3666
1496
3099
683
2496
3533
3737
3603
3956
3293
3549
3733
2897
3257
2814
3191
2491
3405
645
2927
54
3579
2975
4086
3382
3740
2895
2334
2892
3928
2539
3977
989
1684
591
422
1985
178
4185
2785
2355
3526
3369
231
2283
3253
1751
193
1819
545
1457
118
2677
1909
491
567
4482
4164
3958
2859
2270
2097
3214
3575
3076
3083
14
3324
70
2167
4418
4361
4065
111
2691
254
811
148
3998
2896
2784
2541
3242
560
587
3336
3726
2404
1336
2024
2625
3683
4188
2748
2357
2220
4468
2507
2029
493
287
3970
3918
609
4451
2967
342
2850
1511
294
1269
4192
4289
3184
2627
3085
373
2004
56
1552
128
761
2045
1497
815
425
2976
105
3954
4256
1174
4235
2504
3776
2686
568
1963
1443
540
501
3621
236
4047
3458
239
2774
2262
3720
129
2886
2370
2561
823
654
4035
3118
368
574
3464
185
2337
2181
1588
3087
3945
2166
2712
4348
1834
2099
1828
2857
1760
4007
748
529
2043
1509
1827
4226
1743
394
1532
1824
367
707
4350
2359
1652
3481
4215
4449
2156
2267
627
4268
2328
1850
2039
462
21
1441
3111
2023
280
183
2006
3053
2692
3194
4197
2374
1854
1655
2302
1861
2157
229
479
2358
4052
153
3902
3499
3045
3908
3327
4085
3995
131
3515
445
2760
1346
688
2863
1953
238
3224
2134
2990
2119
4019
553
1891
2123
3230
4041
4443
1862
2482
4211
2282
629
457
1730
3860
3867
1682
1299
868
4294
3022
3406
3974
1253
3057
355
433
4210
1177
2423
2019
4470
2753
768
1285
891
3618
3046
2960
207
2016
2326
2510
1057
4301
2127
2075
2921
3068
2324
2095
4092
3969
1464
2091
4132
4066
696
4410
2121
3650
2594
2590
3949
3596
2475
4112
322
242
1785
2098
2931
2201
498
2226
1612
4114
4389
1168
3679
3848
1932
4278
3798
1596
2562
4334
1687
4251
2071
2906
3271
2849
602
771
4053
2240
2174
4349
125
3096
2431
803
1654
1836
3910
377
3686
3536
715
730
1907
4337
806
522
1898
2107
2519
4031
349
2138
2436
2350
1858
1242
1609
1680
581
337
2146
2560
2498
1896
554
4196
2453
3109
3125
4056
3036
2732
2649
798
3402
559
3600
383
354
2930
485
4067
4101
3132
187
2143
2462
1879
3647
2343
430
3322
3606
2546
3639
3930
490
4162
4317
69
3441
2253
3308
804
4498
2898
698
3067
4339
2100
3328
517
750
4173
3604
3822
3047
678
1722
427
623
2666
346
3292
2072
3193
3179
2872
2194
4426
4364
2938
2549
2191
4342
3110
1957
4048
2638
4489
3573
3846
3899
1745
3251
724
2060
1455
3436
2061
3632
4239
2221
3936
2408
3725
1718
1316
26
3641
4465
2409
1428
4169
3337
1990
3223
2772
2671
3148
2521
589
489
2254
2993
525
651
1235
84
1347
1660
4445
3190
4253
2064
1504
1602
2978
2384
612
1912
704
2585
1799
3051
3782
72
4488
2289
820
3213
188
1341
3386
3418
3889
437
3907
1973
2147
1936
2199
4357
2589
584
3783
439
3717
3064
4417
1286
208
3541
740
4293
2368
4182
571
4042
2528
1962
2413
3967
1357
2483
1694
4064
1170
2130
3339
219
1245
1359
1334
324
4241
2438
538
4147
328
2665
1468
4154
2986
4440
2710
712
2308
3097
1868
2059
2231
1805
3124
431
3912
4168
1463
3165
3562
1367
3566
2145
1608
1800
2383
2855
2151
1789
4195
1914
1558
264
4243
604
180
1614
4425
3857
372
1649
4503
3396
1820
2042
2517
2744
2163
4411
1771
4028
2430
2335
209
2248
782
4480
2420
2037
261
1674
2155
4276
3582
3130
1400
4240
3376
3646
1408
2487
390
2806
2046
2003
743
3168
4266
675
2460
137
3997
4360
35
1403
1632
631
1482
3993
2542
2626
3862
2940
1733
1480
2959
2352
745
4254
4097
3824
3241
3842
3066
3334
795
1513
3832
3100
765
2033
331
471
3611
1562
566
4089
777
2469
2757
3590
2756
13
3896
2036
1705
618
3027
1829
3926
1746
543
3962
3715
628
4151
400
4390
4100
2703
3440
2599
1974
3058
2598
4303
619
1406
1590
3013
4416
1329
297
1779
3158
615
356
1265
3755
3635
3261
2637
2056
1539
3113
3360
1818
3478
3429
3836
2362
2924
104
2030
2996
599
3455
2998
4213
4290
734
3529
3730
1954
3672
2439
2387
482
2833
3445
723
3513
1841
1763
438
4508
3894
2926
217
3735
2002
3765
4003
1630
3847
3909
3146
2609
1631
4437
3306
1370
2120
956
3400
681
1519
613
2009
3201
232
3661
2604
3623
1738
3663
2249
1930
749
3178
1579
1587
3643
3383
2256
2271
1633
3903
2092
4296
1598
4359
3819
4098
2949
133
2082
4038
410
4189
4073
363
4158
3592
1773
3775
3136
3772
2356
1653
2183
3864
2918
1280
391
3588
2591
4036
3794
3627
1787
3071
2234
4478
150
3423
695
182
1517
3235
2505
1578
3753
3893
4444
4136
1794
4299
51
2235
2905
4124
2619
3280
2742
4409
227
1433
4002
1815
3120
3329
3825
2115
4459
2582
817
4023
4484
325
2932
2729
4156
1556
2268
719
3262
3701
775
3507
797
2907
763
3664
4201
1565
3021
3574
164
2523
4291
569
1689
1880
1699
3250
4026
1852
827
702
93
2999
640
3055
516
417
1676
204
3565
3407
385
1972
2416
2281
1784
2879
1681
3131
444
478
2575
1713
579
2688
1711
2758
28
2525
1875
3982
843
4500
659
2825
3430
2731
4438
4
3665
3279
2935
769
2723
1606
3031
116
3480
173
463
4017
3811
1337
241
1695
3303
2007
1379
703
3340
2116
234
713
2401
3079
3845
539
729
1584
1549
2980
4368
3524
3987
1515
2889
4401
2382
3119
1568
87
3690
323
468
201
3278
4071
1360
3287
1956
2791
812
3456
1319
764
3123
2204
3134
608
3547
1266
2313
3497
63
1823
509
1926
2214
3807
4096
4217
3667
3129
2534
897
1923
605
3787
4408
1523
1960
1853
4245
3348
1734
3273
3281
3673
146
3140
2333
2615
249
4027
3307
1648
1724
3876
4281
3207
2467
2890
534
378
3933
2160
3361
3089
1572
2445
448
3453
507
666
1395
3503
3883
3474
3466
787
2979
3942
1580
3265
305
1548
4167
3378
4130
2258
2022
2427
143
4242
124
2759
1438
4123
818
2552
2557
1667
744
335
95
2312
2957
2704
443
380
863
4206
588
2600
3578
1975
3711
4135
3166
2108
1830
2910
3104
259
455
1988
4093
790
2808
16
2982
4163
672
4013
4436
1831
333
3901
2839
4083
4319
314
720
2621
1499
4380
1890
2452
292
2451
423
4203
3868
3540
3691
3870
1766
642
1050
2574
4050
3092
4329
4181
2078
3927
3823
3763
3206
2628
1374
3335
2878
2964
667
1739
684
388
1268
1939
381
1947
624
2035
2614
2832
4176
2175
3410
3802
2400
3222
1101
4501
2965
902
376
1752
1798
2094
2888
1628
3088
1838
807
2150
4392
2544
1749
4475
3152
563
4477
2388
1485
794
3365
3516
3539
3145
4088
3709
252
1369
1663
481
1535
98
788
760
1977
3791
1246
486
4270
1518
1601
2456
716
3780
3960
4155
276
759
2634
3612
309
4346
3010
1623
3571
576
1641
4427
1547
2802
1075
3338
758
2354
53
3312
3323
2421
3800
3011
225
4259
4119
2988
844
4057
23
3272
4070
2803
2841
2443
4447
4433
1922
3774
1291
429
362
3946
647
2913
2088
1719
2865
742
3029
3238
2529
4435
1664
3706
