807
3443
2682
155
1199
4232
3362
528
1405
516
3033
3849
3036
267
2626
1410
1010
3761
3348
918
292
2518
1747
2681
301
1058
3725
2031
3852
1782
230
2750
2670
394
3539
989
4363
2843
4457
4276
852
2600
347
802
3576
3391
3141
676
4503
123
3290
721
2411
2971
4354
1003
3142
236
3416
1518
1307
902
3548
85
107
4035
4065
2585
550
177
1087
1228
2184
2590
1240
3147
4064
279
1635
3637
2864
4361
1155
2328
23
4181
2620
196
2717
1957
2265
3542
4061
4146
1332
1857
122
4093
3582
3887
439
1221
3923
1443
4286
3486
4076
3041
3734
1289
1646
4467
2264
2149
358
749
589
2502
1534
2795
595
3065
759
538
3120
1256
4054
3795
4254
1455
3071
2807
3762
3677
1004
337
3233
3646
1689
3814
1133
60
1664
4139
2615
257
600
481
3066
1390
1400
4405
4299
1466
3350
2675
3789
4499
4465
3898
4420
3485
2257
955
4508
867
602
4255
4506
296
1403
2610
2819
3938
3731
585
482
1414
2772
200
667
3660
3058
2782
720
2468
3589
4127
2355
1043
3811
2730
1800
1650
2616
1437
1352
3254
2252
1421
709
2699
598
2525
2621
560
2016
1292
1262
3496
3682
1643
4166
3093
51
3592
3944
2873
1091
479
4113
2692
4137
3924
620
1756
1236
2286
1605
3272
3970
2867
2735
2216
4325
569
2857
4057
2435
202
826
3961
572
2992
761
1343
4205
1634
687
2799
3088
3328
577
453
1594
3920
4316
182
3723
714
3933
3525
2565
4178
1201
393
3079
2976
4208
1304
2927
3679
3415
3172
4223
1758
3004
32
788
4078
3864
1659
3062
1223
1808
3136
3951
2403
2786
2909
3493
3194
3010
352
2036
2316
1000
3697
3068
1282
1163
1159
1243
2762
176
2408
3740
1713
49
2222
2725
4212
1099
4006
4473
287
2770
4260
531
1180
561
2221
611
979
2871
2834
61
1297
2702
1205
2413
3948
1115
3410
2854
566
3444
2888
3005
2787
1070
497
1062
3421
2617
1351
4180
3903
4408
786
1488
898
115
3013
2821
2541
2890
4203
1392
44
3106
1586
1665
11
1328
138
4199
801
3316
4157
3487
1061
3717
2856
3298
1561
289
3855
1630
2858
1434
2886
4195
2870
3053
3077
592
407
2321
703
4379
882
1266
3457
118
4073
306
4041
4289
2966
2891
988
3567
114
173
2548
4008
1154
546
3472
2152
2158
1566
1066
1565
3702
2556
606
1287
2497
4125
346
1574
3937
3302
3347
1040
3209
3721
922
1208
3894
3314
2814
2603
711
2304
1198
3808
2555
1028
2806
3002
4395
3267
216
3909
491
2839
783
1321
886
3975
1064
1538
285
4201
625
2637
2741
873
2743
4318
1543
4068
931
1483
521
74
510
2997
3857
3222
3466
3144
2501
3398
4096
3952
1426
2614
4390
2320
1232
2872
62
1395
1173
1460
3869
3266
990
4450
1056
3383
3275
4034
1511
1724
1755
26
1
3906
161
1696
3736
1539
278
4130
722
3863
3405
1102
2263
3541
3204
517
2580
3819
3652
3606
3784
2934
213
3574
328
2569
1072
3166
3803
3388
3374
4337
2583
638
2599
4444
1545
3372
2676
419
2534
3309
3912
541
4144
1358
874
1610
2734
3775
3719
4448
3412
2243
3027
3729
3810
2515
3521
3949
332
3449
3997
530
2172
3210
3203
382
3335
1143
2035
4182
666
3783
3084
2169
1813
2189
733
3858
1903
3263
1006
1149
3990
4189
705
2455
2479
4319
245
1445
519
2726
2879
1475
150
4294
3591
3242
2039
4210
3753
3000
47
3319
4445
1245
1743
375
4399
2955
1268
770
854
992
1588
4114
3575
2591
1429
651
3955
1207
2476
4090
2207
1524
4433
4332
2813
637
3018
3985
495
1069
804
2716
1638
3925
850
2325
768
2953
2742
1082
4387
2297
2738
1020
513
403
2685
1512
3452
2358
1452
1044
4500
1607
3377
2366
4246
1432
3329
3902
3381
2245
3730
1762
3320
4389
3297
3138
108
34
315
866
1334
3703
3029
3519
1482
2310
3429
2405
3759
1658
3545
3616
4217
2587
660
1614
4358
3046
2937
3351
3916
4039
2731
929
3308
862
688
1639
2970
1364
2323
4507
72
4117
28
3125
4407
338
3769
3566
846
4170
1258
4151
505
4129
112
400
2200
1220
473
3907
3935
414
18
3706
3090
3123
728
3370
1525
2809
2889
2242
2773
512
2574
3843
2506
4036
1781
3103
2994
644
3742
1542
913
3608
1285
1764
1961
3498
1031
2697
2805
745
1585
3605
1356
2021
1007
4145
3414
1645
1476
1727
2672
3499
630
211
857
2352
717
1579
12
815
4234
3115
4374
3471
3223
4360
1197
363
558
2803
2665
1054
752
648
2744
524
1660
921
3945
2804
3137
2611
3023
3363
4419
3624
2296
1117
578
1129
3
2220
327
4153
342
164
340
4476
4343
329
371
4484
1359
701
856
876
4388
2438
97
2381
903
3483
3891
1075
4183
333
1026
2690
3064
3713
369
1710
1280
1619
4297
2447
336
3247
3896
2673
3748
73
1931
4237
2332
707
3986
4190
2943
2442
3791
4364
2794
3782
3295
3207
1419
4369
1226
1299
78
3564
175
431
2639
2710
3716
2822
1106
4365
4495
727
3580
965
2247
1250
4240
3069
2689
529
3395
3188
478
3749
2584
3118
148
1465
3806
845
3157
2775
1555
3957
853
2490
4120
677
3323
700
2414
1239
3859
1547
2860
2815
3733
3303
125
162
2162
2592
3657
777
270
1447
3604
1377
2923
3579
3112
3358
3554
3627
190
3897
963
3145
2262
2387
1726
957
4149
4362
3379
499
609
1787
2754
1738
4020
1735
3853
1777
300
4328
4264
4158
670
3661
3681
4197
4198
4033
2830
3339
3428
740
3878
3336
485
3236
4496
2493
128
4204
663
559
1450
3264
4172
3153
1046
2487
35
1086
2668
181
258
1593
3227
806
907
159
3378
2761
4004
4023
2641
3047
189
3667
891
254
3798
2551
980
2847
4284
4115
4327
1568
247
3656
2369
2883
4431
1183
3396
324
326
374
1263
475
3601
2560
504
1085
9
2650
2647
844
1303
351
3654
1030
2458
1096
1642
488
919
1763
197
1544
2385
4430
735
275
878
318
796
416
2266
42
385
2926
3766
3663
1773
628
4296
556
1663
3442
888
3488
1827
659
1477
3020
3431
4106
836
3228
4391
642
3587
3056
982
1011
3012
311
426
143
3028
3764
1613
2477
1621
3701
3965
3224
2451
10
3720
3839
2959
135
4247
3871
3649
3533
3551
81
144
2524
2559
4426
2939
2346
2925
409
4262
1191
1295
1796
981
1436
163
645
4281
469
2950
4192
734
489
1932
4082
3454
580
3422
1089
2170
2707
1109
2906
429
1600
4331
751
466
2454
343
2474
4304
3578
1584
476
1629
4441
582
4491
1632
187
1093
2703
3792
3365
1171
2766
377
1001
84
3273
3823
4278
1526
4088
29
1015
1706
3155
4494
1160
2459
3940
2733
2688
2606
3976
1313
3670
2887
4381
4072
4028
571
780
283
2236
514
3197
4123
3747
3512
771
3856
1772
3460
3055
739
2917
2932
4487
3038
1442
4052
3015
1502
4209
3369
4040
220
3413
2268
422
2486
2466
1490
1306
2550
4482
1970
4252
3122
1368
1412
2527
3774
1111
1302
1825
1210
3998
4265
217
1041
7
1068
1628
4233
111
1369
480
2351
3437
3208
4257
3886
205
2575
616
3492
2618
795
1587
4177
2760
2300
679
2800
2483
3771
1238
2248
3743
4300
3669
3200
2979
3158
1398
562
3252
2396
1811
1214
463
25
2952
779
3021
820
3884
1204
2985
3235
361
1327
3676
1880
843
251
3482
4268
2687
901
1974
2736
4488
1318
1463
4458
4481
1376
3059
520
307
4193
689
2228
991
3243
2838
3707
2546
933
1060
2027
1120
1247
1444
1427
4122
615
1076
3687
3165
2788
975
814
4397
708
3756
3419
3754
4042
243
764
384
1693
465
3543
691
2850
3964
281
3286
4283
1591
1921
548
273
746
1312
1018
1339
3497
916
444
540
2394
2781
1309
4272
53
2175
2877
179
472
386
2823
3565
4091
1795
1712
4263
742
3126
784
4103
204
3800
2267
3609
1350
4100
774
3032
4510
3768
3469
1739
3872
2678
1615
1496
24
636
3151
4017
3899
4083
434
2739
685
1744
1558
4446
1415
3930
1057
3229
1590
223
3600
3569
4013
2456
4312
4376
3974
345
1817
4143
1424
1113
160
3546
1714
425
4400
4310
1470
2880
775
2853
3911
2186
90
4238
1386
253
4453
4168
3830
4315
3821
4333
4437
939
2900
3893
2619
3148
2656
2836
142
2751
860
2706
2956
2349
3411
1480
69
1438
1153
1380
4428
2187
1373
1045
698
4370
83
2896
1549
1408
4410
498
1441
2231
391
4413
4292
2938
1541
1317
383
3467
2833
271
1950
3528
3526
743
765
169
936
3078
3423
900
3967
2935
3070
533
378
3772
2704
4037
4097
435
2723
762
4202
4418
997
3458
3176
2863
4001
908
3262
2940
4216
99
1161
2629
2771
1097
3882
994
665
219
451
792
156
174
3261
4367
3300
697
4385
3045
536
3786
3984
3617
2433
3917
1012
2818
4196
506
2237
4366
3645
4222
261
2586
631
1077
1333
2835
2573
304
1357
4416
379
4249
3332
3265
305
406
1493
4118
4135
575
2309
2679
967
3241
3402
4464
2244
4051
1277
1360
507
228
2593
4251
977
986
2598
1374
3326
1361
1837
3833
778
3474
3671
1222
1626
1193
4141
3274
2995
1686
2198
3732
3710
960
3568
464
883
1340
3418
579
413
2644
2577
3218
3765
699
2899
1750
1453
3491
4472
912
3715
2945
2345
1372
617
1137
1459
4164
4485
4349
3650
893
978
1389
4229
949
1017
1467
4161
3502
372
3549
2859
3360
3666
692
348
2383
2897
3024
2837
2416
3597
4317
690
3503
941
3570
1537
552
242
1301
4287
3890
4104
246
1196
284
3080
309
3973
3509
3182
4432
367
3726
3092
3376
100
1504
925
3885
4079
4045
2969
3936
1745
3225
1451
1182
496
1237
3718
2542
973
1631
4307
2740
232
809
1181
4018
716
1131
3131
3389
805
1572
2732
500
2588
170
2907
3651
501
263
2928
3354
668
4227
396
2533
694
3838
3310
2627
2437
1059
3504
392
3611
3881
167
1624
1190
3982
4124
622
4184
4220
1023
2881
3822
4498
1814
3562
3950
104
2543
2874
4309
2625
798
1449
2415
1325
3932
4424
3201
1647
109
1409
240
4102
1976
1293
312
2353
2764
2315
3781
4015
4009
3926
339
2523
4356
1157
3133
88
186
2547
3641
3258
1719
1073
1383
2361
188
1337
1391
2636
2536
3563
2427
2333
4048
3510
1253
2986
593
3462
2446
518
149
3773
1578
605
3515
3934
303
3060
905
274
3475
3394
1349
830
2171
3121
675
539
3516
3778
3006
678
935
1024
1655
3387
3845
3489
909
2948
781
2855
3453
1894
4059
1688
4224
737
904
4007
390
224
3832
3198
2147
3892
387
3040
3500
2808
310
1397
1148
2165
2376
3758
1123
1474
212
2628
3664
1305
3034
619
1401
1461
3824
633
3847
1975
331
983
547
3304
3865
3722
1094
1107
3629
3842
255
4084
2017
4186
4293
4401
753
787
3403
322
294
3744
2377
3434
2757
601
3880
736
1416
1184
1314
2382
1134
1225
1778
1378
962
1029
3561
3739
1331
2009
1370
2567
3523
565
658
4330
3870
3221
3143
3507
4225
27
1517
2737
2449
3691
4345
269
3397
455
1816
3255
3861
3484
1433
237
4214
1248
2977
3445
4148
191
3333
1533
3518
652
3259
458
2696
4081
2711
350
858
3992
3987
1926
1241
427
2378
3344
1703
1175
1685
3278
3989
3433
3610
2185
763
1551
1067
3279
2978
260
1622
3636
1100
2335
3647
553
2177
588
773
321
3978
4339
954
3317
833
2607
3186
646
3189
226
1794
3257
443
1283
1065
3571
2882
910
4131
647
650
249
3076
4112
4026
3805
6
1308
655
976
3559
626
3401
486
1597
1979
2901
380
3349
899
3943
282
4038
15
2554
1576
656
3256
2431
4126
3470
4329
2797
1514
259
3993
1711
4454
1139
3875
3082
3866
3477
67
3688
3556
1866
2562
3841
3879
3603
3230
3922
1487
1271
2779
1575
3246
4156
608
76
818
1144
2417
892
1229
2911
116
3796
947
3232
3536
3244
4242
2595
146
4326
808
3586
3473
669
2648
1122
1479
3001
3479
3139
2572
314
3039
3216
1230
3117
1265
4200
1276
3835
2234
2380
5
405
2166
1025
2471
2326
1084
4101
2507
1963
2660
3818
2640
4305
726
2359
4311
3851
3532
1341
4423
103
1140
3699
2205
758
2745
1418
2875
863
2557
404
4497
3385
1489
3342
3813
166
1656
402
3294
4346
3787
2728
1348
3794
3406
171
2902
3086
799
4014
2802
3490
2215
1079
3211
1275
3643
2030
3640
2520
3087
2566
4478
2931
208
680
3755
2942
3513
2390
65
1599
3245
2144
3585
1521
1694
3109
2664
3698
3260
3292
920
313
4443
535
2214
3639
3613
3399
483
1499
1116
3633
231
4098
2308
822
4279
4483
3659
841
996
3167
1839
2884
1606
1563
3135
1213
924
2983
2581
354
3315
4179
277
3514
3779
4372
2912
3524
1472
3481
2318
38
4063
2988
3003
4469
1269
252
2224
2719
634
1112
4167
1288
1929
2307
4080
932
2367
1016
673
418
50
14
1177
2623
77
880
2398
4348
1244
1363
2918
415
4269
3366
3325
1128
1156
3844
738
3386
2582
2312
3016
1118
1311
1235
36
3750
1428
1246
91
2841
4442
1612
934
1649
766
2792
1166
2564
1523
527
1937
238
2392
1580
3476
4187
2753
2150
1224
3941
428
185
4116
3527
3969
1114
58
4350
1281
816
362
235
4427
2461
2526
972
3678
1611
209
4291
225
2258
4396
2173
3375
2034
2776
3057
152
3785
2552
2904
1620
621
3359
3889
958
353
2852
3355
4128
523
4003
1353
3820
4273
1381
3966
1589
3712
3159
4136
153
3804
1805
3164
1038
4466
3958
2944
265
1530
140
398
3269
767
1078
879
3947
3438
632
1090
4421
1570
3357
3170
395
1168
3700
4468
4275
3942
2980
1037
3390
1167
889
370
3152
851
3996
966
4382
926
2709
3337
1324
928
1425
3612
1654
98
2769
2960
96
3625
4392
4119
3913
2499
712
885
2693
2522
3763
266
2630
3530
2440
93
2713
1273
1978
4062
4087
3581
2347
2512
376
2539
2597
564
4226
2722
1052
2516
1126
4357
31
2608
1637
887
4024
586
2453
3693
2444
4185
2666
1636
2677
789
2910
823
4089
4140
1048
3665
2373
3910
1219
861
3183
750
4244
3584
2391
3478
840
3156
4258
2568
3322
554
3178
797
952
3334
837
4071
3995
494
4002
635
3249
1435
1375
4058
2521
1257
1355
4344
3327
2288
4169
3124
3173
2811
1516
3206
3807
3181
3776
2708
467
2013
2684
198
2362
4132
1503
1969
4288
1272
2721
3979
3874
2924
890
3655
3988
1005
1136
1657
4032
2436
3035
2646
3163
3111
3837
2188
4105
1216
2441
3171
308
4436
2283
760
2831
3799
2715
2284
1748
2778
3281
1708
215
865
3220
2967
776
567
2388
2167
241
4452
1365
2183
1548
1413
2429
4147
4134
791
3901
2235
3919
943
411
3425
1194
3436
3983
1420
120
4074
461
2143
594
2674
2653
2817
1151
1560
4067
782
2922
3192
3338
3346
3959
3552
359
1203
3815
4303
3276
3456
124
4191
3686
3439
1581
4306
2285
1014
2153
334
3215
2895
824
1150
330
2212
2374
2445
3727
16
3626
3287
1927
3588
492
1494
993
3825
364
1286
3130
3593
2632
2998
293
1296
4377
3812
178
1342
1832
2982
2510
63
48
1878
607
4489
2657
2154
295
1596
894
1598
1604
3380
1456
915
4160
811
2765
1519
3544
3829
449
2790
831
649
3393
201
1529
1172
4451
221
3392
4373
3343
4248
881
184
1552
1618
4425
4415
1603
2364
969
872
3960
4479
222
597
41
930
3237
3868
2701
4459
3409
2194
360
855
456
1008
871
1254
3160
2475
106
1294
3177
3031
3904
129
1582
1662
790
1779
3724
297
4456
234
1651
13
4298
741
793
195
2145
490
4406
3361
4383
355
1362
2439
94
757
3508
744
1527
66
1774
3146
1723
4221
3435
2893
17
2758
825
4108
614
684
951
2825
3407
1002
3599
1407
2652
2452
3017
1036
1231
1178
2197
3234
3044
4285
95
724
827
4163
3061
4378
1573
1233
2729
1505
945
1399
1103
2783
3972
4308
3939
1050
137
3888
706
1592
1423
1335
4509
1652
207
2404
2820
4188
3694
1507
3212
2631
3195
264
681
839
2700
2372
4504
2964
4025
4461
1071
2151
1138
2638
3213
4171
4019
4368
2989
87
2987
3240
2532
2301
2954
4295
2973
3282
3129
4075
2480
145
2796
2418
2146
2663
4375
1367
1540
3780
3831
256
4290
4027
3908
2651
410
4053
2946
4211
2683
2861
544
1291
785
2643
543
1366
2624
131
2327
272
3432
4162
2272
938
3134
3631
3547
1021
1035
2535
59
1170
4121
2196
2420
1393
3382
664
3788
4321
2669
3505
4060
1176
2504
1890
937
55
3680
4449
487
2322
4470
985
3632
4138
4092
401
4404
68
3331
1867
2549
2752
3560
4280
2812
819
3168
423
3529
3735
4492
192
4043
92
1051
4215
3968
168
1316
618
2914
3826
4055
1145
1049
4
3050
3777
2199
3116
4239
1202
704
2348
3711
417
4031
389
1110
3043
1095
1644
1797
3330
3185
3540
3052
3239
3867
1406
1388
4471
2579
165
1345
2958
4270
183
3816
2478
20
56
2844
3318
772
1492
3534
2849
2826
3461
2342
1486
4228
3067
3312
1310
3463
4323
3696
1255
1278
1315
1843
4155
1554
4230
1330
450
1765
3931
835
2659
442
1385
859
1557
1550
445
1562
549
1520
629
1019
3268
4324
950
4086
3202
317
3251
2195
657
974
250
1809
424
1192
3746
803
3672
4411
1471
3790
1623
511
3063
1506
847
4243
1127
502
3184
2410
1891
1522
448
39
3921
2755
2951
4016
102
2724
3226
101
280
1930
884
3770
583
3025
525
3817
1947
2330
420
1259
4440
3154
1227
1402
412
3075
3097
4070
33
2746
2662
4110
534
2828
1344
3199
4152
2561
4490
2001
1956
4417
268
4463
3305
3132
3797
3008
3037
3193
4409
2397
438
2356
3081
3621
574
731
2658
1431
1032
1033
3809
2720
3051
3495
2604
19
4314
2612
21
3026
133
2993
1209
4173
4213
2363
2810
3648
2975
421
2491
4505
695
1448
1510
218
653
3187
3284
2337
4380
3956
1458
4429
4282
563
2371
1500
849
2961
1583
2324
2148
474
834
3296
1729
1633
4414
1384
1022
3277
3459
3757
3827
1354
86
545
2370
2571
3553
1346
4066
4277
3918
3480
4253
1577
719
1083
2941
381
2450
1730
1821
3451
555
3140
2635
2246
1824
3873
2409
1430
590
3404
1379
3448
2430
2202
2767
1997
624
1481
927
1601
2824
1042
946
4047
4353
1559
732
3971
942
2331
2920
2448
2827
1484
193
3620
2919
4493
948
2334
3662
4050
693
147
821
2182
2005
203
2801
2968
180
151
437
1501
3876
3217
1784
828
956
2482
4245
2576
4154
999
2957
2496
3793
1300
4501
869
3953
2876
89
1074
446
3675
3083
3709
1608
4000
3642
3708
3741
2467
4159
2217
3728
2667
2531
3271
1319
4010
2984
4301
3501
493
1320
3085
341
3538
2494
1935
1158
3465
4340
2176
2365
2484
2613
0
3341
817
1142
1104
3288
3074
357
3073
522
4475
3595
3150
1422
2298
3283
923
4206
4460
3590
4398
3238
4486
842
3095
953
298
3596
1491
1092
3494
210
3905
8
4005
551
2894
4403
1121
3895
3373
2748
718
4274
3248
3635
1473
3108
2645
1264
172
4235
2570
875
3928
4150
229
509
4351
4402
1323
1164
3836
3094
3280
214
3307
2774
199
4386
154
75
4422
682
388
1394
715
2885
3946
2756
1468
987
3180
54
4455
4322
2276
344
587
2727
643
3340
3447
2898
2763
3427
944
1973
3400
4133
3174
158
4338
3364
1200
1039
2878
1186
1904
1648
754
316
4341
290
3102
2341
1528
3127
641
576
286
373
2389
2432
1165
4111
3101
119
1338
1761
3977
319
2238
683
1469
603
848
769
2225
3030
1034
2791
1439
1290
1242
2686
2972
2851
1212
3048
3658
291
662
4384
2845
3098
1279
3291
2996
457
1417
227
1571
3175
1515
1152
1187
1440
368
3089
2250
2798
4175
2990
2933
468
1132
3054
2947
3583
432
139
3668
1859
3683
1396
503
454
1536
105
959
2747
3963
233
2936
1047
3962
4271
4109
4302
4259
970
2655
244
568
22
2680
1602
4435
3981
3573
3522
365
940
2164
117
4474
2289
725
1053
984
3618
674
3321
1556
1812
3450
4266
2718
4342
2949
526
2793
1553
3455
2695
4022
3619
2232
2832
4107
1179
3915
2233
696
2694
3850
3877
3352
1105
3468
3009
1818
441
3801
1531
961
82
1567
3441
3577
1063
713
896
1081
356
1174
3929
1274
4085
914
2589
248
1080
599
2336
3900
1617
3999
671
3324
2602
613
3980
4439
2465
3231
127
4021
581
